100 289 5

0 183 222 242 130 169 208 247 117 156 214 103 162 221 110 188 227 136 195 103 142 201 110 169 208 116 175 234 123 182 240 129 188 247 136 194 233 142 201 110 168 227 136 175 233 122 181 240 129 188 246 135 194 103 161 220 109 168 227 116 174 233 142 181 240 148 187 246 135 194 102 161 200 109 168 207 115 174 213 122 161 219 128 187 226 135 193 232 141 200 239 147 206 245 154 213 121 180 219 128 
183 0 182 221 240 149 207 246 155 214 122 181 220 129 188 227 163 202 111 150 208 117 156 215 123 162 221 130 189 247 136 195 104 143 201 110 149 208 117 156 214 123 162 241 129 188 247 136 195 103 142 221 130 169 227 116 175 234 142 181 240 149 188 247 155 194 103 162 220 129 168 227 136 175 233 142 181 240 148 187 246 155 194 122 181 220 129 168 227 135 174 233 142 200 239 148 207 246 155 194 
222 182 0 239 128 187 226 134 193 232 141 200 108 147 206 115 154 212 101 160 219 108 167 245 134 193 102 140 199 108 147 225 114 173 232 141 180 238 127 206 245 153 212 121 160 219 127 166 225 114 173 231 140 179 238 147 205 114 153 212 121 159 218 127 186 244 133 192 101 140 199 107 166 225 133 172 231 120 179 107 146 205 114 153 211 120 159 218 107 166 224 133 172 231 139 198 107 146 205 113 
242 221 239 0 218 126 185 224 133 191 230 159 198 107 165 204 113 172 211 119 178 237 126 185 224 132 191 230 139 197 236 145 204 113 152 210 249 158 217 106 165 223 132 171 230 138 177 236 125 184 243 151 210 119 158 216 125 164 223 132 190 249 138 197 236 125 183 112 151 210 118 157 216 105 164 223 112 170 229 138 177 235 144 203 242 151 209 118 157 216 124 101 121 160 199 238 146 205 244 173 
130 240 128 218 0 185 244 153 212 101 159 218 107 166 225 114 172 231 120 179 237 126 185 114 153 211 100 159 218 107 165 244 133 192 100 139 198 237 146 224 113 172 231 120 178 237 126 205 244 152 211 100 159 217 106 165 224 113 172 230 119 178 237 145 204 243 152 211 100 158 217 126 184 243 132 191 230 139 197 106 165 224 113 171 230 119 178 236 145 204 113 152 210 119 158 217 106 164 223 112 
169 149 187 126 185 0 184 242 151 190 249 158 216 125 164 223 132 190 229 158 197 236 144 203 242 151 190 118 177 216 125 183 222 131 190 249 157 196 105 164 222 111 170 209 118 177 216 124 183 222 131 209 248 157 196 105 163 202 111 190 229 137 196 235 144 202 241 170 209 118 176 215 124 183 222 150 189 248 157 215 104 163 202 111 170 208 117 176 235 124 182 241 150 189 248 156 215 104 163 221 
208 207 226 185 244 184 0 221 110 169 228 117 176 234 123 202 241 150 208 247 156 215 104 182 241 130 189 228 164 203 242 151 209 118 157 216 124 163 222 131 190 248 137 196 105 144 202 111 170 229 118 176 235 124 183 111 150 209 248 157 215 104 163 242 131 189 248 137 196 235 143 202 111 150 209 117 156 215 124 182 241 130 189 248 137 195 104 163 222 111 169 228 117 176 234 143 202 241 150 208 
247 246 134 224 153 242 221 0 247 156 195 104 162 201 110 149 208 117 175 234 143 182 241 149 188 247 156 214 123 182 221 130 188 227 136 195 103 162 201 110 169 208 116 175 234 142 181 240 149 188 247 155 214 123 162 221 129 168 227 136 194 233 142 181 240 149 188 116 175 214 122 181 220 129 168 246 155 194 103 161 200 109 168 227 135 174 233 142 181 240 148 207 116 155 213 122 161 220 129 187 
117 155 193 133 212 151 110 247 0 115 174 213 122 180 239 148 207 246 154 193 102 161 220 128 187 226 135 193 232 141 200 109 167 226 115 174 213 121 180 219 128 187 226 134 193 102 141 199 108 167 226 115 173 232 121 200 239 147 206 245 154 212 101 180 219 128 186 225 134 193 232 160 219 108 167 206 245 153 212 121 179 218 127 186 225 134 192 231 140 199 238 147 205 244 153 212 120 179 238 127 
156 214 232 191 101 190 169 156 115 0 146 205 114 153 212 120 159 218 127 186 244 153 192 101 140 198 107 146 205 114 172 211 120 179 218 126 185 244 153 192 100 159 198 127 165 224 133 172 231 139 178 107 146 205 113 152 211 120 159 237 146 185 244 133 191 100 139 198 106 165 204 113 172 211 119 178 237 146 184 243 152 191 100 158 217 126 165 224 132 171 230 158 197 106 145 204 113 171 210 139 
214 122 141 230 159 249 228 195 174 146 0 165 203 112 171 230 119 177 236 125 184 243 132 210 249 158 216 105 164 223 112 171 210 118 157 216 125 164 222 131 190 249 138 196 105 144 203 131 170 229 138 177 235 124 183 242 131 190 248 157 196 105 163 222 111 170 229 137 176 235 144 202 111 150 209 118 157 215 124 183 241 130 189 248 137 196 104 163 222 131 170 228 117 176 235 143 182 241 150 189 
103 181 200 159 218 158 117 104 213 205 165 0 163 202 110 169 208 117 176 234 143 182 241 150 208 247 156 215 123 162 221 130 189 228 136 195 104 143 201 110 149 188 227 136 195 103 142 201 110 149 207 116 175 234 123 181 240 129 188 247 136 194 103 142 201 109 148 227 136 175 233 122 181 240 129 207 116 155 214 122 161 220 109 168 226 115 174 233 142 181 239 148 207 116 155 213 122 161 220 128 
162 220 108 198 107 216 176 162 122 114 203 163 0 141 200 109 148 206 115 154 213 122 180 219 128 187 226 135 174 232 141 200 108 167 206 115 174 213 121 180 239 147 186 245 154 193 102 160 219 128 167 225 134 193 232 141 199 108 147 206 115 173 212 141 180 238 147 186 245 154 193 101 160 199 108 166 205 114 173 232 140 179 238 147 205 244 153 212 121 179 218 127 186 225 134 192 101 160 199 107 
221 129 147 107 166 125 234 201 180 153 112 202 141 0 159 218 107 166 224 133 192 231 140 198 237 146 205 114 172 231 120 179 218 126 185 244 153 211 100 159 218 107 165 224 133 192 231 139 198 237 146 204 243 152 211 100 159 217 106 185 224 133 191 230 139 198 106 165 224 113 172 211 119 178 237 145 204 243 152 211 100 158 217 126 184 223 132 191 210 119 178 236 145 204 243 152 191 249 158 217 
110 188 206 165 225 164 123 110 239 212 171 110 200 159 0 127 166 186 244 153 192 101 159 218 127 166 225 133 172 231 140 198 107 146 205 114 153 211 120 179 237 126 185 244 133 192 100 159 218 127 166 224 113 172 231 139 198 107 146 205 113 152 211 120 178 237 146 185 244 133 191 100 159 217 126 165 224 133 172 230 119 178 237 146 185 243 152 211 119 158 217 126 165 224 132 191 100 158 197 106 
188 227 115 204 114 223 202 149 148 120 230 169 109 218 127 0 126 165 223 152 191 230 138 197 236 145 204 243 151 210 249 158 216 105 164 223 112 171 229 118 177 236 125 203 242 131 190 249 138 196 105 164 223 112 170 229 138 177 235 144 203 242 151 209 118 157 216 124 183 222 131 190 248 137 196 105 163 222 111 170 229 118 176 105 144 203 242 150 209 248 157 235 124 183 242 131 189 228 137 215 
227 163 154 113 172 132 241 208 207 159 119 208 148 107 166 126 0 124 163 222 130 169 228 137 195 104 143 202 111 169 208 117 176 234 123 182 241 150 189 117 156 215 104 162 221 130 169 247 136 195 104 143 182 221 130 169 227 136 195 234 142 201 240 149 208 247 155 214 103 162 220 129 188 247 136 194 233 142 201 109 168 227 116 175 233 122 181 240 149 207 246 155 214 103 161 220 129 188 227 135 
136 202 212 172 231 190 150 117 246 218 177 117 206 166 186 165 124 0 122 181 220 129 187 246 135 194 102 161 220 109 168 226 115 174 233 122 180 239 128 187 246 135 193 102 161 219 128 167 226 115 174 232 141 200 109 148 206 115 154 213 121 180 239 128 187 245 134 213 102 160 219 108 167 226 115 193 232 141 199 238 147 206 245 154 212 121 160 219 108 167 225 114 173 232 121 179 238 147 186 245 
195 111 101 211 120 229 208 175 154 127 236 176 115 224 244 223 163 122 0 140 179 238 147 205 114 153 212 120 159 218 127 186 244 133 192 101 140 198 107 166 225 133 172 231 120 179 237 146 205 114 172 211 120 159 218 127 185 244 153 192 100 159 198 107 146 205 113 152 211 120 178 237 146 185 244 152 191 100 159 217 126 165 224 133 172 230 139 198 107 165 204 113 152 211 119 178 237 146 185 243 
103 150 160 119 179 158 247 234 193 186 125 234 154 133 153 152 222 181 140 0 158 217 106 165 223 112 171 131 190 229 137 196 105 144 203 111 170 209 118 176 235 124 183 242 150 189 248 157 215 104 163 222 131 189 228 137 196 235 144 222 111 170 228 117 176 215 124 202 241 150 209 248 156 215 104 183 222 130 189 228 137 195 234 163 202 111 169 208 117 176 235 143 182 241 150 189 247 156 215 124 
142 208 219 178 237 197 156 143 102 244 184 143 213 192 192 191 130 220 179 158 0 247 156 215 123 182 221 130 188 227 136 195 234 143 201 240 149 208 247 175 214 123 182 221 129 188 227 155 194 103 162 201 110 168 207 136 175 234 123 181 220 129 188 246 155 214 103 162 220 109 168 227 135 194 233 142 201 240 148 207 116 174 213 122 181 220 129 207 246 155 194 103 161 200 109 187 226 135 194 233 
201 117 108 237 126 236 215 182 161 153 243 182 122 231 101 230 169 129 238 217 247 0 135 194 233 141 200 109 167 226 115 174 233 122 180 239 148 206 245 154 213 102 161 219 128 187 226 135 193 232 141 200 108 167 206 115 174 232 121 200 239 147 186 245 134 173 232 141 199 108 147 206 114 153 212 121 180 238 127 186 245 134 193 101 160 219 108 166 225 114 173 232 140 199 238 147 205 244 153 232 
110 156 167 126 185 144 104 241 220 192 132 241 180 140 159 138 228 187 147 106 156 135 0 173 231 120 179 238 127 185 244 153 212 120 159 218 107 166 224 133 192 101 140 198 107 146 205 114 172 231 120 179 237 146 185 244 153 211 100 159 218 126 165 224 133 192 231 139 198 107 146 224 113 172 211 120 178 237 126 205 113 152 211 100 159 217 106 185 244 133 191 100 139 198 237 165 224 113 172 230 
169 215 245 185 114 203 182 149 128 101 210 150 219 198 218 197 137 246 205 165 215 194 173 0 230 139 178 236 145 204 113 152 210 119 158 237 126 184 243 132 191 249 138 217 106 165 223 112 171 230 119 197 106 145 204 243 151 210 249 177 236 125 184 243 132 190 229 158 217 106 164 223 112 171 229 138 197 236 145 203 112 151 210 118 177 216 125 184 242 131 190 249 157 196 105 164 223 112 170 229 
208 123 134 224 153 242 241 188 187 140 249 208 128 237 127 236 195 135 114 223 123 233 231 230 0 118 176 235 124 183 242 150 209 248 157 216 105 163 222 219 239 147 206 245 154 213 102 180 219 128 186 225 134 193 232 160 199 108 167 206 114 173 232 141 199 238 147 186 245 154 212 121 180 219 127 186 225 134 193 101 160 219 108 166 225 114 173 232 140 199 238 147 206 245 153 212 121 179 218 127 
116 162 193 132 211 151 130 247 226 198 158 247 187 146 166 145 104 194 153 112 182 141 120 139 118 0 225 133 192 101 140 198 237 146 205 114 172 231 120 179 237 126 185 244 133 192 100 139 198 107 146 204 113 152 211 120 159 217 126 165 224 133 171 230 139 178 237 145 184 243 152 191 100 158 197 126 165 223 132 191 230 139 197 106 145 204 112 171 210 119 178 236 145 184 243 152 190 249 158 217 
175 221 102 191 100 190 189 156 135 107 216 156 226 205 225 204 143 102 212 171 221 200 179 178 176 225 0 223 132 190 229 138 197 236 144 203 242 151 210 118 177 216 125 183 222 131 190 249 157 196 105 164 222 111 170 229 138 177 235 144 203 242 151 209 118 177 216 124 183 222 131 190 248 157 216 105 144 183 241 130 189 248 137 196 104 143 202 111 150 208 117 156 215 124 163 241 130 189 247 156 
234 130 140 230 159 118 228 214 193 146 105 215 135 114 133 243 202 161 120 131 130 109 238 236 235 133 223 0 221 130 169 227 136 195 234 143 201 110 149 208 117 175 214 143 182 240 129 188 247 156 195 123 162 221 129 168 227 136 175 234 142 181 240 149 188 246 155 214 123 162 220 129 188 227 136 194 103 162 201 109 168 207 116 175 233 142 181 240 148 187 246 175 214 122 161 220 129 168 227 155 
123 189 199 139 218 177 164 123 232 205 164 123 174 172 172 151 111 220 159 190 188 167 127 145 124 192 132 221 0 239 128 207 246 154 213 102 161 219 108 187 226 135 193 232 141 200 239 167 226 115 174 213 121 180 239 147 206 245 154 213 102 160 219 128 187 226 134 193 232 141 199 108 167 206 115 173 232 121 180 238 147 206 245 154 212 101 160 219 108 166 205 114 173 232 121 199 238 147 206 245 
182 247 108 197 107 216 203 182 141 114 223 162 232 231 231 210 169 109 218 229 227 226 185 204 183 101 190 130 239 0 107 166 225 114 172 231 120 179 237 126 185 244 133 192 100 139 198 107 165 204 113 185 224 133 192 231 140 198 237 166 205 114 172 211 120 179 218 146 185 244 153 192 100 159 218 126 165 224 133 192 231 139 198 107 166 204 113 172 211 120 178 237 146 205 244 152 191 100 159 217 
240 136 147 236 165 125 242 221 200 172 112 221 141 120 140 249 208 168 127 137 136 115 244 113 242 140 229 169 128 107 0 139 197 236 145 204 243 152 210 119 178 217 125 184 223 132 191 249 158 217 106 165 223 112 171 110 216 124 159 146 245 161 240 215 104 143 202 131 209 216 145 223 172 100 159 107 114 193 232 180 219 187 115 154 110 248 157 243 171 100 127 205 114 193 232 140 183 131 190 248 
129 195 225 145 244 183 151 130 109 211 171 130 200 179 198 158 117 226 186 196 195 174 153 152 150 198 138 227 207 166 139 0 100 179 147 225 134 232 101 200 128 131 190 217 105 125 203 151 230 119 217 114 192 231 140 199 107 186 134 232 121 239 148 187 246 135 213 142 200 109 227 155 214 103 241 205 113 129 227 175 103 111 118 240 144 223 151 230 198 126 114 161 239 187 136 103 202 130 189 157 
188 104 114 204 133 222 209 188 167 120 210 189 108 218 107 216 176 115 244 105 234 233 212 210 209 237 197 136 246 225 197 100 0 109 168 227 136 175 233 142 201 109 148 207 116 155 214 142 181 240 129 188 246 135 194 122 161 220 129 168 227 116 174 103 142 200 109 148 207 116 155 233 122 181 239 128 187 246 135 213 102 161 220 109 168 226 135 194 233 141 200 109 148 207 115 174 233 122 180 239 
247 143 173 113 192 131 118 227 226 179 118 228 167 126 146 105 234 174 133 144 143 122 120 119 248 146 236 195 154 114 236 179 109 0 116 194 103 142 200 239 148 207 246 174 233 122 181 239 128 187 226 155 213 102 161 220 109 168 226 135 194 233 141 200 239 148 207 115 174 213 122 180 219 128 187 246 154 193 102 197 106 145 204 112 171 230 119 178 236 125 184 243 151 210 249 158 217 106 164 243 
136 201 232 152 100 190 157 136 115 218 157 136 206 185 205 164 123 233 192 203 201 180 159 158 157 205 144 234 213 172 145 147 168 116 0 229 249 157 216 125 183 222 131 190 249 138 196 105 164 222 111 170 229 118 177 235 144 203 242 150 209 248 157 131 139 146 153 161 168 176 183 210 217 225 232 239 117 124 131 158 166 173 181 188 195 203 210 237 245 102 129 136 144 151 159 186 193 200 208 215 
194 110 141 210 139 249 216 195 174 126 216 195 115 244 114 223 182 122 101 111 240 239 218 237 216 114 203 143 102 231 204 225 227 194 229 0 176 203 211 218 225 233 240 117 125 132 139 147 174 181 189 216 223 231 238 245 103 110 117 145 152 159 186 174 201 208 216 243 100 108 135 142 150 157 164 172 179 186 194 201 209 236 243 100 108 115 123 130 137 145 152 179 187 214 221 228 236 243 101 128 
233 149 180 249 198 157 124 103 213 185 125 104 174 153 153 112 241 180 140 170 149 148 107 126 105 172 242 201 161 120 243 134 136 103 249 176 0 246 123 131 158 145 172 180 187 195 202 229 236 244 101 109 116 123 150 158 165 173 180 187 195 202 209 237 244 101 109 136 143 151 158 185 192 200 207 214 222 229 237 114 121 148 136 163 170 178 185 212 220 227 234 242 249 106 134 161 148 175 183 190 
142 208 238 158 237 196 163 162 121 244 164 143 213 211 211 171 150 239 198 209 208 206 166 184 163 231 151 110 219 179 152 232 175 142 157 203 246 0 166 173 181 208 195 242 230 107 114 122 129 137 144 171 178 186 193 201 208 235 242 120 127 134 142 149 156 164 171 198 206 213 220 247 105 112 120 147 154 161 169 176 184 191 198 206 233 220 248 105 112 120 127 154 162 169 176 184 191 218 226 233 
201 117 127 217 146 105 222 201 180 153 222 201 121 100 120 229 189 128 107 118 247 245 224 243 222 120 210 149 108 237 210 101 233 200 216 211 123 166 0 236 243 101 108 115 123 130 137 165 172 179 187 194 221 229 236 113 120 128 135 143 150 157 165 192 199 207 234 221 248 106 113 140 148 155 162 170 177 185 192 219 226 234 111 118 126 133 140 167 175 182 190 197 204 212 219 246 104 111 138 145 
110 156 206 106 224 164 131 110 219 192 131 110 180 159 179 118 117 187 166 176 175 154 133 132 219 179 118 208 187 126 119 200 142 239 125 218 131 173 236 0 136 163 170 198 205 212 220 227 234 242 249 126 134 141 148 176 183 190 198 205 212 220 227 235 112 249 126 134 141 149 156 163 171 178 185 146 153 161 168 175 183 190 197 225 232 239 247 124 131 139 146 173 180 188 195 203 210 217 225 102 
168 214 245 165 113 222 190 169 128 100 190 149 239 218 237 177 156 246 225 235 214 213 192 191 239 237 177 117 226 185 178 128 201 148 183 225 158 181 243 136 0 119 127 134 161 169 176 203 211 218 225 233 240 247 105 132 139 147 154 181 188 196 203 230 238 245 102 110 117 125 132 159 166 194 181 208 216 223 230 108 115 142 149 157 164 172 179 186 194 201 228 216 243 100 108 115 122 130 137 145 
227 123 153 223 172 111 248 208 187 159 249 188 147 107 126 236 215 135 133 124 123 102 101 249 147 126 216 175 135 244 217 131 109 207 222 233 145 208 101 163 119 0 189 216 224 231 239 246 103 130 118 165 153 180 187 194 202 209 216 244 101 108 116 123 130 158 165 172 180 187 194 202 209 217 244 101 128 116 143 150 158 165 172 200 207 214 222 229 236 244 121 128 155 143 170 178 185 192 200 227 
136 162 212 132 231 170 137 116 226 198 138 227 186 165 185 125 104 193 172 183 182 161 140 138 206 185 125 214 193 133 125 190 148 246 131 240 172 195 108 170 127 189 0 109 117 124 131 158 166 173 181 188 215 203 230 237 114 122 129 136 144 151 158 186 193 200 208 215 242 100 107 134 141 149 156 164 171 178 186 213 220 228 105 112 119 127 134 161 169 176 183 191 198 206 213 240 228 105 112 120 
175 241 121 171 120 209 196 175 134 127 196 136 245 224 244 203 162 102 231 242 221 219 198 217 245 244 183 143 232 192 184 217 207 174 190 117 180 242 115 198 134 216 109 0 179 186 194 201 209 216 243 100 108 115 123 130 137 145 152 179 187 194 201 228 236 243 100 128 135 142 150 157 164 172 179 206 214 241 228 106 113 120 128 155 162 170 177 184 192 199 206 234 241 118 125 133 140 148 155 182 
233 129 160 230 178 118 105 234 193 165 105 195 154 133 133 242 221 161 120 150 129 128 107 106 154 133 222 182 141 100 223 105 116 233 249 125 187 230 123 205 161 224 117 179 0 229 237 114 121 128 156 143 170 178 185 212 219 227 234 242 249 106 114 141 148 156 183 190 197 205 212 220 227 234 242 119 106 134 141 148 156 163 170 178 185 193 220 181 188 195 203 210 217 225 102 109 117 144 151 159 
122 188 219 138 237 177 144 142 102 224 144 103 193 192 192 131 130 219 179 189 188 187 146 165 213 192 131 240 200 139 132 125 155 122 138 132 195 107 130 212 169 231 124 186 229 0 103 110 117 125 132 139 147 154 181 189 196 203 211 238 245 103 110 117 125 132 140 167 174 201 208 216 223 231 238 115 122 130 137 145 152 179 167 214 201 228 236 243 100 108 115 142 169 177 184 192 199 206 214 221 
181 247 127 177 126 216 202 181 141 133 203 142 102 231 100 190 169 128 237 248 227 226 205 223 102 100 190 129 239 198 191 203 214 181 196 139 202 114 137 220 176 239 131 194 237 103 0 172 180 187 195 202 209 217 224 101 109 116 123 150 158 165 173 200 207 214 222 229 236 244 101 128 136 143 150 178 185 192 200 207 214 222 229 237 114 101 128 136 163 170 178 185 192 200 207 234 242 249 106 114 
240 136 166 236 205 124 111 240 199 172 131 201 160 139 159 249 247 167 146 157 155 135 114 112 180 139 249 188 167 107 249 151 142 239 105 147 229 122 165 227 203 246 158 201 114 110 172 0 223 230 237 114 122 129 137 144 151 159 166 193 201 208 235 242 100 107 115 142 149 156 164 171 178 186 193 220 228 235 112 120 127 134 142 169 176 184 191 198 206 233 220 248 105 132 139 147 154 162 169 196 
129 195 225 125 244 183 170 149 108 231 170 110 219 198 218 138 136 226 205 215 194 193 172 171 219 198 157 247 226 165 158 230 181 128 164 174 236 129 172 234 211 103 166 209 121 117 180 223 0 142 170 177 184 192 199 206 214 221 229 236 113 120 128 135 143 150 157 165 172 179 187 214 221 248 236 113 120 128 135 162 170 177 184 192 199 207 214 111 248 126 133 140 148 155 162 190 197 204 212 219 
188 103 114 184 152 222 229 188 167 139 229 149 128 237 127 196 195 115 114 104 103 232 231 230 128 107 196 156 115 204 217 119 240 187 222 181 244 137 179 242 218 130 173 216 128 125 187 230 142 0 193 220 227 234 242 249 107 114 121 148 156 183 190 198 205 212 220 247 104 112 119 126 134 161 149 176 203 210 217 225 232 240 247 104 112 119 126 154 161 168 176 183 190 198 205 213 240 227 104 133 
246 142 173 243 211 131 118 247 226 178 138 207 167 146 166 105 104 174 172 163 162 141 120 119 186 146 105 195 174 113 106 217 129 226 111 189 101 144 187 249 225 118 181 243 156 132 195 237 170 193 0 133 141 148 155 182 190 197 205 212 219 246 104 111 119 126 133 141 148 155 163 190 197 205 232 239 247 104 111 138 146 153 161 168 175 183 210 217 244 232 109 116 124 131 138 166 173 180 188 195 
135 221 231 151 100 209 176 155 115 107 177 116 225 204 224 164 143 232 211 222 201 200 179 197 225 204 164 123 213 185 165 114 188 155 170 216 109 171 194 126 233 165 188 100 143 139 202 114 177 220 133 0 203 210 218 225 233 240 247 124 132 139 147 154 181 188 196 203 230 238 245 102 110 117 125 152 159 166 174 201 208 216 223 100 107 115 122 130 137 144 152 179 167 194 201 208 216 223 230 108 
194 130 140 210 159 248 235 214 173 146 235 175 134 243 113 223 182 141 120 131 110 108 237 106 134 113 222 162 121 224 223 192 246 213 229 223 116 178 221 134 240 153 215 108 170 147 209 122 184 227 141 203 0 103 111 138 145 152 160 167 175 182 189 216 224 231 239 116 123 130 138 165 172 180 187 194 202 209 217 244 101 108 136 143 150 158 165 192 199 207 214 222 229 236 113 121 128 136 163 170 
103 169 179 119 217 157 124 123 232 205 124 234 193 152 172 112 221 200 159 189 168 167 146 145 193 152 111 221 180 133 112 231 135 102 118 231 123 186 229 141 247 180 203 115 178 154 217 129 192 234 148 210 103 0 173 200 208 215 222 249 107 114 122 129 136 144 151 178 186 193 200 208 215 222 230 237 245 102 129 117 144 151 159 186 193 200 208 215 223 230 237 114 122 129 156 164 171 178 186 213 
161 227 238 158 106 196 183 162 121 113 183 123 232 211 231 170 130 109 218 228 207 206 185 204 232 211 170 129 239 192 171 140 194 161 177 238 150 193 236 148 105 187 230 123 185 181 224 137 199 242 155 218 111 173 0 243 100 108 115 122 130 137 145 172 179 186 214 221 228 236 243 120 128 135 142 150 157 164 192 199 226 214 241 248 106 113 120 147 155 162 170 177 184 192 219 226 233 241 248 106 
220 116 147 216 165 105 111 221 200 152 242 181 141 100 139 229 169 148 127 137 136 115 244 243 160 120 229 168 147 231 110 199 122 220 235 245 158 201 113 176 132 194 237 130 212 189 101 144 206 249 182 225 138 200 243 0 152 159 167 194 201 209 236 223 100 108 115 142 150 157 164 172 179 187 194 221 228 236 243 101 108 115 123 150 157 165 172 199 187 214 221 248 106 113 120 128 135 143 150 177 
109 175 205 125 224 163 150 129 239 211 131 240 199 159 198 138 227 206 185 196 175 174 153 151 199 159 138 227 206 140 216 107 161 109 144 103 165 208 120 183 139 202 114 137 219 196 109 151 214 107 190 233 145 208 100 152 0 202 210 217 224 232 109 136 143 151 158 165 173 180 187 215 222 229 237 244 121 129 136 163 170 178 185 193 200 207 215 242 249 107 134 121 148 156 163 190 198 205 212 220 
168 234 114 164 113 202 209 168 147 120 190 129 108 217 107 177 136 115 244 235 234 232 211 210 108 217 177 136 245 198 124 186 220 168 203 110 173 235 128 190 147 209 122 145 227 203 116 159 221 114 197 240 152 215 108 159 202 0 122 129 137 144 152 159 166 193 201 208 215 223 230 238 245 102 110 137 144 171 179 186 193 201 208 235 243 100 107 115 122 130 157 184 171 199 206 213 221 228 235 113 
227 142 153 223 172 111 248 227 206 159 248 188 147 106 146 235 195 154 153 144 123 121 100 249 167 126 235 175 154 237 159 134 129 226 242 117 180 242 135 198 154 216 129 152 234 211 123 166 229 121 205 247 160 222 115 167 210 122 0 172 180 187 194 221 229 106 113 121 128 135 143 170 177 185 192 199 207 234 221 249 106 113 121 128 135 143 150 158 185 192 199 207 214 222 229 106 113 121 128 136 
116 181 212 132 230 190 157 136 245 237 157 247 206 185 205 144 234 213 192 222 181 200 159 177 206 165 144 234 213 166 146 232 168 135 150 145 187 120 143 205 181 244 136 179 242 238 150 193 236 148 212 124 167 249 122 194 217 129 172 0 222 249 107 114 122 129 136 163 171 178 186 193 200 227 235 112 119 127 134 141 149 156 163 191 198 205 213 220 247 105 112 139 146 154 161 169 176 183 191 218 
174 240 121 190 119 229 215 194 154 146 196 136 115 224 113 203 142 121 100 111 220 239 218 236 114 224 203 142 102 205 245 121 227 194 209 152 195 127 150 212 188 101 144 187 249 245 158 201 113 156 219 132 175 107 130 201 224 137 180 222 0 108 135 162 169 177 184 191 199 206 214 241 248 105 113 120 147 155 162 189 197 204 211 219 226 233 241 248 125 133 140 147 155 162 170 197 204 211 219 226 
233 149 159 249 178 137 104 233 212 185 105 194 173 133 152 242 201 180 159 170 129 147 126 125 173 133 242 181 160 114 161 239 116 233 248 159 202 134 157 220 196 108 151 194 106 103 165 208 120 183 246 139 182 114 137 209 232 144 187 249 108 0 158 185 192 200 207 234 242 249 106 114 121 129 136 163 170 197 205 212 220 227 234 111 119 126 134 141 148 156 183 210 217 225 232 239 247 104 112 139 
142 188 218 138 237 196 163 142 101 244 163 103 212 191 211 151 240 239 198 228 188 186 165 184 232 171 151 240 219 172 240 148 174 141 157 186 209 142 165 227 203 116 158 201 114 110 173 235 128 190 104 147 189 122 145 236 109 152 194 107 135 158 0 248 105 112 120 127 154 162 169 176 184 191 198 206 213 221 248 105 112 120 127 135 142 149 157 184 191 198 206 233 240 248 105 132 140 147 154 162 
181 247 127 197 145 235 242 181 180 133 222 142 141 230 120 209 149 128 107 117 246 245 224 243 141 230 209 149 128 211 215 187 103 200 131 174 237 149 192 235 230 123 186 228 141 117 200 242 135 198 111 154 216 129 172 223 136 159 221 114 162 185 248 0 148 155 162 190 197 204 212 219 226 234 241 118 126 133 160 167 175 182 190 217 224 231 239 246 104 111 118 145 153 160 168 175 182 190 197 204 
240 155 186 236 204 144 131 240 219 191 111 201 180 139 178 118 208 187 146 176 155 134 133 132 199 139 118 188 187 120 104 246 142 239 139 201 244 156 199 112 238 130 193 236 148 125 207 100 143 205 119 181 224 136 179 100 143 166 229 122 169 192 105 148 0 218 225 232 240 247 104 112 119 146 134 161 168 176 183 210 218 225 232 240 247 105 112 139 146 173 181 188 196 203 210 237 245 102 110 117 
148 194 244 125 243 202 189 149 128 100 170 109 238 198 237 157 247 245 205 215 214 173 192 190 238 178 177 246 226 179 143 135 200 148 146 208 101 164 207 249 245 158 200 243 156 132 214 107 150 212 126 188 231 144 186 108 151 193 106 129 177 200 112 155 218 0 131 138 165 172 180 187 195 202 209 236 244 101 109 116 143 150 158 185 192 200 207 214 222 229 237 114 121 128 156 143 170 178 185 192 
187 103 133 183 152 241 248 188 186 139 229 148 147 106 146 216 155 134 113 124 103 232 231 229 147 237 216 155 134 218 202 213 109 207 153 216 109 171 234 126 102 165 208 100 183 140 222 115 157 220 133 196 239 151 214 115 158 201 113 136 184 207 120 162 225 131 0 181 188 195 203 230 237 245 102 109 117 124 132 159 166 193 201 208 215 223 230 107 115 122 129 137 144 151 179 186 213 220 228 235 
246 162 192 112 211 170 137 116 225 198 137 227 186 165 185 124 214 213 152 202 162 141 139 158 186 145 124 214 193 146 131 142 148 115 161 243 136 198 221 134 110 172 215 128 190 167 229 142 165 247 141 203 116 178 221 142 165 208 121 163 191 234 127 190 232 138 181 0 101 128 135 142 150 157 184 192 199 206 214 221 229 236 243 101 128 135 143 150 157 165 172 179 187 214 202 229 236 243 101 128 
135 220 101 151 100 209 196 175 134 106 176 136 245 224 244 183 103 102 211 241 220 199 198 217 245 184 183 123 232 185 209 200 207 174 168 100 143 206 248 141 117 180 242 135 197 174 236 149 172 104 148 230 123 186 228 150 173 215 128 171 199 242 154 197 240 165 188 101 0 151 158 185 193 200 207 215 222 229 237 114 121 129 156 163 171 178 185 212 220 227 235 242 249 107 114 141 149 176 183 190 
194 129 140 210 158 118 235 214 193 165 235 175 154 113 133 222 162 160 120 150 109 108 107 106 154 243 222 162 141 244 216 109 116 213 176 108 151 213 106 149 125 187 100 142 205 201 244 156 179 112 155 238 130 193 236 157 180 223 135 178 206 249 162 204 247 172 195 128 151 0 221 228 235 243 100 127 135 142 149 157 164 191 199 206 213 221 228 235 243 100 108 135 142 169 177 184 191 199 206 233 
102 168 199 118 217 176 143 122 232 204 144 233 193 172 191 131 220 219 178 209 168 147 146 164 212 152 131 220 199 153 145 227 155 122 183 135 158 220 113 156 132 194 107 150 212 208 101 164 187 119 163 245 138 200 243 164 187 230 143 186 214 106 169 212 104 180 203 135 158 221 0 209 216 223 231 238 245 103 110 137 145 152 159 187 194 201 209 236 243 101 108 115 123 130 137 165 172 179 206 214 
161 227 107 157 126 215 202 181 160 113 202 122 101 211 100 190 129 108 237 248 227 206 224 223 121 191 190 129 108 192 223 155 233 180 210 142 185 247 140 163 159 202 134 157 220 216 128 171 214 126 190 102 165 208 120 172 215 238 170 193 241 114 176 219 112 187 230 142 185 228 209 0 109 116 123 131 138 146 153 160 168 195 182 210 237 244 101 109 116 124 131 158 165 173 180 207 195 222 229 107 
200 136 166 216 184 124 111 220 219 172 111 181 160 119 159 248 188 167 146 156 135 114 113 112 180 100 248 188 167 100 172 214 122 219 217 150 192 105 148 171 166 209 141 164 227 223 136 178 221 134 197 110 172 215 128 179 222 245 177 200 248 121 184 226 119 195 237 150 193 235 216 109 0 179 186 193 201 208 215 243 100 107 115 122 149 157 164 171 179 206 213 221 228 235 243 100 107 115 122 130 
109 175 225 105 243 183 150 129 108 211 150 240 199 178 217 137 247 226 185 215 194 153 172 171 219 158 157 227 206 159 100 103 181 128 225 157 200 112 155 178 194 217 149 172 234 231 143 186 248 161 205 117 180 222 135 187 229 102 185 227 105 129 191 234 146 202 245 157 200 243 223 116 179 0 209 236 243 101 108 116 123 130 157 165 172 180 207 214 221 229 236 113 121 128 135 143 150 158 185 192 
168 233 133 164 132 222 209 168 167 119 209 129 108 237 126 196 136 115 244 104 233 212 211 229 127 197 216 136 115 218 159 241 239 187 232 164 207 120 162 185 181 244 156 179 242 238 150 193 236 149 232 125 187 230 142 194 237 110 192 235 113 136 198 241 134 209 102 184 207 100 231 123 186 209 0 129 136 144 151 178 185 193 220 208 235 242 249 127 134 141 149 156 163 171 178 186 213 220 227 235 
207 142 172 223 191 150 117 246 206 178 118 207 166 145 165 105 194 193 152 183 142 121 120 138 186 126 105 194 173 126 107 205 128 246 239 172 214 147 170 146 208 101 164 206 119 115 178 220 113 176 239 152 194 237 150 221 244 137 199 112 120 163 206 118 161 236 109 192 215 127 238 131 193 236 129 0 188 195 202 210 217 225 232 109 116 144 151 158 166 173 180 208 215 222 230 237 244 102 129 136 
115 181 231 112 230 189 156 155 245 237 157 116 205 204 224 163 233 232 191 222 201 180 178 197 225 165 144 103 232 165 114 113 187 154 117 179 222 154 177 153 216 128 171 214 106 122 185 228 120 203 247 159 202 245 157 228 121 144 207 119 147 170 213 126 168 244 117 199 222 135 245 138 201 243 136 188 0 108 135 142 149 157 164 172 179 186 194 201 228 216 243 100 108 115 122 150 157 164 172 179 
174 240 120 170 139 248 215 194 153 146 215 155 114 243 133 222 142 141 100 130 240 238 237 236 134 223 183 162 121 224 193 129 246 193 124 186 229 161 185 161 223 116 178 241 134 130 192 235 128 210 104 166 209 102 164 236 129 171 234 127 155 197 221 133 176 101 124 206 229 142 103 146 208 101 144 195 108 0 197 205 212 219 227 104 111 119 126 133 141 148 175 182 190 197 224 232 239 246 104 131 
213 148 179 229 197 157 124 103 212 184 124 214 173 152 172 111 201 199 159 189 148 127 126 145 193 132 241 201 180 133 232 227 135 102 131 194 237 169 192 168 230 143 186 228 141 137 200 112 135 217 111 174 217 129 192 243 136 179 221 134 162 205 248 160 183 109 132 214 237 149 110 153 215 108 151 202 135 197 0 247 105 112 139 147 154 161 169 196 203 211 218 225 233 110 247 124 132 159 166 174 
122 187 107 138 106 215 182 161 121 243 183 122 232 211 230 170 109 238 217 228 207 186 205 203 101 191 130 109 238 192 180 175 213 197 158 201 114 176 219 175 108 150 213 106 148 145 207 120 162 225 138 201 244 117 199 101 163 186 249 141 189 212 105 167 210 116 159 221 114 157 137 160 243 116 178 210 142 205 247 0 147 175 182 209 216 224 231 239 246 103 111 138 145 172 160 187 194 202 209 236 
161 246 146 177 165 104 241 200 179 152 241 161 140 100 119 229 168 147 126 137 116 245 113 112 160 230 189 168 147 231 219 103 102 106 166 209 121 184 226 183 115 158 220 113 156 152 214 127 170 232 146 208 101 144 226 108 170 193 106 149 197 220 112 175 218 143 166 229 121 164 145 168 100 123 185 217 149 212 105 147 0 115 123 130 138 145 172 179 207 214 221 229 236 243 101 128 135 143 150 157 
219 155 205 235 224 163 130 109 218 191 130 220 179 158 178 118 227 206 165 195 174 134 152 151 219 139 248 207 206 139 187 111 161 145 173 236 148 191 234 190 142 165 228 120 163 179 222 134 177 240 153 216 108 151 214 115 178 201 113 156 204 227 120 182 225 150 193 236 129 191 152 195 107 130 193 225 157 219 112 175 115 0 205 212 220 227 235 242 249 107 114 141 129 156 163 171 178 185 193 200 
128 194 114 144 113 202 189 168 127 100 189 109 238 217 237 176 116 245 224 234 213 193 211 210 108 197 137 116 245 198 115 118 220 204 181 243 136 198 111 197 149 172 105 128 170 167 229 142 184 247 161 223 136 159 241 123 185 208 121 163 211 234 127 190 232 158 201 243 156 199 159 182 115 157 220 232 164 227 139 182 123 205 0 235 243 100 108 135 142 169 177 184 191 199 206 233 241 248 105 113 
187 122 153 203 171 111 248 227 186 158 248 168 147 126 146 105 175 154 133 163 122 101 100 118 166 106 196 175 154 107 154 240 109 112 188 100 163 206 118 225 157 200 112 155 178 214 237 169 192 104 168 100 143 186 248 150 193 235 128 191 219 111 135 217 240 185 208 101 163 206 187 210 122 165 208 109 172 104 147 209 130 212 235 0 155 163 170 177 185 192 200 227 234 241 249 106 114 121 128 155 
226 181 211 242 230 170 137 135 225 217 137 226 205 184 185 144 233 212 172 202 181 160 159 177 225 145 104 233 212 166 110 144 168 171 195 108 170 233 126 232 164 207 119 162 185 201 114 176 199 112 175 107 150 193 106 157 200 243 135 198 226 119 142 224 247 192 215 128 171 213 194 237 149 172 235 116 179 111 154 216 138 220 243 155 0 205 193 220 228 105 112 119 127 134 142 169 176 183 191 198 
135 220 120 151 119 208 195 174 134 126 196 115 244 223 243 203 122 121 230 111 220 219 217 216 114 204 143 142 101 204 248 223 226 230 203 115 178 220 133 239 172 214 127 170 193 228 101 184 207 119 183 115 158 200 113 165 207 100 143 205 233 126 149 231 105 200 223 135 178 221 201 244 157 180 242 144 186 119 161 224 145 227 100 163 205 0 236 244 101 109 136 143 170 178 185 192 200 207 214 242 
193 129 159 209 178 117 104 233 192 165 104 174 153 132 152 242 181 160 139 169 129 108 106 125 173 112 202 181 160 113 157 151 135 119 210 123 185 248 140 247 179 222 134 177 220 236 128 191 214 126 210 122 165 208 120 172 215 107 150 213 241 134 157 239 112 207 230 143 185 228 209 101 164 207 249 151 194 126 169 231 172 235 108 170 193 236 0 176 203 211 218 225 233 240 247 105 112 120 147 154 
232 168 218 118 236 176 163 142 231 224 163 233 212 191 211 150 240 219 198 208 207 166 185 184 232 171 111 240 219 172 243 230 194 178 237 130 212 105 167 124 186 229 161 184 181 243 136 198 111 154 217 130 192 215 147 199 242 115 158 220 248 141 184 246 139 214 107 150 212 235 236 109 171 214 127 158 201 133 196 239 179 242 135 177 220 244 176 0 206 214 221 248 106 133 120 148 155 162 170 197 
141 227 107 157 145 235 222 181 140 132 222 142 121 210 119 209 149 108 107 117 246 225 244 242 140 210 150 148 108 211 171 198 233 236 245 137 220 112 175 131 194 236 169 192 188 100 163 206 248 161 244 137 199 223 155 187 249 122 185 247 125 148 191 104 146 222 115 157 220 243 243 116 179 221 134 166 228 141 203 246 207 249 142 185 228 101 203 206 0 126 134 141 148 156 183 190 217 205 232 240 
200 135 166 216 204 124 111 240 199 171 131 181 179 119 158 248 207 167 165 176 155 114 133 131 199 119 208 187 166 120 100 126 141 125 102 145 227 120 182 139 201 244 176 199 195 108 170 233 126 168 232 144 207 230 162 214 107 130 192 105 133 156 198 111 173 229 122 165 227 100 101 124 206 229 141 173 216 148 211 103 214 107 169 192 105 109 211 214 126 0 157 184 211 218 226 233 240 248 105 132 
239 174 224 124 113 182 169 148 238 230 170 239 218 178 217 157 246 225 204 235 194 173 191 190 238 178 117 246 205 178 127 114 200 184 129 152 234 127 190 146 228 121 183 206 203 115 178 220 133 176 109 152 214 237 170 221 134 157 199 112 140 183 206 118 181 237 129 172 235 108 108 131 213 236 149 180 243 175 218 111 221 114 177 200 112 136 218 221 134 157 0 227 234 241 249 121 108 136 143 150 
147 233 133 101 152 241 228 207 147 158 228 148 127 236 126 235 155 114 113 143 103 232 100 249 147 236 156 175 114 237 205 161 109 243 136 179 242 154 197 173 216 128 191 234 210 142 185 248 140 183 116 179 222 114 177 248 121 184 207 139 147 210 233 145 188 114 137 179 242 135 115 158 221 113 156 208 100 182 225 138 229 141 184 227 119 143 225 248 141 184 227 0 161 169 176 183 191 198 205 232 
206 142 172 121 210 150 117 116 205 197 117 207 186 145 165 124 214 173 152 182 161 140 139 157 206 145 215 214 173 146 114 239 148 151 144 187 249 162 204 180 243 155 198 241 217 169 192 105 148 190 124 167 229 122 184 106 148 171 214 146 155 217 240 153 196 121 144 187 249 142 123 165 228 121 163 215 108 190 233 145 236 129 191 234 127 170 233 106 148 211 234 161 0 231 238 115 123 130 138 145 
245 200 231 160 119 189 176 155 244 106 176 116 225 204 224 183 103 232 211 241 200 199 198 196 245 184 124 122 232 205 193 187 207 210 151 214 106 169 212 188 100 143 206 118 225 177 200 132 155 198 131 194 236 129 192 113 156 199 222 154 162 225 248 160 203 128 151 214 107 169 130 173 235 128 171 222 115 197 110 172 243 156 199 241 134 178 240 133 156 218 241 169 231 0 171 178 205 212 220 227 
154 239 139 199 158 248 234 213 153 145 235 155 134 243 132 242 161 121 119 150 109 238 237 105 153 243 163 161 121 244 232 136 115 249 159 221 134 176 219 195 108 170 213 125 102 184 207 139 162 205 138 201 113 156 219 120 163 206 229 161 170 232 105 168 210 156 179 202 114 177 137 180 243 135 178 230 122 224 247 160 101 163 206 249 142 185 247 120 183 226 249 176 238 171 0 110 118 125 152 140 
213 148 198 238 217 156 143 122 212 204 143 213 192 152 191 131 220 179 178 189 187 147 165 164 212 152 241 220 199 152 140 103 174 158 186 228 161 184 246 203 115 178 240 133 109 192 234 147 190 213 166 208 121 164 226 128 190 213 106 169 197 239 132 175 237 143 186 229 141 184 165 207 100 143 186 237 150 232 124 187 128 171 233 106 169 192 105 148 190 233 121 183 115 178 110 0 180 187 195 222 
121 207 107 146 106 215 202 161 120 113 182 122 101 191 100 189 129 238 237 247 226 205 224 223 121 190 130 129 238 191 183 202 233 217 193 236 148 191 104 210 122 185 228 140 117 199 242 154 197 240 173 216 128 171 233 135 198 221 113 176 204 247 140 182 245 170 213 236 149 191 172 195 107 150 213 244 157 239 132 194 135 178 241 114 176 200 112 155 217 240 108 191 123 205 118 180 0 128 135 142 
180 246 146 205 164 104 241 220 179 171 241 161 160 249 158 228 188 147 146 156 135 244 113 112 179 249 189 168 147 100 131 130 122 106 200 243 175 218 111 217 130 192 105 148 144 206 249 162 204 227 180 223 136 178 241 143 205 228 121 183 211 104 147 190 102 178 220 243 176 199 179 222 115 158 220 102 164 246 159 202 143 185 248 121 183 207 120 162 205 248 136 198 130 212 125 187 128 0 217 244 
219 155 205 244 223 163 150 129 238 210 150 220 199 158 197 137 227 186 185 215 194 153 172 170 218 158 247 227 206 159 190 189 180 164 208 101 183 226 138 225 137 200 112 155 151 214 106 169 212 104 188 230 163 186 248 150 212 235 128 191 219 112 154 197 110 185 228 101 183 206 206 229 122 185 227 129 172 104 166 209 150 193 105 128 191 214 147 170 232 105 143 205 138 220 152 195 135 217 0 176 
128 194 113 173 112 221 208 187 127 139 189 128 107 217 106 215 135 245 243 124 233 232 230 229 127 217 156 155 245 217 248 157 239 243 215 128 190 233 145 102 145 227 120 182 159 221 114 196 219 133 195 108 170 213 106 177 220 113 136 218 226 139 162 204 117 192 235 128 190 233 214 107 130 192 235 136 179 131 174 236 157 200 113 155 198 242 154 197 240 132 150 232 145 227 140 222 142 244 176 0 

0 237 146 236 128 211 104 166 209 102 144 187 230 123 166 228 121 164 207 249 142 185 228 140 183 226 119 161 204 247 140 183 245 138 181 224 116 159 202 245 157 200 243 136 178 221 114 177 219 112 155 198 241 133 176 239 112 174 217 110 153 196 238 131 194 236 129 172 215 108 150 193 106 149 191 234 127 170 213 105 168 211 103 146 189 232 125 187 230 123 166 208 101 144 187 230 122 185 228 120 
237 0 182 201 153 112 242 174 107 189 141 223 155 238 190 122 204 136 238 171 103 185 117 219 152 234 166 118 200 133 215 147 249 181 114 196 148 230 162 245 177 109 211 143 226 158 110 192 124 207 139 241 173 149 231 164 116 198 130 212 164 247 179 111 193 145 228 160 242 174 126 209 141 223 155 107 190 122 204 156 238 171 103 185 117 219 152 234 166 118 201 133 215 147 249 182 114 196 148 230 
146 182 0 243 176 108 190 142 224 157 239 171 123 205 138 220 172 104 186 119 201 153 235 168 100 202 134 216 149 231 183 115 197 130 232 164 246 178 111 213 145 227 159 111 194 126 208 140 242 175 107 189 141 223 156 238 170 102 204 137 219 151 103 185 118 200 132 234 166 249 181 133 215 147 230 162 114 196 129 211 163 245 177 110 192 144 226 158 241 193 125 207 139 241 174 106 188 120 222 155 
236 201 243 0 191 123 205 138 240 172 104 186 249 201 133 215 148 100 182 114 196 148 231 163 245 177 129 212 144 226 178 241 193 125 207 139 241 174 106 188 140 222 155 237 169 121 203 136 218 170 102 185 117 199 151 233 166 248 200 132 214 147 229 181 113 195 128 230 162 244 176 109 211 143 225 157 109 192 124 206 138 240 173 105 187 139 221 154 236 168 100 183 135 217 149 231 183 116 198 130 
128 153 176 191 0 249 201 133 215 147 249 182 114 196 128 230 163 245 177 129 211 144 226 178 241 193 125 207 139 241 174 106 188 120 222 155 237 169 121 203 136 218 170 102 184 117 199 151 233 165 248 200 132 214 146 229 181 113 195 127 229 162 244 176 108 210 143 225 157 109 191 124 206 138 240 172 105 187 139 221 154 236 168 120 202 135 217 169 101 183 116 198 130 232 164 247 179 131 213 145 
211 112 108 123 249 0 196 148 230 163 245 197 129 211 144 226 178 110 192 125 227 159 241 173 125 208 140 222 154 106 189 121 203 155 218 170 102 184 116 218 151 233 165 117 199 132 214 146 248 180 113 195 147 229 162 244 176 128 210 143 225 177 109 191 124 206 158 240 172 105 207 139 221 153 236 188 120 202 134 236 169 101 183 115 217 150 232 164 116 198 131 213 145 247 179 112 194 146 228 160 
104 242 190 205 201 196 0 143 245 178 110 192 144 226 159 241 173 105 207 140 222 154 106 188 121 203 135 218 170 102 184 116 218 151 233 165 247 199 132 214 146 248 180 113 195 127 229 161 244 176 128 210 142 225 177 109 191 123 206 158 240 172 104 206 139 174 126 208 141 223 155 237 189 122 204 136 238 170 103 185 117 219 152 234 166 118 200 133 215 147 249 181 114 196 148 230 162 245 177 129 
166 174 142 138 133 148 143 0 214 146 228 161 113 175 127 209 142 224 176 108 190 123 225 157 239 171 104 206 138 220 152 104 187 119 201 133 235 168 100 182 134 216 149 231 163 115 197 130 212 164 246 178 111 193 145 227 160 242 194 126 208 141 223 175 107 189 122 224 156 238 170 103 205 137 219 151 103 186 118 200 132 215 167 249 181 113 215 148 230 162 244 196 129 211 143 245 177 110 192 124 
209 107 224 240 215 230 245 214 0 161 243 176 108 210 122 224 157 239 171 123 205 138 220 172 234 167 249 181 133 216 148 230 182 114 197 129 211 163 245 178 110 212 144 226 159 111 173 125 207 140 222 174 106 188 121 203 155 237 169 102 204 136 218 150 102 185 117 199 131 233 166 248 180 132 214 147 229 161 113 195 128 210 162 244 177 109 191 143 225 158 240 192 124 206 139 221 173 105 187 120 
102 189 157 172 147 163 178 146 161 0 109 191 143 225 157 240 172 124 206 138 221 173 105 187 119 202 154 236 168 100 202 135 217 149 231 183 116 198 130 232 164 247 179 111 193 145 228 160 242 194 126 209 141 223 175 107 190 122 224 156 238 171 103 205 137 220 152 104 186 118 201 133 235 167 249 182 134 216 148 230 163 115 197 129 211 163 246 178 110 212 144 227 159 241 193 125 208 140 242 174 
144 141 239 104 249 245 110 228 243 109 0 206 138 240 172 105 187 119 221 153 236 168 120 202 134 217 149 101 183 115 198 150 232 164 246 179 131 213 145 228 180 112 194 126 209 141 243 175 107 190 142 224 156 238 171 123 205 137 219 171 104 186 118 200 152 235 167 249 201 133 216 148 230 182 114 197 129 231 163 245 178 110 212 144 226 159 111 193 125 207 159 242 174 106 189 141 223 155 237 189 
187 223 171 186 182 197 192 161 176 191 206 0 153 236 188 120 202 134 217 169 101 183 115 217 150 232 164 246 179 131 213 145 227 179 112 194 126 208 160 243 175 107 209 141 224 156 238 170 122 205 137 219 171 103 186 118 200 152 234 167 249 201 133 215 148 230 182 114 197 129 231 163 245 178 110 212 144 113 195 147 229 161 244 176 128 210 142 225 177 109 191 123 206 158 240 172 104 206 139 221 
230 155 123 249 114 129 144 113 108 143 138 153 0 137 219 151 103 186 118 200 132 234 167 249 181 133 215 148 230 162 114 196 129 211 163 245 177 110 192 144 226 158 241 193 125 207 140 222 174 106 188 121 223 155 237 169 102 204 136 218 150 102 185 117 199 131 214 166 248 180 112 214 147 229 161 243 195 128 210 142 244 176 109 191 123 225 157 240 172 124 206 138 221 153 105 187 119 202 154 236 
123 238 205 201 196 211 226 175 210 225 240 236 137 0 234 166 249 201 133 215 148 230 182 114 196 129 231 163 245 177 110 212 144 226 158 110 173 105 187 120 202 154 236 168 101 203 135 217 149 232 184 116 198 130 232 165 247 179 131 213 146 228 160 112 194 127 209 161 243 175 108 190 142 224 157 239 191 123 205 138 220 172 104 186 119 221 153 235 167 100 202 134 216 148 100 183 115 197 129 212 
166 190 138 133 128 144 159 127 122 157 172 188 219 234 0 162 244 176 109 211 143 225 157 240 192 124 206 138 240 173 105 187 119 202 154 236 168 100 202 135 217 149 231 183 116 198 130 232 165 247 179 111 213 146 228 160 112 194 127 209 161 243 175 108 190 142 224 156 239 191 123 205 137 220 172 104 186 118 220 153 235 167 249 201 134 216 148 100 182 115 197 129 231 163 246 178 130 212 144 227 
228 122 220 215 230 226 241 209 224 240 105 120 151 166 162 0 109 191 124 206 158 240 173 105 187 139 221 154 236 188 120 202 135 217 149 101 183 116 198 150 232 164 247 179 131 213 145 228 180 112 194 126 209 161 243 195 127 209 142 244 176 108 190 123 225 157 239 171 104 206 138 220 152 235 187 119 201 134 235 168 100 182 115 217 149 231 163 115 198 130 212 144 246 179 111 193 145 227 160 242 
121 204 172 148 163 178 173 142 157 172 187 202 103 249 244 109 0 207 139 221 153 105 188 120 202 134 236 169 101 183 115 217 150 232 164 246 179 131 213 145 227 160 112 194 126 208 141 223 175 107 190 122 224 156 238 171 103 205 137 219 152 104 186 118 200 144 226 158 110 192 125 207 139 241 173 106 188 140 222 154 237 169 101 203 135 218 150 102 184 188 140 222 155 237 189 121 203 136 218 170 
164 136 104 100 245 110 105 224 239 124 119 134 186 201 176 191 207 0 197 149 231 164 246 178 130 212 145 227 179 111 193 126 208 160 242 174 107 209 141 223 155 238 170 122 204 136 219 171 103 185 117 200 152 234 166 249 201 133 215 147 230 182 114 196 128 230 163 245 177 109 211 144 226 158 110 192 125 207 139 241 173 106 188 140 222 154 237 189 121 203 135 218 170 102 184 116 218 151 233 165 
207 238 186 182 177 192 207 176 171 206 221 217 118 133 109 124 139 197 0 144 246 179 111 193 125 227 160 242 174 126 209 141 223 155 107 190 122 204 156 238 171 103 185 137 219 152 234 166 229 181 113 195 147 229 162 244 176 128 210 143 225 177 109 191 124 206 158 240 172 105 207 139 221 153 236 188 120 202 135 236 169 101 183 116 198 150 232 164 247 199 131 213 145 228 180 112 194 126 228 161 
249 171 119 114 129 125 140 108 123 138 153 169 200 215 211 206 221 149 144 0 190 123 225 157 239 172 104 206 138 220 153 235 187 119 201 134 236 168 100 182 115 217 149 231 163 115 198 130 212 144 246 179 111 193 145 227 160 242 174 126 208 141 223 175 107 189 122 204 156 238 170 103 205 137 219 151 234 166 118 200 133 215 167 249 181 114 196 148 230 162 245 197 129 211 143 226 178 110 192 124 
142 103 201 196 211 227 222 190 205 221 236 101 132 148 143 158 153 231 246 190 0 138 220 152 104 187 119 201 153 235 168 100 182 134 216 149 231 183 115 197 130 212 164 246 178 111 213 145 227 159 242 194 126 208 141 242 175 107 189 122 224 156 238 170 122 205 137 219 151 103 186 118 200 152 234 167 249 181 113 215 148 230 162 114 196 129 211 143 245 177 110 192 144 226 158 241 173 125 207 139 
185 185 153 148 144 159 154 123 138 173 168 183 234 230 225 240 105 164 179 123 138 0 235 167 100 202 134 216 149 100 183 115 197 130 232 164 246 178 130 213 145 227 159 111 194 126 208 160 242 175 107 189 121 223 156 238 170 122 204 137 219 151 103 185 118 200 152 234 166 249 181 133 215 147 230 182 114 196 128 211 143 245 177 110 192 144 226 158 241 173 125 207 139 222 174 106 188 120 203 155 
228 117 235 231 226 241 106 225 220 105 120 115 167 182 157 173 188 246 111 225 220 235 0 183 115 217 150 232 164 246 198 131 213 145 247 179 112 194 126 228 160 243 175 127 209 142 224 156 238 190 123 205 137 239 171 104 186 118 220 152 235 167 119 201 133 184 136 218 150 233 165 117 199 132 214 166 248 180 113 195 147 229 161 244 196 128 210 142 225 177 109 191 123 225 158 240 172 104 206 139 
140 219 168 163 178 173 188 157 172 187 202 217 249 114 240 105 120 178 193 157 152 167 183 0 249 181 133 215 148 230 182 114 196 129 211 163 245 177 110 212 144 226 158 241 193 125 207 140 242 174 106 188 121 203 155 237 169 102 204 136 198 131 213 165 247 179 112 214 146 228 160 112 195 127 209 141 243 176 108 190 142 205 157 239 171 103 205 138 220 152 104 186 119 201 133 235 168 100 182 134 
183 152 100 245 241 125 121 239 234 119 134 150 181 196 192 187 202 130 125 239 104 100 115 249 0 177 109 191 143 225 158 240 192 124 206 139 221 173 105 187 120 202 154 236 168 101 183 135 217 149 232 184 116 198 130 213 165 247 179 111 213 146 228 160 242 194 127 209 141 243 176 108 190 122 224 157 239 171 123 205 138 220 172 234 186 119 201 133 235 167 100 182 114 216 148 231 163 115 197 129 
226 234 202 177 193 208 203 171 167 202 217 232 133 129 124 139 134 212 227 172 187 202 217 181 177 0 124 206 138 221 173 105 187 119 221 154 236 168 100 202 135 217 149 101 184 116 198 130 232 165 247 179 131 213 146 228 160 112 194 127 209 161 243 175 108 190 142 224 156 239 191 123 205 137 220 172 104 186 118 220 153 235 167 119 182 134 216 148 230 182 115 197 129 211 163 246 178 110 212 145 
119 166 134 129 125 140 135 104 249 154 149 164 215 231 206 221 236 145 160 104 119 134 150 133 109 124 0 221 154 236 168 120 202 154 237 169 101 203 135 218 150 102 184 116 199 131 213 165 247 180 112 214 146 228 161 243 195 127 209 142 244 176 108 190 123 205 157 239 171 104 206 138 220 153 104 187 119 201 134 236 168 100 182 134 217 149 231 163 115 198 130 212 164 246 179 111 193 145 227 160 
161 118 216 212 207 222 218 206 181 236 101 246 148 163 138 154 169 227 242 206 201 216 232 215 191 206 221 0 106 188 121 203 155 237 170 102 184 136 218 151 233 185 117 199 132 214 166 248 180 113 215 147 229 161 244 196 128 210 142 244 177 109 191 123 225 158 240 172 124 206 139 221 153 235 187 120 202 134 236 168 101 183 115 217 149 232 164 116 198 131 213 145 247 179 112 194 146 228 160 243 
204 200 149 144 139 154 170 138 133 168 183 179 230 245 240 236 101 179 174 138 153 149 164 148 143 138 154 106 0 204 136 218 150 102 185 117 199 131 233 166 248 200 132 214 147 229 181 113 195 128 230 162 244 176 109 211 143 225 157 109 192 124 206 139 241 173 105 187 139 222 154 236 149 101 183 115 197 130 232 164 246 178 130 213 145 227 159 111 194 126 208 160 242 175 107 189 141 223 156 238 
247 133 231 226 241 106 102 220 216 100 115 131 162 177 173 188 183 111 126 220 235 100 246 230 225 221 236 188 204 0 131 213 146 248 180 112 195 147 229 161 243 176 128 210 142 224 176 109 191 123 205 138 220 172 104 186 119 221 153 235 167 100 202 134 216 148 100 183 115 197 129 231 164 246 178 110 212 145 227 159 241 193 126 208 140 242 174 107 189 121 223 156 238 170 122 204 137 219 151 103 
140 215 183 178 174 189 184 152 148 202 198 213 114 110 105 120 115 193 209 153 168 183 198 182 158 173 168 121 136 131 0 209 161 243 175 108 210 142 224 156 239 191 123 205 137 239 172 104 186 138 201 153 235 167 249 201 134 216 148 231 182 115 197 129 231 164 246 178 130 212 145 227 159 111 193 126 208 160 242 174 107 189 141 223 155 238 190 122 204 136 219 171 103 185 117 219 152 234 166 248 
183 147 115 241 106 121 116 104 230 135 150 145 196 212 187 202 217 126 141 235 100 115 131 114 240 105 120 203 218 213 209 0 156 108 190 123 205 157 239 172 104 186 138 220 153 235 187 119 201 134 236 148 100 182 115 197 149 231 163 246 178 130 212 144 227 179 111 193 125 227 160 242 174 106 189 141 223 155 237 189 122 204 136 218 170 103 185 117 219 151 234 166 248 200 133 215 147 249 181 114 
245 249 197 193 188 203 218 187 182 217 232 227 129 144 119 135 150 208 223 187 182 197 213 196 192 187 202 155 150 146 161 156 0 163 245 178 110 212 144 226 159 241 193 125 207 140 242 154 106 188 121 203 155 237 169 102 204 136 218 151 233 185 117 199 132 234 166 248 180 113 215 147 229 161 113 196 128 210 142 244 177 109 191 143 225 158 240 172 124 206 158 241 173 105 187 139 222 154 236 188 
138 181 130 125 120 155 151 119 114 149 164 179 211 226 202 217 232 160 155 119 134 130 145 129 124 119 154 237 102 248 243 108 163 0 111 193 145 227 159 242 174 126 208 140 223 175 107 189 121 204 156 238 170 102 204 137 219 151 233 185 118 200 132 234 166 249 181 113 195 147 230 162 244 196 128 211 143 225 177 109 192 124 226 158 221 153 105 187 120 202 134 236 168 101 183 135 217 149 232 164 
181 114 232 207 222 218 233 201 197 231 246 112 163 158 154 149 164 242 107 201 216 232 247 211 206 221 237 170 185 180 175 190 245 111 0 188 120 222 155 237 169 101 184 136 218 150 232 184 117 167 100 202 134 216 148 231 183 115 197 129 231 164 246 178 110 193 145 227 159 241 193 126 208 140 222 174 107 189 121 223 155 238 170 102 204 137 219 151 103 185 118 200 132 214 166 249 181 113 215 147 
224 196 164 139 155 170 165 133 129 183 179 194 245 110 236 101 246 174 190 134 149 164 179 163 139 154 169 102 117 112 108 123 178 193 188 0 104 186 118 201 153 235 167 249 201 134 216 148 230 182 115 197 129 231 163 246 178 110 212 145 227 159 111 193 126 208 140 242 174 107 189 141 223 155 238 170 122 204 136 219 171 103 185 117 200 152 234 166 248 200 133 215 147 229 162 114 196 128 210 162 
116 148 246 241 237 102 247 235 211 116 131 126 177 173 168 183 179 107 122 236 231 246 112 245 221 236 101 184 199 195 210 205 110 145 120 104 0 201 134 216 148 100 182 115 197 149 231 163 246 178 130 212 144 227 179 111 193 125 208 160 242 174 106 208 141 223 155 237 189 122 204 136 238 170 103 185 117 219 151 234 166 118 200 132 215 147 229 181 114 196 128 230 162 245 177 109 191 143 226 158 
159 230 178 174 169 184 199 168 163 198 213 208 110 105 100 116 131 209 204 168 183 178 194 177 173 168 203 136 131 147 142 157 212 227 222 186 201 0 228 180 112 195 127 209 161 243 176 108 210 142 224 157 239 191 123 205 138 240 172 104 186 119 221 153 235 168 119 202 134 216 149 101 183 115 197 149 232 164 246 178 111 213 145 227 159 111 194 126 208 140 242 175 107 189 141 223 156 238 170 122 
202 162 111 106 121 116 132 100 245 130 145 160 192 187 202 198 213 141 156 100 115 130 126 110 105 100 135 218 233 229 224 239 144 159 155 118 134 228 0 175 127 210 142 224 157 109 191 123 205 157 240 172 104 186 138 221 153 235 187 119 202 134 216 168 100 183 115 217 149 231 164 246 198 130 212 145 247 179 111 193 126 208 160 242 174 107 209 141 223 155 238 190 122 204 137 238 151 233 166 118 
245 245 213 188 203 218 214 182 178 232 228 243 144 120 135 150 145 223 238 182 197 213 228 212 187 202 218 151 166 161 156 172 226 242 237 201 216 180 175 0 103 205 137 220 152 234 186 118 201 133 235 167 249 182 114 196 148 230 163 245 197 129 211 144 226 178 110 193 125 227 159 241 174 106 188 140 222 155 237 189 121 203 136 238 170 220 153 235 187 119 201 134 236 168 100 183 115 217 149 231 
157 177 145 140 136 151 146 134 110 164 180 175 226 202 217 232 227 155 171 115 130 145 160 144 120 135 150 233 248 243 239 104 159 174 169 153 148 112 127 103 0 169 101 203 135 218 150 102 164 116 199 151 233 165 247 199 132 214 146 228 161 113 195 127 209 161 244 176 108 191 143 225 157 239 191 124 206 138 220 172 105 187 119 221 153 236 168 100 202 134 217 149 101 183 115 198 130 232 164 246 
200 109 227 222 218 233 248 216 212 247 112 107 158 154 149 164 160 238 103 217 212 227 243 226 202 217 102 185 200 176 191 186 241 126 101 235 100 195 210 205 169 0 156 238 190 122 204 137 239 171 103 186 137 200 152 234 167 249 201 133 215 148 230 182 114 196 129 231 163 245 177 129 212 144 226 158 110 193 125 207 159 241 174 106 188 140 222 155 237 189 121 203 136 218 170 102 184 117 199 151 
243 211 159 155 170 165 180 149 144 179 194 209 241 236 231 247 112 170 185 149 164 159 175 158 154 149 184 117 132 128 123 138 193 208 184 167 182 127 142 137 101 156 0 103 185 118 220 152 234 112 194 127 209 141 243 175 108 190 142 224 156 239 171 123 205 137 220 172 104 186 118 201 153 235 167 249 201 134 216 148 230 182 115 197 129 231 163 246 178 110 212 144 227 159 111 193 125 208 160 242 
136 143 111 237 102 117 113 231 226 111 126 141 193 168 183 179 194 122 137 231 246 111 127 241 236 101 116 199 214 210 205 220 125 140 136 249 115 209 224 220 203 238 103 0 126 228 161 243 175 127 209 142 224 156 238 190 123 205 137 239 171 104 186 118 220 152 235 167 119 201 133 216 148 100 182 115 197 149 231 163 246 178 130 212 144 227 179 111 193 125 208 160 242 174 106 208 141 223 155 107 
178 226 194 169 184 199 195 163 159 193 209 224 125 101 116 131 126 204 219 163 178 194 209 193 168 184 199 132 147 142 137 153 207 223 218 201 197 161 157 152 135 190 185 126 0 204 156 238 171 103 185 137 219 152 234 186 118 200 133 215 167 249 181 114 216 148 230 162 245 197 129 211 143 245 178 110 192 124 226 159 241 173 125 207 140 222 154 236 169 121 203 135 217 169 102 184 116 199 151 233 
221 158 126 121 117 132 127 115 111 145 141 156 207 203 198 213 208 136 152 115 111 126 142 125 101 116 131 214 229 224 239 235 140 175 150 134 149 243 109 234 218 122 118 228 204 0 151 234 186 118 200 132 215 167 249 181 113 215 148 230 162 244 196 129 211 143 245 177 110 192 124 226 158 241 173 125 207 140 222 154 106 188 121 203 155 237 169 102 184 116 218 150 233 165 117 199 131 214 146 248 
114 110 208 203 199 214 229 197 173 228 243 238 140 135 130 145 141 219 234 198 213 208 224 207 183 198 213 166 181 176 172 187 242 107 232 216 231 176 191 186 150 204 220 161 156 151 0 249 181 133 215 148 230 162 114 196 129 211 163 245 177 110 192 144 226 158 241 193 125 207 139 222 174 106 188 120 222 155 237 169 101 203 136 218 150 102 184 117 199 131 213 165 248 180 112 214 146 229 161 243 
177 192 140 136 151 146 161 130 125 160 175 170 222 217 232 228 223 171 166 130 145 160 156 140 135 130 165 248 113 109 104 119 154 189 184 148 163 108 123 118 102 137 152 243 238 234 249 0 196 128 211 143 225 177 109 192 124 226 158 240 173 102 184 116 199 151 233 165 247 199 132 214 146 229 161 113 195 127 210 162 244 176 108 191 143 225 157 239 191 124 206 138 220 172 105 187 119 221 153 236 
219 124 242 218 233 248 244 212 207 242 107 122 174 149 165 180 175 103 229 212 227 242 238 242 217 232 247 180 195 191 186 201 106 121 117 230 246 210 205 201 164 239 234 175 171 186 181 196 0 121 203 135 218 170 102 184 116 199 151 233 165 247 199 132 214 146 228 180 113 195 127 229 161 244 176 108 210 142 225 157 109 191 123 206 138 240 172 104 187 139 221 153 235 168 120 202 134 216 168 101 
112 207 175 170 165 180 176 164 140 194 190 205 106 232 247 112 107 185 181 144 159 175 190 174 149 165 180 113 128 123 138 134 188 204 167 182 178 142 157 133 116 171 112 127 103 118 133 128 121 0 198 131 213 145 247 179 112 194 146 228 160 243 175 127 209 141 224 176 108 190 122 205 157 239 171 104 206 138 220 152 235 187 119 201 133 235 168 100 182 114 197 149 231 163 245 197 130 212 144 226 
155 139 107 102 248 113 128 246 222 126 142 137 188 184 179 194 190 117 113 246 242 107 123 106 232 247 112 215 230 205 201 236 121 156 100 115 130 224 240 235 199 103 194 209 185 200 215 211 203 198 0 146 228 160 243 175 127 209 141 224 176 108 190 122 205 157 239 171 103 205 138 220 152 234 186 119 201 133 235 167 100 182 114 196 148 231 163 245 197 129 212 144 226 178 110 193 125 227 159 241 
198 241 189 185 200 195 210 178 174 209 224 219 121 116 111 126 122 200 195 179 194 189 205 188 184 179 214 147 162 138 153 148 203 238 202 197 212 157 172 167 151 186 127 142 137 132 148 143 135 131 146 0 243 175 108 190 122 224 156 239 171 123 205 137 220 152 104 186 118 201 153 235 167 249 182 134 216 148 231 183 115 197 129 212 164 246 178 110 212 145 227 159 241 174 126 208 140 222 174 107 
241 173 141 117 132 147 142 111 106 141 156 171 223 198 213 209 224 152 147 111 126 121 137 121 116 131 146 229 244 220 235 100 155 170 134 129 144 239 104 249 233 137 209 224 219 215 230 225 218 213 228 243 0 171 103 205 137 220 152 104 186 118 201 153 235 167 249 182 134 216 148 230 182 174 106 189 121 223 155 237 170 122 204 136 218 151 103 185 117 199 151 234 166 248 180 132 215 147 229 181 
133 149 223 199 214 229 225 193 188 223 238 103 155 130 146 161 156 234 229 193 208 223 239 203 198 213 228 161 176 172 167 182 237 102 216 231 227 191 186 182 165 200 141 156 152 167 162 177 170 145 160 175 171 0 178 130 212 144 226 159 111 193 125 207 159 242 174 106 188 140 223 155 237 189 122 204 136 218 170 103 185 117 219 151 234 166 248 200 132 215 147 249 181 113 196 128 230 162 244 177 
176 231 156 151 146 162 177 145 121 175 171 186 237 232 228 243 238 166 162 145 141 156 171 155 130 146 161 244 109 104 249 115 169 204 148 163 179 123 138 114 247 152 243 238 234 249 114 109 102 247 243 108 103 178 0 145 227 179 111 194 126 228 160 242 175 127 209 141 223 156 108 190 122 204 156 219 171 103 185 118 220 152 234 166 118 201 133 215 147 249 182 114 196 148 230 163 245 177 129 211 
239 164 238 233 229 244 109 227 203 107 123 118 169 165 160 195 171 249 244 227 242 238 104 237 213 228 243 196 211 186 201 197 102 137 231 246 111 205 221 196 199 234 175 190 186 181 196 192 184 179 175 190 205 130 145 0 242 174 107 209 141 223 155 107 190 122 204 136 219 171 103 185 117 219 152 234 166 248 200 133 215 147 249 182 114 196 128 230 163 245 177 129 211 144 226 178 110 192 125 207 
112 116 170 166 181 176 191 160 155 190 205 200 102 247 112 127 103 201 176 160 175 170 186 169 165 160 195 128 143 119 134 149 204 219 183 178 193 138 153 148 132 167 108 123 118 113 129 124 116 112 127 122 137 212 227 242 0 190 122 204 156 238 171 103 205 137 219 152 234 186 118 200 133 235 167 249 181 133 196 148 230 162 245 197 129 211 143 226 178 110 192 124 226 159 241 173 125 207 140 222 
174 198 102 248 113 128 123 242 237 122 137 152 204 179 194 209 205 133 128 242 107 122 118 102 247 112 127 210 225 221 216 231 136 151 115 110 125 240 235 230 214 249 190 205 200 215 211 226 199 194 209 224 220 144 179 174 190 0 137 219 151 234 186 118 200 132 234 167 249 181 113 196 148 230 162 244 196 129 211 143 225 177 110 192 124 148 100 182 134 216 149 231 183 115 197 130 212 164 246 178 
217 130 204 200 195 210 206 194 169 224 219 234 136 131 127 142 137 215 210 174 189 204 220 204 179 194 209 142 157 153 148 163 218 233 197 212 208 172 187 163 146 201 142 137 133 148 163 158 151 146 141 156 152 226 111 107 122 137 0 176 108 210 142 224 157 239 191 123 205 138 240 172 104 186 138 221 153 235 167 119 202 134 236 168 100 183 115 217 149 232 164 116 198 130 213 145 227 179 111 194 
110 212 137 132 127 143 158 126 102 156 171 167 218 213 209 244 219 147 143 126 122 137 152 136 111 127 142 244 109 235 231 246 151 185 129 145 160 104 119 245 228 133 224 239 215 230 245 240 233 228 224 239 104 159 194 209 204 219 176 0 103 205 138 220 152 104 186 119 201 133 215 167 100 182 114 216 148 231 163 245 197 129 212 144 246 178 110 193 125 227 159 241 174 126 208 140 222 155 107 189 
153 164 219 214 229 225 240 208 204 238 104 249 150 146 161 176 152 230 225 208 224 219 235 198 213 209 244 177 192 167 182 178 233 118 231 227 242 186 202 197 161 215 156 171 167 162 177 173 165 160 176 171 186 111 126 141 156 151 108 103 0 201 133 215 167 249 182 114 216 148 230 163 245 197 129 211 144 246 178 110 192 125 227 159 241 173 125 208 140 222 155 107 189 121 203 155 238 170 102 184 
196 247 151 147 162 177 172 141 136 171 186 201 102 228 243 108 104 182 177 141 156 151 167 131 146 161 176 109 124 100 115 130 185 200 164 159 174 119 134 129 113 148 239 104 249 244 110 102 247 243 108 123 118 193 228 223 238 234 210 205 201 0 148 230 182 115 197 129 231 163 246 178 110 192 144 227 159 111 193 125 227 160 242 174 126 208 141 223 175 237 189 122 204 105 207 139 221 153 105 188 
238 179 103 229 244 109 104 223 218 103 118 133 185 160 175 190 186 114 109 223 238 103 119 213 228 243 108 191 206 202 197 212 117 132 246 111 106 221 216 211 195 230 171 186 181 196 192 184 199 175 190 205 201 125 160 155 171 186 142 138 133 148 0 202 134 216 149 231 183 115 197 130 189 121 203 136 238 170 102 184 117 219 151 233 165 117 200 132 214 146 229 181 113 195 127 229 162 173 125 208 
131 111 185 181 176 191 206 175 150 205 200 215 117 112 108 123 118 196 191 175 170 185 201 165 160 175 190 123 139 134 129 144 199 234 178 193 208 153 168 144 127 182 123 118 114 129 144 116 132 127 122 137 153 207 242 107 103 118 224 220 215 230 202 0 186 118 200 133 215 147 249 181 114 196 148 230 162 245 177 129 211 143 226 178 110 192 124 207 159 241 173 105 207 140 222 154 237 189 121 203 
194 193 118 113 108 124 139 107 102 137 152 148 199 194 190 225 200 128 124 107 122 118 133 247 242 108 123 225 241 216 231 227 132 166 110 126 141 235 100 226 209 114 205 220 216 211 226 199 214 209 205 220 235 159 175 190 205 200 157 152 167 182 134 186 0 244 196 128 210 143 225 157 109 191 124 206 158 240 172 105 187 139 221 218 142 237 181 105 199 143 218 162 106 200 125 219 163 237 182 126 
236 145 200 195 210 206 174 189 185 220 235 230 131 127 142 157 144 230 206 189 205 200 184 179 194 190 205 158 173 148 164 179 234 249 193 208 223 168 183 178 161 196 137 152 148 143 158 151 146 141 157 152 167 242 127 122 137 132 239 104 249 115 216 118 244 0 145 239 184 226 170 245 189 133 208 152 246 170 114 209 133 227 171 246 190 134 208 153 247 171 115 209 134 228 172 246 191 135 209 153 
129 228 132 128 143 158 126 122 117 152 167 182 214 209 224 239 226 163 158 122 137 152 136 112 127 142 157 240 105 100 246 111 166 181 145 140 155 119 115 110 244 129 220 235 230 245 241 233 228 224 239 104 249 174 209 204 219 234 191 186 182 197 149 200 196 145 0 137 211 155 249 174 118 212 137 231 175 249 193 138 212 156 100 175 119 213 137 232 176 100 194 138 213 157 101 175 120 214 138 232 
172 160 234 230 225 240 208 224 199 104 249 114 166 161 156 171 158 245 240 204 219 234 218 214 209 224 239 172 187 183 178 193 248 113 227 242 237 202 217 193 176 231 172 167 162 177 193 165 180 176 171 186 182 106 141 136 152 167 123 119 114 129 231 133 128 239 137 0 140 104 178 123 217 141 235 179 104 198 122 217 161 235 179 123 198 142 236 161 105 199 123 217 161 236 180 124 199 143 237 161 
215 242 166 162 157 172 141 156 131 186 201 197 248 243 239 104 110 177 172 156 151 166 150 146 141 156 171 124 139 115 130 125 180 195 159 174 189 134 149 125 108 163 104 119 245 110 125 247 113 108 103 118 134 188 223 219 234 249 205 201 216 231 183 215 210 184 211 140 0 211 155 249 174 118 212 136 231 175 249 193 137 212 156 100 174 119 213 137 231 175 100 194 138 213 157 101 175 119 214 138 
108 174 249 244 109 105 223 238 233 118 133 129 180 175 191 206 192 109 105 238 103 249 233 228 243 239 104 206 222 197 212 227 113 147 241 107 122 216 231 227 191 245 186 201 197 192 207 199 195 190 205 201 216 140 156 171 186 181 138 133 148 163 115 147 143 226 155 104 211 0 234 159 103 197 121 215 160 234 178 122 197 141 235 159 103 198 122 216 160 235 179 123 197 142 236 160 104 198 123 217 
150 126 181 176 191 207 155 170 166 201 216 231 112 108 123 138 125 211 207 170 186 181 165 160 176 191 206 139 154 129 145 160 215 230 193 189 204 149 164 159 143 177 118 133 129 124 139 132 127 122 138 153 148 223 108 103 118 113 240 215 230 246 197 249 225 170 249 178 155 234 0 107 182 126 220 144 239 183 107 201 145 220 164 108 182 127 221 145 239 183 108 202 146 221 165 109 183 127 222 146 
193 209 133 109 124 139 237 103 248 133 148 163 214 190 205 220 207 144 139 103 118 133 117 112 108 123 138 221 236 231 227 242 147 162 126 141 136 101 246 241 225 129 201 216 211 226 222 214 229 205 220 235 230 155 190 185 200 196 172 167 163 178 130 181 157 245 174 123 249 159 107 0 130 205 149 243 168 112 206 130 224 169 243 187 131 206 150 244 168 112 207 131 225 169 244 188 132 206 151 245 
106 141 215 211 206 221 189 205 180 235 230 245 147 142 137 152 139 226 221 205 200 215 199 195 190 205 220 153 149 164 159 174 229 244 208 223 238 183 198 174 157 212 153 148 143 158 174 146 161 157 152 167 182 237 122 117 133 148 104 100 245 110 189 114 109 189 118 217 174 103 182 130 0 134 228 172 247 191 135 209 153 247 172 116 210 135 229 173 247 191 136 210 154 248 173 117 211 135 230 174 
149 223 147 143 138 153 122 137 132 167 182 178 229 224 220 235 241 158 153 137 152 147 132 127 122 137 153 235 101 246 111 106 161 196 140 155 170 115 130 106 239 144 235 100 245 241 106 229 244 239 234 249 174 189 204 219 235 230 186 182 197 192 121 196 191 133 212 141 118 197 126 205 134 0 141 215 159 104 178 122 216 141 235 179 103 198 142 216 160 104 179 123 217 142 236 180 104 198 143 217 
191 155 230 225 240 236 204 219 214 249 114 110 161 157 172 187 173 110 236 219 234 230 214 209 224 220 104 187 183 178 193 189 113 128 222 238 103 197 212 188 191 226 167 182 178 173 188 161 176 171 186 182 106 122 156 152 167 162 138 114 129 144 203 148 124 208 137 235 212 121 220 149 228 141 0 199 124 218 162 237 161 105 180 124 218 142 236 181 105 199 143 218 162 106 180 124 219 143 237 181 
234 107 162 157 172 188 136 151 147 182 197 212 243 239 104 119 106 192 188 151 167 182 166 141 157 172 187 120 115 110 126 141 196 211 174 170 185 149 145 140 124 158 249 115 110 125 120 113 108 104 119 134 189 204 219 234 249 244 221 216 211 227 136 230 206 152 231 179 136 215 144 243 172 215 199 0 120 214 138 233 177 101 195 139 214 158 102 177 121 215 139 233 178 102 196 140 215 159 103 177 
127 190 114 109 105 120 238 103 229 134 129 144 195 191 186 201 188 125 120 234 249 114 248 243 239 104 119 202 197 212 208 223 128 143 107 122 117 232 247 222 206 110 201 197 192 207 222 195 210 206 201 216 121 136 171 166 181 196 153 148 144 159 238 162 158 246 175 104 231 160 239 168 247 159 124 120 0 143 217 162 106 180 124 218 143 237 181 106 200 144 218 162 107 181 125 219 144 238 182 106 
170 122 196 192 187 202 170 186 161 216 231 113 128 123 118 134 140 207 202 166 181 196 180 176 171 186 201 134 130 145 160 155 210 225 189 204 219 164 179 155 138 193 134 149 124 140 155 127 142 138 133 148 223 218 103 248 133 129 235 231 246 111 170 245 240 170 249 198 175 234 183 112 191 104 218 214 143 0 115 209 153 228 152 246 190 115 209 153 247 171 116 210 134 228 172 247 191 135 210 154 
213 204 129 124 139 134 103 118 113 148 163 195 210 205 220 235 222 139 135 118 113 128 113 108 123 118 134 236 232 227 242 237 142 177 121 136 151 246 111 237 220 125 216 231 226 222 237 210 225 220 235 231 155 170 185 200 196 211 167 163 178 193 102 177 172 114 193 122 249 178 107 206 135 178 162 138 217 115 0 202 146 221 165 109 183 127 222 146 240 184 128 203 147 241 166 110 204 128 222 166 
105 156 211 206 221 236 185 200 195 230 245 147 142 138 153 168 154 241 236 200 215 211 195 190 205 220 236 168 164 159 174 189 244 109 223 219 234 178 193 189 172 207 148 163 159 154 169 162 157 152 167 183 237 103 118 133 148 143 119 245 110 125 184 129 105 209 138 217 193 122 201 130 209 122 237 233 162 209 202 0 225 169 113 188 132 226 151 245 189 113 207 152 206 150 244 169 113 207 132 226 
168 238 163 138 154 169 117 132 128 163 178 229 244 220 235 100 237 173 169 133 148 143 147 142 138 153 168 101 246 241 107 122 177 192 155 171 166 111 126 121 105 159 230 246 241 106 101 244 109 235 100 115 170 185 220 215 230 225 202 197 192 227 117 211 187 133 212 161 137 197 145 224 153 216 161 177 106 153 146 225 0 197 121 215 160 234 178 122 197 141 235 159 104 198 122 216 160 235 179 123 
211 171 245 240 236 101 219 215 210 115 110 161 176 172 167 182 169 106 101 215 230 245 229 205 220 235 100 183 178 193 189 204 109 124 238 103 118 213 208 203 187 241 182 178 173 188 203 176 191 187 182 197 122 117 152 147 162 177 134 129 125 160 219 143 139 227 156 235 212 141 220 169 247 141 105 101 180 228 221 169 197 0 220 144 239 183 107 201 145 220 164 108 183 127 221 145 239 184 108 202 
103 103 177 173 168 183 152 167 162 197 212 244 109 104 249 115 101 188 183 167 162 177 161 157 172 167 182 115 130 126 141 136 191 226 170 185 200 145 160 136 119 174 115 130 125 121 136 108 123 119 114 129 204 219 234 249 245 110 236 212 227 242 151 226 221 171 100 179 156 235 164 243 172 235 180 195 124 152 165 113 121 220 0 243 168 112 206 130 224 169 243 187 131 206 150 224 168 113 187 131 
146 185 110 105 120 115 234 249 244 129 144 176 191 186 201 217 203 140 116 249 114 110 244 239 234 119 134 217 213 208 223 218 143 158 102 117 132 227 242 238 221 106 197 212 207 203 218 191 206 201 196 212 136 151 166 182 197 192 168 144 159 174 233 178 218 246 175 123 100 159 108 187 116 179 124 139 218 246 109 188 215 144 243 0 231 176 100 194 138 213 157 101 175 120 214 138 232 157 101 195 
189 117 192 187 202 217 166 181 177 211 226 128 123 119 134 149 135 222 198 181 196 192 196 171 186 182 217 149 145 140 155 170 225 221 204 200 215 159 174 170 153 188 129 144 140 155 150 143 138 133 148 164 218 234 118 114 129 124 100 246 241 126 165 110 142 190 119 198 174 103 182 131 210 103 218 214 143 190 183 132 160 239 168 231 0 105 199 123 217 161 236 180 124 199 143 237 161 105 200 124 
232 219 144 139 135 150 118 113 109 163 159 210 225 221 216 231 218 154 150 114 129 144 128 103 119 134 149 232 227 242 238 103 158 153 137 152 147 111 107 220 236 140 231 227 222 237 102 225 240 235 231 246 151 166 201 196 211 148 183 178 173 208 117 192 237 134 213 142 119 198 127 206 135 198 142 158 237 115 127 226 234 183 112 176 105 0 108 182 127 221 145 239 183 108 202 146 221 165 109 183 
125 152 226 221 217 232 200 215 191 246 111 142 157 153 148 163 150 237 232 196 211 226 210 205 201 216 231 164 159 174 190 185 240 105 219 234 229 194 209 153 168 222 163 179 154 169 184 157 172 168 163 178 103 248 133 128 143 100 115 110 125 141 200 124 181 208 137 236 213 122 221 150 229 142 236 102 181 209 222 151 178 107 206 100 199 108 0 151 245 189 114 208 152 226 170 115 189 133 227 152 
187 234 158 154 169 164 133 148 143 178 193 225 240 235 100 115 102 189 164 148 143 158 142 138 133 148 163 116 111 107 122 117 172 187 151 166 181 126 141 235 100 155 246 111 236 102 117 239 104 100 245 110 185 200 215 230 226 182 217 193 208 223 132 207 105 153 232 161 137 216 145 244 173 216 181 177 106 153 146 245 122 201 130 194 123 182 151 0 174 118 193 137 231 155 249 194 118 212 156 231 
230 166 241 236 101 116 215 230 225 110 125 177 172 167 182 198 184 121 247 230 245 241 225 220 235 230 115 198 194 189 204 219 124 120 103 248 114 208 223 187 202 237 178 193 169 184 199 191 187 182 197 212 117 132 147 163 178 134 149 125 140 175 214 159 199 247 176 105 231 160 239 168 247 160 105 121 200 247 240 189 197 145 224 138 217 127 245 174 0 166 241 185 129 203 148 242 166 110 204 129 
123 118 193 168 183 198 147 162 158 212 207 109 124 100 115 130 188 203 199 162 177 173 177 152 167 182 198 131 126 121 136 151 206 202 185 200 196 140 155 119 134 189 110 125 121 116 131 124 139 114 129 145 199 215 249 245 110 216 232 227 222 237 146 241 143 171 100 199 175 235 183 112 191 104 199 215 144 171 184 113 141 220 169 213 161 221 189 118 166 0 170 114 208 132 227 171 245 189 133 208 
166 201 125 100 116 131 249 244 240 144 159 191 206 202 197 212 140 135 131 245 110 125 109 104 100 115 130 213 208 223 219 234 158 134 118 133 128 242 238 201 217 121 212 208 203 218 213 206 221 197 212 227 151 147 182 177 192 149 164 159 155 189 229 173 218 115 194 123 100 179 108 207 136 179 143 139 218 116 128 207 235 164 243 157 236 145 114 193 241 170 0 173 117 211 136 230 174 249 193 137 
208 133 207 183 198 213 181 196 192 227 242 123 138 134 129 144 222 218 213 197 192 207 191 186 182 197 212 145 160 156 171 166 241 236 200 215 230 175 190 134 149 203 144 160 135 150 165 138 153 149 144 159 234 249 114 129 124 231 116 241 107 122 181 105 162 209 138 217 194 123 202 131 210 123 218 233 162 210 203 152 159 108 187 101 180 239 208 137 185 114 173 0 196 140 235 159 103 197 122 216 
101 215 139 135 130 145 114 129 124 159 174 206 221 216 231 246 155 170 145 129 144 139 123 119 114 129 164 247 242 238 103 248 173 168 132 147 162 107 122 236 101 136 227 242 217 233 248 220 235 231 226 241 166 181 196 211 226 183 198 174 189 204 113 207 106 134 213 161 138 197 146 225 154 217 162 178 107 134 147 206 104 183 131 175 124 183 152 231 129 208 117 196 0 219 164 238 182 126 201 145 
144 147 241 217 232 247 196 211 206 241 106 158 153 148 163 179 237 102 228 211 226 222 225 201 216 211 246 179 175 170 185 200 105 101 214 229 245 189 204 168 183 218 159 174 169 165 180 172 168 163 178 174 248 113 148 144 159 115 130 126 121 105 195 140 200 228 157 236 213 142 221 169 248 142 106 102 181 228 241 150 198 127 206 120 199 108 226 155 203 132 211 140 219 0 177 101 195 139 214 158 
187 249 174 149 164 179 148 143 139 193 189 240 105 100 246 111 189 184 180 143 158 174 158 133 148 163 179 112 107 122 117 133 187 183 166 162 177 141 137 100 115 170 111 106 102 117 112 105 120 245 110 126 180 196 230 226 241 197 213 208 203 207 127 222 125 172 101 180 157 236 165 244 173 236 180 196 125 172 166 244 122 221 150 214 143 202 170 249 148 227 136 235 164 177 0 180 124 218 143 237 
230 182 106 231 247 112 230 245 221 125 141 172 187 183 178 193 121 116 112 226 241 106 240 235 231 246 111 194 189 204 219 215 139 135 249 114 109 223 238 183 198 102 193 208 184 199 214 187 202 197 193 208 132 128 163 178 173 130 145 140 155 139 229 154 219 246 175 124 101 160 109 188 117 180 124 140 219 247 110 169 216 145 224 138 237 146 115 194 242 171 230 159 238 101 180 0 203 128 222 166 
122 114 188 183 179 194 162 177 173 208 223 104 119 115 130 145 203 218 194 178 173 188 172 168 163 178 193 146 141 137 152 147 222 217 181 196 191 156 151 115 130 184 125 141 116 131 146 119 134 130 125 140 215 230 245 110 125 212 227 222 238 221 162 237 163 191 120 199 175 104 183 132 211 104 219 215 144 191 204 113 160 239 168 232 161 221 189 118 166 245 174 103 182 195 124 203 0 226 151 245 
185 196 120 116 131 146 245 110 105 140 155 206 202 197 212 227 136 151 126 110 125 120 104 100 115 110 145 228 223 219 234 249 154 149 113 128 143 238 233 217 232 117 208 223 199 214 229 221 216 212 227 222 147 162 177 192 207 164 179 155 170 153 173 189 237 135 214 143 119 198 127 206 135 198 143 159 238 135 128 207 235 184 113 157 105 165 133 212 110 189 249 197 126 139 218 128 226 0 249 194 
228 148 222 198 213 228 177 192 187 242 237 139 154 129 144 160 218 233 228 192 207 203 206 182 197 212 227 160 156 151 166 181 236 232 215 210 226 170 166 149 164 199 160 155 151 146 161 153 168 144 159 174 229 244 129 125 140 246 111 107 102 105 125 121 182 209 138 237 214 123 222 151 230 143 237 103 182 210 222 132 179 108 187 101 200 109 227 156 204 133 193 122 201 214 143 222 151 249 0 103 
120 230 155 130 145 160 129 124 120 174 189 221 236 212 227 242 170 165 161 124 139 155 139 134 129 145 160 243 238 103 248 114 188 164 147 162 158 122 118 231 246 151 242 107 233 248 243 236 101 226 241 107 181 177 211 207 222 178 194 189 184 188 208 203 126 153 232 161 138 217 146 245 174 217 181 177 106 154 166 226 123 202 131 195 124 183 152 231 129 208 137 216 145 158 237 166 245 194 103 0 

3012 0 73 4119
4094 0 73 3222
3271 0 73 4906
3967 0 73 3096
4866 0 73 3993
3376 1 73 2505
3284 1 73 4919
2994 1 74 4630
2573 1 74 3880
3270 1 74 4905
3238 2 74 4873
3278 2 74 4913
2527 2 74 4163
4285 2 74 3413
3534 2 74 2663
3502 3 74 2632
2751 3 74 4387
3316 3 75 4951
2565 3 75 4201
4323 3 75 3451
4291 4 75 3420
3540 4 75 2670
2789 4 75 4425
4877 4 75 3675
4126 4 75 3254
3375 4 75 5009
3343 5 75 4978
2592 5 76 4228
4350 5 76 3478
3599 5 76 2728
3178 5 76 4483
4935 5 76 4063
4904 6 76 4031
2686 6 76 4322
4444 6 76 3571
3692 6 76 2821
2941 6 76 4577
4699 6 77 3827
4998 7 77 3795
3916 7 77 3375
3495 7 77 4800
2744 7 77 4380
4502 7 77 3630
3751 7 77 2880
3719 8 77 2848
2968 8 77 4604
4726 8 77 3854
4305 8 78 3103
3554 8 78 2683
2803 8 78 4438
2771 9 78 4407
4529 9 78 3657
3778 9 78 2907
3027 9 78 4662
4784 9 78 3912
4363 9 78 3162
4332 10 78 3460
3581 10 79 2710
2830 10 79 4465
4587 10 79 3715
3836 10 79 2965
3085 10 79 4720
3384 11 79 4689
2632 11 79 4268
4390 11 79 3518
3289 11 79 4595
2538 11 80 4174
4296 11 80 3424
4265 12 80 3393
3514 12 80 2643
2762 12 80 4398
4520 12 80 3648
4099 12 80 2898
3348 12 80 4983
2597 12 80 4233
2565 13 80 4201
4323 13 80 3451
3572 13 81 2701
2821 13 81 4456
4909 13 81 3706
3827 13 81 3286
3406 13 81 4711
3375 14 81 5010
2624 14 81 4260
4381 14 81 3510
3630 14 81 2759
2879 14 81 4515
4637 14 82 3765
4216 14 82 3015
4184 15 82 3313
3433 15 82 2563
2682 15 82 4318
4440 15 82 3568
3689 15 82 2818
2938 15 82 4573
4695 15 82 3823
4994 16 82 3792
4243 16 83 3371
3492 16 83 2621
2740 16 83 4376
4498 16 83 3626
3747 16 83 2876
2996 16 83 4631
3295 17 83 4600
2543 17 83 4179
4301 17 83 3429
3550 17 83 2679
2799 17 84 4434
4557 17 84 3684
3805 17 84 2934
4104 18 84 2903
3353 18 84 4988
2602 18 84 4238
4360 18 84 3488
3608 18 84 2738
2857 18 84 4493
4615 18 84 3743
4584 19 85 3711
4163 19 85 2961
3411 19 85 2541
2660 19 85 4296
4418 19 85 3546
3667 19 85 2796
2916 19 85 4551
2884 20 85 4520
4972 20 85 3770
3891 20 85 3020
3470 20 85 4775
2719 20 86 4354
3845 20 86 2644
2565 20 86 3871
4322 20 86 3451
4291 21 86 3419
3540 21 86 2669
2789 21 86 4424
4547 21 86 3674
3795 21 87 2924
3374 21 87 4679
4802 21 87 4259
4381 21 87 3179
4349 22 87 3478
3598 22 87 2728
2847 22 87 4483
4605 22 87 3733
3854 22 87 2983
3103 22 87 4738
2681 22 87 3988
4439 22 88 3567
4408 73 88 3536
3657 73 88 2786
2906 73 88 4541
4663 73 88 3791
3912 73 88 3041
3491 73 88 4796
2740 73 88 4376
4498 73 88 3626
4466 74 88 3594
3715 74 89 2844
2964 74 89 4599
4722 74 89 3849
3971 74 89 3099
3549 74 89 4854
2798 74 89 4434
4556 74 89 3684
4525 75 89 3652
3773 75 89 2902
3022 75 89 4658
4780 75 90 3908
4359 75 90 3158
3278 75 90 4913
2857 75 90 4163
4614 75 90 3742
4583 76 90 3711
3832 76 90 2961
3081 76 90 4716
4839 76 90 3966
4087 76 90 3216
3666 76 90 4971
2915 76 91 4550
4673 76 91 3800
3922 76 91 3050
3890 77 91 3019
3139 77 91 4774
4897 77 91 4024
4476 77 91 3274
3725 77 91 2524
2973 77 91 4279
4731 77 91 3859
3980 77 92 3109
3229 77 92 4864
3197 78 92 4833
4955 78 92 4082
4204 78 92 3332
3783 78 92 2582
3032 78 92 4667
4790 78 92 3917
4038 78 92 3167
3287 78 92 4922
2536 78 93 4172
5014 79 93 4141
4263 79 93 3391
3841 79 93 2641
3090 79 93 4725
4848 79 93 3975
4097 79 93 3225
3346 79 93 4981
2594 79 93 4230
4352 79 93 3480
3132 80 94 4767
4890 80 94 4017
4469 80 94 3267
3718 80 94 2847
2966 80 94 4602
4724 80 94 3852
3973 80 94 3102
3222 80 94 4857
4980 80 94 4107
2769 81 94 4075
4527 81 94 3325
3776 81 95 2905
3025 81 95 4660
4783 81 95 3910
4031 81 95 3160
3280 81 95 4915
4640 81 95 3768
3889 81 95 3018
3858 82 95 2987
3437 82 95 4742
2686 82 95 4321
4443 82 96 3571
3692 82 96 2821
2941 82 96 4576
4699 82 96 3826
3948 82 96 3076
3196 82 96 4832
4954 82 96 4081
2744 83 96 4050
4502 83 96 3630
3751 83 96 2880
2999 83 97 4635
4757 83 97 3885
4006 83 97 3135
3255 83 97 4890
2834 83 97 4140
4592 83 97 3390
3840 83 97 2640
3809 84 97 2938
3058 84 97 4693
4816 84 97 3943
4064 84 97 3193
3313 84 98 4948
2562 84 98 4198
4650 84 98 3448
3899 84 98 3028
3148 84 98 4783
4905 84 98 4033
4874 85 98 4001
3078 85 98 2537
2657 85 99 4293
4414 85 99 3542
3663 85 99 2792
2912 85 99 4548
4670 85 99 3798
3919 85 99 3048
3168 85 99 4803
2746 85 99 4053
2715 86 99 4351
4473 86 99 3601
4712 86 0 3839
3961 86 0 3089
3209 86 0 4515
4637 86 0 3765
3886 86 0 3015
3135 86 0 4440
4563 86 0 3690
3811 86 0 2940
3450 87 0 2579
3419 88 0 2548
3387 89 1 2517
3356 90 1 4991
2994 91 1 4630
2963 92 1 4598
2932 93 1 4567
2900 94 1 4536
2869 95 1 4504
2837 96 1 4473
2806 97 2 4442
2775 98 2 4410
2743 99 2 4379

31084

0 807 26
1 801 30
2 934 31
3 693 23
4 354 24
5 251 49
6 268 34
7 739 35
8 459 20
9 732 45
10 551 30
11 864 30
12 584 45
13 305 30
14 874 49
15 595 34
16 316 49
17 825 22
18 644 36
19 661 41
20 381 26
21 852 41
22 671 26
23 392 41
24 863 29
25 584 44
26 304 29
27 775 44
28 594 29
29 315 44
30 786 29
31 507 48
32 977 32
33 255 35
34 271 20
35 742 34
36 463 49
37 282 34
38 753 23
39 474 38
40 944 23
41 665 38
42 386 23
43 857 41
44 676 26
45 397 41
46 867 26
47 588 41
48 309 26
49 780 45
50 500 30
51 971 44
52 790 29
53 511 44
54 982 33
55 703 48
56 423 33
57 993 48
58 713 33
59 434 47
60 905 36
61 626 21
62 346 36
63 817 21
64 636 36
65 648 25
66 369 40
67 840 25
68 560 40
69 380 29
70 851 44
71 571 28
72 292 43
73 763 28
74 483 43
75 954 28
76 774 43
77 494 32
78 965 47
79 686 31
80 406 46
81 877 31
82 598 46
83 417 35
84 888 20
85 609 35
86 329 20
87 800 34
88 521 23
89 340 38
90 811 23
91 532 38
92 252 23
93 723 42
94 444 27
95 915 41
96 734 26
97 455 41
98 925 26
99 646 45
