100 313 5

0 128 147 186 154 193 102 141 199 108 147 206 245 154 212 121 180 238 127 186 245 134 193 232 140 199 108 147 205 114 153 212 121 160 218 127 166 225 134 173 231 140 179 238 146 185 244 153 192 101 159 198 107 166 205 113 172 211 120 179 218 126 185 224 133 191 100 139 198 237 146 204 243 152 211 120 159 217 126 185 224 132 191 100 119 178 217 145 204 243 152 210 249 158 217 106 165 223 112 171 
128 0 193 232 141 200 239 147 206 115 154 141 180 239 148 187 246 154 193 122 161 220 128 167 226 135 193 102 141 200 109 148 206 115 174 213 121 180 219 128 167 226 134 193 102 160 199 108 167 206 115 173 232 141 180 239 147 186 245 154 212 121 180 219 128 186 225 134 193 101 160 199 108 167 206 134 173 232 140 179 238 147 186 114 153 212 121 160 219 127 166 245 153 192 101 140 199 108 147 225 
147 193 0 101 140 198 107 166 225 133 172 231 140 179 237 146 185 244 153 192 100 159 198 127 166 224 133 172 231 139 198 107 146 205 113 172 211 120 178 237 126 185 224 133 172 230 139 198 106 165 204 113 172 211 119 178 237 146 185 243 152 191 100 158 197 106 165 204 113 171 230 139 178 236 145 184 243 152 210 119 178 217 125 184 223 132 191 249 158 197 106 165 204 112 171 230 138 197 236 145 
186 232 101 0 119 177 216 125 184 223 132 210 249 158 216 105 164 203 112 190 229 138 197 236 145 203 242 171 210 118 177 216 125 184 223 151 190 249 157 216 105 164 223 131 170 229 138 196 113 152 211 119 178 217 126 185 224 132 191 100 159 217 106 165 204 113 171 230 139 198 237 145 204 243 152 210 119 178 217 126 184 223 132 191 249 158 197 106 165 204 112 171 230 119 178 217 125 184 223 151 
154 141 140 119 0 164 223 132 190 229 138 197 236 145 203 112 171 230 118 177 216 125 184 242 151 210 119 158 216 105 164 223 131 190 249 138 197 105 144 203 112 170 229 118 177 236 125 203 242 151 210 249 157 216 105 183 222 131 190 229 138 196 235 164 222 111 170 209 118 177 216 144 203 242 150 209 248 157 216 124 183 222 131 190 229 137 196 105 163 202 111 170 229 118 176 235 144 183 241 150 
193 200 198 177 164 0 241 130 189 248 137 215 104 163 222 111 170 228 117 176 235 124 182 241 130 189 248 156 215 104 163 221 110 169 228 137 195 104 143 202 241 149 208 117 176 234 123 182 241 130 189 247 156 215 104 162 221 110 169 228 136 195 234 143 201 110 149 208 117 175 214 123 182 240 129 208 247 156 214 103 162 221 110 188 247 136 195 234 142 201 240 169 227 116 175 234 103 162 220 129 
102 239 107 216 223 241 0 109 168 227 116 175 233 122 181 240 149 207 246 155 214 103 161 247 155 194 103 162 221 110 168 227 136 194 233 142 201 240 149 207 116 175 214 122 181 220 129 188 227 135 194 103 142 200 239 168 207 116 174 233 122 181 240 148 187 246 155 213 102 161 220 129 187 226 135 194 233 141 200 109 168 226 115 174 213 122 180 239 148 207 246 154 213 102 161 220 128 187 226 135 
141 147 166 125 132 130 109 0 154 213 102 180 239 128 187 245 134 193 102 160 219 108 167 226 115 173 232 141 180 239 128 186 245 134 193 121 160 219 128 167 225 114 173 101 140 199 108 147 206 114 153 232 121 160 218 127 166 225 134 192 101 140 199 108 147 205 114 173 231 120 179 238 127 186 244 153 192 101 159 198 107 146 205 133 172 231 140 179 237 146 185 114 153 211 120 159 218 127 166 244 
199 206 225 184 190 189 168 154 0 192 231 139 198 237 146 205 113 172 211 120 178 217 126 185 244 152 191 100 159 198 107 165 204 113 172 211 119 178 217 146 204 243 152 191 100 158 197 126 185 224 132 191 230 139 178 106 165 204 113 171 238 127 186 244 153 192 101 160 199 107 166 225 133 172 231 140 179 238 146 205 114 172 211 120 159 218 127 185 244 153 212 101 159 198 107 166 224 133 192 231 
108 115 133 223 229 248 227 213 192 0 218 126 185 244 133 191 100 139 198 107 165 224 113 172 231 120 178 237 146 204 243 152 211 100 159 237 126 185 224 132 191 230 139 217 106 165 224 113 171 210 119 198 237 145 204 243 152 211 100 158 217 106 165 223 112 171 230 139 197 236 145 204 243 151 210 119 178 217 125 184 223 132 190 249 158 217 106 164 223 112 171 230 138 197 236 145 203 242 151 210 
147 154 172 132 138 137 116 102 231 218 0 105 164 223 112 190 249 138 197 105 144 203 242 171 229 118 177 236 125 183 242 131 190 249 138 196 105 144 203 111 170 229 118 177 235 124 183 112 150 209 248 157 216 105 163 242 131 190 248 137 196 235 144 222 111 170 229 137 176 235 124 202 241 150 209 118 157 215 124 183 222 130 189 248 137 196 104 143 202 111 150 209 117 156 215 124 182 241 130 189 
206 141 231 210 197 215 175 180 139 126 105 0 123 182 241 149 188 247 156 215 104 162 221 130 169 228 136 195 104 143 201 110 149 208 117 205 244 153 212 101 160 218 127 186 244 133 192 231 140 199 107 166 225 114 173 231 120 179 238 146 205 114 153 212 101 159 218 127 185 244 133 192 101 140 198 107 166 224 113 172 231 120 179 237 146 205 244 153 211 100 159 218 126 185 224 133 192 231 139 218 
245 180 140 249 236 104 233 239 198 185 164 123 0 211 120 178 237 126 185 244 133 191 100 159 217 106 165 224 113 172 230 139 198 106 145 204 243 152 211 119 158 217 126 165 223 132 171 230 139 197 106 145 204 113 152 230 119 178 236 125 184 243 132 210 249 158 197 106 145 203 112 171 230 138 177 236 145 184 242 151 210 119 158 216 125 164 223 132 190 249 138 197 105 144 203 112 171 229 118 177 
154 239 179 158 145 163 122 128 237 244 223 182 211 0 249 157 196 105 164 223 131 170 229 138 177 235 144 203 112 151 209 118 157 216 124 183 242 151 190 248 137 196 105 164 222 131 170 229 137 176 235 144 203 111 150 209 118 157 215 124 183 242 131 189 248 157 196 104 163 222 111 170 209 248 156 215 124 183 221 130 169 228 137 195 104 163 202 111 169 208 117 176 234 143 182 241 150 189 247 156 
212 148 237 216 203 222 181 187 146 133 112 241 120 249 0 136 175 234 143 202 241 149 208 117 156 214 123 182 221 130 188 247 156 195 103 162 201 110 169 227 136 195 234 143 182 240 149 208 116 175 214 123 182 221 129 188 247 155 194 103 162 201 110 168 227 136 175 233 142 201 240 149 207 116 155 214 123 181 220 149 188 246 155 194 103 162 201 129 168 227 135 174 233 142 181 109 168 207 116 155 
121 187 146 105 112 111 240 245 205 191 190 149 178 157 136 0 174 233 142 200 109 168 207 115 174 213 122 181 239 148 187 246 155 193 102 161 220 128 187 226 135 194 233 141 200 109 167 206 115 174 213 141 180 239 148 187 245 154 193 122 161 219 128 167 226 135 174 102 161 200 108 147 206 115 154 232 141 180 239 147 186 245 134 213 121 160 219 128 186 225 134 193 102 141 199 108 167 206 115 173 
180 246 185 164 171 170 149 134 113 100 249 188 237 196 175 174 0 101 160 199 238 147 186 114 153 212 121 179 218 127 166 245 134 192 101 160 199 107 166 225 134 173 231 140 179 238 146 221 110 169 208 117 175 214 123 182 241 149 188 247 156 214 103 182 221 130 169 227 136 195 234 142 201 240 149 208 247 155 194 123 181 220 129 188 227 136 194 103 162 201 110 168 227 116 175 233 142 181 240 149 
238 154 244 203 230 228 207 193 172 139 138 247 126 105 234 233 101 0 116 194 233 142 201 240 148 207 246 155 213 102 161 220 109 168 226 135 194 102 141 200 239 148 207 115 174 233 122 180 239 128 187 246 135 193 102 141 200 109 148 226 115 174 232 121 180 239 128 206 245 154 213 102 160 219 108 187 226 134 173 232 141 180 238 147 206 115 154 212 121 160 219 128 186 245 134 193 101 140 199 108 
127 193 153 112 118 117 246 102 211 198 197 156 185 164 143 142 160 116 0 134 173 231 140 199 108 166 205 114 153 212 120 179 238 147 186 244 153 192 101 159 218 127 186 225 133 172 231 140 198 107 166 205 114 172 211 120 159 218 127 166 224 133 192 100 159 198 107 166 205 113 172 231 139 178 237 146 185 244 152 211 120 178 217 126 165 204 243 172 211 119 178 217 126 185 243 152 191 100 158 197 
186 122 192 190 177 176 155 160 120 107 105 215 244 223 202 200 199 194 134 0 152 210 249 158 217 106 165 223 112 171 230 119 177 236 125 204 112 151 210 119 158 216 105 184 243 132 190 249 138 197 105 164 223 112 171 229 118 177 236 145 203 242 151 210 249 157 216 125 184 242 131 190 229 138 196 105 164 223 112 170 229 118 177 235 124 183 242 131 190 248 137 216 105 164 222 111 170 229 137 196 
245 161 100 229 216 235 214 219 178 165 144 104 133 131 241 109 238 233 173 152 0 170 228 137 196 105 144 202 111 150 209 137 176 235 124 183 241 130 189 117 156 215 124 163 222 111 169 248 137 195 104 143 202 111 150 208 117 156 215 124 163 221 130 189 247 136 195 104 143 202 110 169 228 117 175 234 123 182 241 149 208 117 156 214 123 162 221 130 188 247 136 195 104 143 201 110 169 227 136 175 
134 220 159 138 125 124 103 108 217 224 203 162 191 170 149 168 147 142 231 210 170 0 207 116 175 214 123 181 240 149 188 246 135 174 233 142 201 109 168 207 116 174 213 122 181 240 148 187 246 155 194 122 161 220 129 168 226 135 174 126 165 224 133 172 230 139 178 107 165 204 113 152 211 119 158 237 146 185 243 152 191 100 139 197 106 165 204 113 171 210 119 178 236 145 184 243 152 191 249 158 
193 128 198 197 184 182 161 167 126 113 242 221 100 229 208 207 186 201 140 249 228 207 0 119 177 216 125 164 223 132 190 249 158 197 106 164 203 112 171 210 118 177 216 125 184 223 131 190 249 157 196 105 164 223 112 170 229 138 177 235 144 203 242 170 209 248 157 196 105 163 222 131 190 229 137 196 235 144 203 111 170 209 118 176 235 124 183 242 131 189 228 137 196 104 143 222 111 170 209 117 
232 167 127 236 242 241 247 226 185 172 171 130 159 138 117 115 114 240 199 158 137 116 119 0 117 156 215 123 182 241 150 189 247 136 195 124 163 221 130 169 228 136 175 104 143 202 110 149 208 117 156 234 123 182 241 130 188 247 156 214 103 162 221 110 169 227 136 175 234 143 182 240 129 188 247 155 214 123 162 221 129 168 227 136 194 103 142 201 110 149 207 116 175 233 122 181 220 109 168 227 
140 226 166 145 151 130 155 115 244 231 229 169 217 177 156 174 153 148 108 217 196 175 177 117 0 135 194 233 141 180 239 168 207 115 174 213 122 181 220 128 187 226 135 193 232 141 200 109 167 206 115 174 213 121 180 239 148 187 245 154 213 102 160 219 128 187 226 134 193 232 141 200 108 167 226 115 173 212 121 180 239 147 206 245 154 212 101 180 219 128 186 225 134 193 232 140 199 238 147 206 
199 135 224 203 210 189 194 173 152 120 118 228 106 235 214 213 212 207 166 106 105 214 216 156 135 0 153 231 120 179 238 127 186 244 133 212 101 160 218 107 166 225 114 192 231 140 199 107 146 205 244 172 211 120 179 238 127 185 244 153 211 100 159 218 107 166 224 113 172 231 120 179 237 126 185 244 152 211 100 159 218 107 165 244 133 191 100 139 198 237 146 224 113 172 230 119 178 237 126 204 
108 193 133 242 119 248 103 232 191 178 177 136 165 144 123 122 121 246 205 165 144 123 125 215 194 153 0 191 249 138 197 126 165 223 112 171 230 139 178 106 145 204 112 151 190 249 138 217 106 164 223 112 171 229 118 197 106 145 203 242 151 210 118 177 236 125 184 242 131 190 249 122 180 219 128 187 226 135 193 102 161 200 109 167 206 115 174 232 141 180 239 148 206 245 154 213 121 160 219 128 
147 102 172 171 158 156 162 141 100 237 236 195 224 203 182 181 179 155 114 223 202 181 164 123 233 231 191 0 212 101 160 199 108 167 206 134 193 232 140 199 238 147 206 114 173 212 121 180 219 127 186 225 134 192 231 140 199 238 147 205 114 173 212 120 179 238 127 205 244 153 192 101 159 218 107 186 225 114 172 231 120 179 218 146 205 244 153 211 100 159 218 127 185 224 133 192 100 139 198 107 
205 141 231 210 216 215 221 180 159 146 125 104 113 112 221 239 218 213 153 112 111 240 223 182 141 120 249 212 0 230 119 198 237 146 204 243 152 211 119 178 237 126 185 224 132 191 100 159 217 106 165 224 113 171 230 139 198 237 145 204 113 152 210 119 178 237 126 184 243 132 191 100 158 217 106 165 223 112 171 230 119 178 236 125 184 243 132 210 249 158 217 106 164 223 112 190 249 138 197 106 
114 200 139 118 105 104 110 239 198 204 183 143 172 151 130 148 127 102 212 171 150 149 132 241 180 179 138 101 230 0 248 157 196 105 164 222 131 170 229 137 176 235 144 203 111 170 209 118 157 216 124 183 242 150 189 248 157 196 105 163 222 131 170 228 137 176 235 144 202 111 150 209 118 176 215 124 183 241 130 189 248 157 196 124 163 222 111 169 228 137 176 104 163 202 111 150 208 117 156 235 
153 109 198 177 164 163 168 128 107 243 242 201 230 209 188 187 166 161 120 230 209 188 190 150 239 238 197 160 119 248 0 156 195 104 162 201 110 169 208 136 175 234 143 182 240 149 208 117 175 214 123 162 221 129 188 247 156 195 103 162 201 110 168 227 136 195 234 142 181 240 149 208 116 175 214 123 181 220 129 188 247 155 194 103 162 201 109 168 227 136 175 233 142 181 240 148 207 116 155 214 
212 148 107 216 223 221 227 186 165 152 131 110 139 118 247 246 245 220 179 119 137 246 249 189 168 127 126 199 198 157 156 0 194 102 161 200 109 168 207 115 174 213 122 180 239 148 207 246 154 213 102 161 219 128 187 226 115 154 213 141 180 239 147 186 245 154 193 121 160 219 128 187 226 134 193 102 141 199 108 167 206 115 173 188 246 155 194 103 162 201 109 168 227 135 174 233 142 181 240 148 
121 206 146 125 131 110 136 245 204 211 190 149 198 157 156 155 134 109 238 177 176 135 158 247 207 186 165 108 237 196 195 194 0 187 246 154 193 102 161 220 128 167 226 135 174 233 141 200 109 167 206 115 154 213 122 180 239 148 187 245 154 193 102 141 200 108 167 206 115 173 212 141 180 239 147 186 245 154 193 121 180 219 128 167 225 134 173 102 141 199 238 147 206 245 153 212 121 180 219 127 
160 115 205 184 190 169 194 134 113 100 249 208 106 216 195 193 192 168 147 236 235 174 197 136 115 244 223 167 146 105 104 102 187 0 205 114 173 231 120 179 238 127 185 244 153 212 101 159 218 107 166 224 133 192 101 140 198 237 146 205 113 172 231 120 179 237 126 205 244 153 211 100 159 218 107 185 224 133 192 231 139 198 237 165 204 113 172 211 120 178 237 126 185 243 132 191 230 139 198 106 
218 174 113 223 249 228 233 193 172 159 138 117 145 124 103 102 101 226 186 125 124 233 106 195 174 133 112 206 204 164 162 161 246 205 0 223 132 171 230 158 197 106 164 203 112 151 210 138 177 236 145 184 242 151 190 119 158 216 125 164 223 131 170 249 138 197 105 164 203 112 171 229 118 177 236 144 183 242 151 210 118 157 216 125 164 222 131 190 249 138 196 105 144 203 111 170 229 138 177 235 
127 213 172 151 138 137 142 121 211 237 196 205 204 183 162 161 160 135 244 204 183 142 164 124 213 212 171 134 243 222 201 200 154 114 223 0 131 170 228 137 196 235 143 202 111 150 209 117 176 215 124 182 241 150 189 248 156 195 104 163 221 130 169 228 137 176 234 163 202 111 169 208 117 156 215 143 182 241 150 189 247 156 195 123 162 221 130 169 228 136 195 104 143 201 110 149 208 117 175 234 
166 121 211 190 197 195 201 160 119 126 105 244 243 242 201 220 199 194 153 112 241 201 203 163 122 101 230 193 152 131 110 109 193 173 132 131 0 168 227 155 194 103 162 201 110 168 207 116 175 214 122 181 220 129 188 246 155 194 103 162 201 109 168 227 135 174 233 142 181 220 129 187 246 155 194 102 161 200 109 168 226 135 174 233 141 180 239 148 207 115 154 213 122 161 220 136 195 103 142 201 
225 180 120 249 105 104 240 219 178 185 144 153 152 151 110 128 107 102 192 151 130 109 112 221 181 160 139 232 211 170 169 168 102 231 171 170 168 0 214 122 161 220 129 188 246 135 194 103 142 200 109 168 227 116 174 233 142 181 240 148 207 116 155 213 122 161 220 129 187 246 135 194 102 141 200 109 148 207 115 174 213 122 161 239 128 187 246 154 193 102 161 220 109 167 226 135 174 232 141 200 
134 219 178 157 144 143 149 128 217 224 203 212 211 190 169 187 166 141 101 210 189 168 171 130 220 218 178 140 119 229 208 207 161 120 230 228 227 214 0 101 160 199 108 167 206 114 173 232 140 179 238 147 206 245 153 212 121 160 219 127 186 225 134 192 101 140 199 108 166 205 114 173 231 140 179 238 147 186 244 173 212 120 159 218 127 166 225 153 192 101 160 199 107 146 205 133 172 231 140 179 
173 128 237 216 203 202 207 167 146 132 111 101 119 248 227 226 225 200 159 119 117 207 210 169 128 107 106 199 178 137 136 115 220 179 158 137 155 122 101 0 119 158 217 126 185 243 132 191 100 139 197 106 165 224 113 171 230 119 178 237 145 204 243 152 210 249 158 237 126 184 223 132 191 230 138 217 106 165 223 112 171 230 119 197 236 145 204 243 151 210 249 178 217 125 184 243 132 190 229 158 
231 167 126 105 112 241 116 225 204 191 170 160 158 137 136 135 134 239 218 158 156 116 118 228 187 166 145 238 237 176 175 174 128 238 197 196 194 161 160 119 0 157 216 105 164 222 111 190 249 138 196 105 144 203 111 170 229 118 177 235 124 183 242 150 209 248 157 216 124 163 222 131 189 228 137 196 105 144 202 111 170 229 118 176 235 124 183 111 150 209 248 157 215 104 163 241 130 189 248 137 
140 226 185 164 170 149 175 114 243 230 229 218 217 196 195 194 173 148 127 216 215 174 177 136 226 225 204 147 126 235 234 213 167 127 106 235 103 220 199 158 157 0 215 123 182 241 130 189 247 136 195 104 162 221 110 169 228 117 175 234 143 182 240 129 188 247 136 214 123 162 221 129 168 227 116 195 103 142 201 110 129 188 247 155 214 123 162 220 109 168 227 136 194 103 142 201 109 148 207 116 
179 134 224 223 229 208 214 173 152 139 118 127 126 105 234 233 231 207 186 105 124 213 216 175 135 114 112 206 185 144 143 122 226 185 164 143 162 129 108 217 216 215 0 236 125 184 243 151 210 119 158 216 125 164 223 132 190 249 138 197 105 144 203 112 171 229 138 177 236 125 183 112 151 210 118 157 216 125 164 242 131 190 249 138 196 105 144 203 112 151 209 118 157 216 124 183 242 131 190 248 
238 193 133 131 118 117 122 101 191 217 177 186 165 164 143 141 140 115 225 184 163 122 125 104 193 192 151 114 224 203 182 180 135 244 203 202 201 188 167 126 105 123 236 0 104 163 202 111 169 208 117 195 234 143 182 241 150 189 247 176 215 123 182 221 130 169 228 156 195 104 163 221 110 169 208 136 175 234 143 202 241 149 208 117 156 214 123 182 221 130 188 247 136 195 103 162 201 110 169 227 
146 102 172 170 177 176 181 140 100 106 235 244 223 222 182 200 179 174 133 243 222 181 184 143 232 231 190 173 132 111 240 239 174 153 112 111 110 246 206 185 164 182 125 104 0 122 161 240 129 187 246 135 194 102 141 220 129 168 226 115 174 233 122 200 109 148 207 115 154 213 102 181 239 128 187 246 135 193 102 161 220 109 167 226 115 174 232 141 200 239 148 206 245 154 213 121 180 219 128 187 
185 160 230 229 236 234 220 199 158 165 124 133 132 131 240 109 238 233 172 132 111 240 223 202 141 140 249 212 191 170 149 148 233 212 151 150 168 135 114 243 222 241 184 163 122 0 160 219 127 166 225 134 192 101 140 199 108 147 205 114 173 231 120 179 238 127 186 114 153 212 101 160 218 127 166 244 133 192 101 140 199 107 146 225 114 172 231 140 179 238 127 205 244 153 211 120 159 218 127 185 
244 199 139 138 125 123 129 108 197 224 183 192 171 170 149 167 146 122 231 190 169 148 131 110 200 199 138 121 100 209 208 207 141 101 210 209 207 194 173 132 111 130 243 202 161 160 0 237 146 185 243 132 191 100 139 217 126 165 224 133 172 230 119 198 106 145 204 113 152 211 119 158 217 126 165 223 132 171 230 139 197 106 145 204 112 151 210 139 178 236 125 184 223 132 171 249 138 197 106 145 
153 108 198 196 203 182 188 147 126 113 112 231 230 229 208 206 221 180 140 249 248 187 190 149 109 107 217 180 159 118 117 246 200 159 138 117 116 103 232 191 190 189 151 111 240 219 237 0 177 216 125 203 242 151 210 249 157 216 105 183 222 131 190 229 138 196 105 164 203 112 170 229 118 177 235 144 183 242 151 209 248 157 216 124 183 222 131 190 229 137 196 105 163 222 111 170 209 118 176 215 
192 167 106 113 242 241 227 206 185 171 150 140 139 137 116 115 110 239 198 138 137 246 249 208 167 146 106 219 217 157 175 154 109 218 177 176 175 142 140 100 249 247 210 169 129 127 146 177 0 195 104 162 201 110 149 228 136 175 234 143 182 240 149 208 117 156 214 123 162 221 130 188 247 136 195 103 142 201 110 169 227 116 175 234 123 181 240 149 208 116 155 214 123 162 220 129 188 247 136 194 
101 206 165 152 151 130 135 114 224 210 209 199 197 176 175 174 169 128 107 197 195 155 157 117 206 205 164 127 106 216 214 213 167 107 236 215 214 200 179 139 138 136 119 208 187 166 185 216 195 0 233 161 200 109 148 207 246 135 193 102 161 200 108 167 226 115 174 232 141 200 239 148 206 245 154 213 121 180 219 128 187 226 134 213 102 160 199 108 167 206 115 193 232 141 199 238 147 186 245 173 
159 115 204 211 210 189 194 153 132 119 248 107 106 235 214 213 208 187 166 105 104 194 196 156 115 244 223 186 165 124 123 102 206 166 145 124 122 109 238 197 196 195 158 117 246 225 243 125 104 233 0 120 179 218 127 186 244 133 192 231 140 198 237 166 225 114 172 231 120 179 218 146 205 244 153 211 100 159 218 127 185 224 133 192 231 139 198 107 166 205 113 172 211 120 178 237 146 185 244 152 
198 173 113 119 249 247 103 232 191 198 157 166 145 144 123 141 117 246 205 164 143 122 105 234 174 172 112 225 224 183 162 161 115 224 184 182 181 168 147 106 105 104 216 195 135 134 132 203 162 161 120 0 178 217 126 184 243 132 191 100 158 197 106 165 223 112 171 230 139 197 236 145 204 243 151 230 119 178 217 125 184 223 132 190 229 138 197 106 145 203 242 171 210 119 177 236 125 184 242 151 
107 232 172 178 157 156 142 121 230 237 216 225 204 203 182 180 175 135 114 223 202 161 164 123 213 211 171 134 113 242 221 219 154 133 242 241 220 227 206 165 144 162 125 234 194 192 191 242 201 200 179 178 0 249 158 236 125 184 243 132 190 229 138 217 106 164 223 112 171 229 118 197 236 145 203 242 151 210 249 177 216 125 184 242 131 190 249 158 197 105 164 223 112 170 229 138 197 236 144 203 
166 141 211 217 216 215 200 160 139 145 105 114 113 111 221 239 214 193 172 112 111 220 223 182 121 120 229 192 171 150 129 128 213 192 151 150 129 116 245 224 203 221 164 143 102 101 100 151 110 109 218 217 249 0 137 196 104 143 202 130 169 208 117 176 215 124 163 241 150 189 247 156 195 104 163 221 130 169 228 136 175 234 143 202 110 149 208 117 156 215 123 182 241 130 188 247 136 195 104 162 
205 180 119 126 105 104 239 218 178 204 163 173 152 150 129 148 123 102 211 171 150 129 112 241 180 179 118 231 230 189 188 187 122 101 190 189 188 174 153 113 111 110 223 182 141 140 139 210 149 148 127 126 158 137 0 175 233 142 181 240 148 187 246 175 214 122 161 220 109 148 207 115 174 213 122 181 239 128 187 246 154 213 102 161 220 109 167 226 135 194 233 141 200 239 148 226 115 174 213 122 
113 239 178 185 183 162 168 127 106 243 242 231 230 209 188 187 182 141 120 229 208 168 170 130 239 238 197 140 139 248 247 226 180 140 119 248 246 233 212 171 170 169 132 241 220 199 217 249 228 207 186 184 236 196 175 0 212 101 160 219 127 186 225 134 193 232 140 199 108 147 205 244 153 212 101 179 238 127 186 245 134 192 231 160 218 107 166 225 114 173 231 140 199 238 146 205 244 153 212 120 
172 147 237 224 222 221 207 166 165 152 131 120 119 118 247 245 241 200 159 118 117 226 229 188 148 127 106 199 198 157 156 115 239 198 158 156 155 142 121 230 229 228 190 150 129 108 126 157 136 246 244 243 125 104 233 212 0 100 159 217 126 165 224 133 191 230 139 198 106 145 204 113 172 211 119 178 237 126 185 243 152 211 100 158 217 106 165 243 132 191 230 139 197 236 145 204 243 152 210 119 
211 186 146 132 131 110 116 225 204 211 190 179 178 157 155 154 149 109 218 177 156 135 138 247 187 185 145 238 237 196 195 154 148 237 216 195 194 181 160 119 118 117 249 189 168 147 165 216 175 135 133 132 184 143 142 101 100 0 118 196 105 144 203 242 150 209 248 177 235 124 183 242 131 190 229 157 216 105 163 222 111 170 229 137 196 235 144 202 241 150 209 118 176 215 124 183 222 130 189 248 
120 245 185 191 190 169 174 134 113 100 248 238 236 215 194 193 188 148 127 236 215 174 177 156 245 244 203 147 145 105 103 213 187 146 125 104 103 240 219 178 177 175 138 247 226 205 224 105 234 193 192 191 243 202 181 160 159 118 0 156 214 123 162 241 149 188 247 136 195 103 142 221 110 149 208 116 175 214 123 181 240 149 188 247 155 194 103 162 220 129 168 227 136 175 233 142 201 110 148 207 
179 154 243 100 229 228 233 192 171 158 137 146 125 124 103 122 247 226 166 145 124 126 235 214 154 153 242 205 204 163 162 141 245 205 164 163 162 148 127 237 235 234 197 176 115 114 133 183 143 102 231 100 132 130 240 219 217 196 156 0 224 133 172 230 139 198 237 165 204 113 172 211 120 178 217 146 185 243 152 211 100 119 178 237 145 204 243 152 210 249 158 237 126 184 223 132 191 230 138 217 
218 212 152 159 138 136 122 101 238 217 196 205 184 183 162 161 156 115 224 203 163 165 144 103 213 211 151 114 113 222 201 180 154 113 223 221 201 207 186 145 124 143 105 215 174 173 172 222 182 161 140 158 190 169 148 127 126 105 214 224 0 112 151 229 118 177 216 125 183 242 131 210 249 157 216 105 164 222 111 170 229 118 177 235 124 183 242 150 209 248 157 216 124 163 222 131 189 228 137 196 
126 121 191 217 196 195 181 140 127 106 235 114 243 242 201 219 214 174 133 242 221 224 203 162 102 100 210 173 152 131 110 239 193 172 131 130 109 116 225 204 183 182 144 123 233 231 230 131 240 200 198 197 229 208 187 186 165 144 123 133 112 0 149 208 117 156 215 123 182 241 130 189 247 136 195 104 162 221 110 169 228 117 175 104 143 201 240 149 208 247 156 234 123 182 241 130 188 227 136 214 
185 180 100 106 235 234 240 199 186 165 144 153 132 131 110 128 103 232 192 151 130 133 242 221 160 159 118 212 210 170 168 147 102 231 170 169 168 155 134 243 242 240 203 182 122 120 119 190 149 108 237 106 138 117 246 225 224 203 162 172 151 149 0 113 172 231 140 179 237 126 185 113 152 211 120 159 218 126 165 244 133 192 100 139 198 107 146 224 113 172 231 120 178 237 146 204 243 152 211 100 
224 219 158 165 164 143 148 108 244 223 222 212 210 189 168 167 182 121 100 210 189 172 170 110 219 218 177 120 119 228 227 186 141 120 249 228 227 213 192 152 150 129 112 221 200 179 198 229 208 167 166 165 217 176 175 134 133 242 241 230 229 208 113 0 151 210 119 177 236 125 184 243 131 190 249 158 216 125 164 223 112 171 229 138 177 236 144 183 242 151 190 118 157 216 125 164 222 131 170 249 
133 128 197 204 222 201 187 147 153 112 111 101 249 248 227 226 221 180 159 249 247 230 209 169 128 107 236 179 178 137 136 245 200 179 138 137 135 122 101 210 209 188 171 130 109 238 106 138 117 226 225 223 106 215 214 193 191 150 149 139 118 117 172 151 0 209 117 156 215 124 183 241 130 189 248 156 195 104 163 222 130 169 228 137 176 234 143 202 111 150 208 117 156 195 234 162 201 110 169 208 
191 186 106 113 111 110 246 205 192 171 170 159 158 157 136 135 130 239 198 157 136 139 248 227 187 166 125 238 237 176 195 154 108 237 197 176 174 161 140 249 248 247 229 169 148 127 145 196 156 115 114 112 164 124 122 232 230 209 188 198 177 156 231 210 209 0 227 155 194 103 162 201 109 168 207 135 174 233 142 201 240 148 207 116 155 213 122 181 220 129 187 246 155 194 103 161 200 109 168 226 
100 225 165 171 170 149 155 114 101 230 229 218 197 196 175 174 169 128 107 216 195 178 157 136 226 224 184 127 126 235 234 193 167 126 105 234 233 220 199 158 157 136 138 228 207 186 204 105 214 174 172 171 223 163 161 140 139 248 247 237 216 215 140 119 117 227 0 154 193 102 160 219 128 186 225 134 173 232 141 199 108 167 206 114 173 212 121 180 238 147 186 245 154 193 101 160 219 127 166 225 
139 134 204 230 209 208 213 173 160 139 137 127 106 104 233 102 227 206 166 125 104 107 196 175 134 113 242 205 184 144 142 121 206 205 164 163 142 129 108 237 216 214 177 156 115 114 113 164 123 232 231 230 112 241 220 199 198 177 136 165 125 123 179 177 156 155 154 0 200 108 167 206 115 173 212 141 180 239 147 206 245 154 212 121 160 219 128 186 225 134 193 232 140 199 238 147 186 245 153 212 
198 193 113 139 118 117 102 231 199 197 176 185 145 163 142 161 136 245 205 184 143 165 105 234 193 172 131 244 243 202 181 160 115 244 203 202 181 187 166 126 124 123 236 195 154 153 152 203 162 141 120 139 171 150 109 108 106 235 195 204 183 182 237 236 215 194 193 200 0 218 126 205 244 133 191 100 139 198 107 165 224 113 172 230 119 178 237 146 204 243 152 211 100 158 217 126 165 224 113 171 
237 101 171 198 177 175 161 120 107 236 235 244 203 222 201 200 195 154 113 242 202 204 163 143 232 231 190 153 132 111 240 219 173 153 112 111 220 246 205 184 163 162 125 104 213 212 211 112 221 200 179 197 229 189 148 147 145 124 103 113 242 241 126 125 124 103 102 108 218 0 105 164 223 112 170 229 118 177 236 125 183 242 131 209 248 157 216 105 164 222 111 190 249 138 196 235 144 203 242 170 
146 160 230 237 216 214 220 179 166 145 124 133 112 111 240 108 234 213 172 131 110 113 222 182 141 120 249 192 191 150 149 128 212 211 171 169 129 135 114 223 222 221 183 163 102 101 119 170 130 239 218 236 118 247 207 205 204 183 142 172 131 130 185 184 183 162 160 167 126 105 0 123 162 221 130 188 227 136 195 104 162 201 110 169 208 116 175 234 143 182 240 149 188 247 156 214 123 182 221 129 
204 199 139 145 144 123 129 238 225 204 202 192 171 170 149 147 142 102 231 190 169 152 131 240 200 179 122 101 100 209 208 187 141 100 229 208 187 194 173 132 131 129 112 221 181 160 158 229 188 148 146 145 197 156 115 244 113 242 221 211 210 189 113 243 241 201 219 206 205 164 123 0 161 200 109 167 206 115 174 233 122 180 239 148 187 245 154 213 102 161 219 128 187 226 135 193 232 141 200 108 
243 108 178 204 203 182 187 127 133 243 241 101 230 209 207 206 201 160 139 229 228 211 190 129 108 237 180 159 158 118 116 226 180 159 118 117 246 102 231 191 189 168 151 110 239 218 217 118 247 206 205 204 236 195 174 153 172 131 110 120 249 247 152 131 130 109 128 115 244 223 162 161 0 136 195 217 146 205 192 146 205 244 152 211 100 159 217 126 185 224 133 191 230 139 198 106 165 204 113 172 
152 167 236 243 242 240 226 186 172 151 150 140 138 248 116 115 240 219 178 138 117 119 229 188 167 126 219 218 217 176 175 134 239 218 177 156 155 141 140 230 228 227 210 169 128 127 126 177 136 245 244 243 145 104 213 212 211 190 149 178 157 136 211 190 189 168 186 173 133 112 221 200 136 0 131 210 244 153 192 101 159 198 107 166 205 113 172 211 120 179 218 146 205 244 153 192 100 159 198 126 
211 206 145 152 150 129 135 244 231 210 209 198 177 156 155 154 149 108 237 196 175 158 137 247 226 185 128 107 106 215 214 193 147 107 236 215 194 200 179 138 137 116 118 208 187 166 165 235 195 154 153 151 203 163 122 101 119 229 208 217 216 195 120 249 248 207 225 212 191 170 130 109 195 131 0 145 203 112 151 210 119 177 216 125 184 243 131 210 249 158 216 105 164 223 112 190 229 138 197 236 
120 134 184 210 209 208 194 153 140 119 118 107 236 215 214 232 208 187 146 105 234 237 196 155 115 244 187 186 165 124 123 102 186 185 144 143 102 109 238 217 196 195 157 136 246 244 223 144 103 213 211 230 242 221 181 179 178 157 116 146 105 104 159 158 156 135 134 141 100 229 188 167 217 210 145 0 163 221 130 194 202 209 216 243 101 108 135 143 150 157 165 192 199 207 214 221 229 106 244 121 
159 173 243 119 248 247 233 192 179 178 157 166 145 124 123 141 247 226 185 164 123 146 235 214 173 152 226 225 223 183 181 141 245 224 183 182 161 148 147 106 105 103 216 175 135 133 132 183 142 121 100 119 151 130 239 238 237 216 175 185 164 162 218 216 195 174 173 180 139 118 227 206 146 244 203 163 0 242 249 126 134 141 149 156 163 171 198 205 213 220 227 235 242 249 107 134 141 149 156 183 
217 232 152 178 157 156 141 101 238 217 215 224 184 183 181 180 155 134 244 223 182 185 144 123 212 211 135 114 112 241 220 199 154 133 242 241 200 207 186 165 144 142 125 234 193 192 171 242 201 180 159 178 210 169 128 127 126 105 214 243 222 221 126 125 104 233 232 239 198 177 136 115 205 153 112 221 242 0 162 169 177 184 191 218 226 233 110 118 125 132 140 201 189 216 140 167 175 182 189 216 
126 140 210 217 216 214 200 159 146 125 124 113 242 221 220 239 194 173 152 112 241 243 203 162 121 100 193 172 171 130 129 108 193 192 151 150 109 115 244 223 202 201 164 143 102 101 230 151 110 219 218 217 249 228 187 186 185 163 123 152 111 110 165 164 163 142 141 147 107 236 195 174 192 192 151 130 249 162 0 203 190 217 225 232 239 247 104 131 139 146 153 161 188 195 203 230 237 245 102 109 
185 179 119 126 124 103 109 198 205 184 183 172 151 130 149 147 123 232 211 170 149 152 111 221 180 159 102 231 230 189 188 167 121 231 210 189 168 174 173 112 111 110 242 202 161 140 139 209 169 128 127 125 177 136 246 245 243 222 181 211 170 169 244 223 222 201 199 206 165 125 104 233 146 101 210 194 126 169 203 0 122 130 137 164 172 179 186 194 221 228 236 113 120 127 135 142 150 157 164 172 
224 238 178 184 183 162 168 107 114 223 222 231 210 169 188 186 181 141 120 229 208 191 170 129 239 218 161 120 119 248 247 206 180 139 118 247 226 213 212 171 170 129 131 241 220 199 197 248 227 187 185 184 216 175 154 134 152 111 240 100 229 228 133 112 130 240 108 245 224 183 162 122 205 159 119 202 134 177 190 122 0 192 219 227 234 242 249 126 133 141 148 156 163 190 197 205 232 239 247 104 
132 147 217 223 222 221 226 146 172 132 130 120 119 228 246 245 220 180 178 118 117 100 209 168 147 107 200 179 178 157 155 115 219 198 157 156 135 122 120 230 229 188 190 149 109 107 106 157 116 226 224 223 125 234 213 192 211 170 149 119 118 117 192 171 169 148 167 154 113 242 201 180 244 198 177 209 141 184 217 130 192 0 132 159 166 174 181 189 196 203 211 238 245 102 130 117 144 152 159 166 
191 186 125 132 131 110 115 205 211 190 189 179 158 137 155 134 129 238 217 177 156 139 118 227 206 165 109 218 236 196 194 173 128 237 216 195 174 161 159 119 118 247 249 208 167 146 145 216 175 134 133 132 184 143 102 231 100 229 188 178 177 175 100 229 228 207 206 212 172 131 110 239 152 107 216 216 149 191 225 137 219 132 0 202 209 217 224 101 108 116 123 150 158 165 172 199 207 214 222 229 
100 114 184 191 190 188 174 133 120 249 248 237 216 195 194 213 188 147 126 235 214 197 176 136 245 244 167 146 125 124 103 188 167 165 125 123 233 239 218 197 176 155 138 117 226 225 204 124 234 213 192 190 242 202 161 160 158 137 247 237 235 104 139 138 137 116 114 121 230 209 169 148 211 166 125 243 156 218 232 164 227 159 202 0 106 114 141 128 155 163 170 197 205 212 219 227 234 242 249 126 
119 153 223 249 229 247 213 172 159 158 137 146 125 104 103 121 227 206 165 124 123 106 235 194 154 133 206 205 184 163 162 246 225 204 164 162 141 128 127 236 235 214 196 156 115 114 112 183 123 102 231 229 131 110 220 218 217 196 155 145 124 143 198 177 176 155 173 160 119 248 208 187 100 205 184 101 163 226 239 172 234 166 209 106 0 215 223 100 107 115 122 129 137 144 152 179 186 193 221 208 
178 212 132 158 137 136 122 231 218 217 196 205 164 163 162 160 136 115 204 183 162 165 124 103 212 191 115 244 243 222 201 155 134 113 222 221 180 187 166 145 124 123 105 214 174 172 151 222 181 160 139 138 190 149 109 107 106 235 194 204 183 201 107 236 234 213 212 219 178 157 116 245 159 113 243 108 171 233 247 179 242 174 217 114 215 0 175 182 190 197 204 231 239 246 104 111 138 145 153 180 
217 121 191 197 196 195 180 140 127 106 104 244 223 202 201 219 194 154 243 242 221 204 183 142 101 100 174 153 132 111 109 194 173 172 131 130 239 246 225 204 183 162 144 123 232 231 210 131 240 199 198 197 249 208 167 166 165 144 103 243 242 240 146 144 143 122 121 128 237 216 175 154 217 172 131 135 198 110 104 186 249 181 224 141 223 175 0 134 122 149 156 164 171 178 186 213 220 228 235 242 
145 160 249 106 105 234 239 179 185 164 143 153 132 111 129 128 103 212 172 131 130 113 242 201 180 139 232 211 210 169 168 103 102 211 190 169 148 154 153 243 111 220 203 182 141 140 139 190 149 108 107 106 158 117 226 225 243 202 162 152 150 149 224 183 202 181 180 186 146 105 234 213 126 211 210 143 205 118 131 194 126 189 101 128 100 182 134 0 204 211 219 246 103 130 138 145 152 160 167 194 
204 219 158 165 163 142 148 237 244 223 202 211 190 169 168 186 162 121 211 190 188 171 131 110 219 198 141 100 249 228 227 162 141 120 249 228 207 193 192 151 150 109 112 221 200 179 178 229 208 167 166 145 197 156 135 114 132 241 220 210 209 208 113 242 111 220 238 225 204 164 143 102 185 120 249 150 213 125 139 221 133 196 108 155 107 190 122 204 0 245 103 110 118 125 132 140 147 174 182 189 
243 127 197 204 202 201 207 146 153 112 111 100 249 208 227 225 201 160 119 248 247 210 189 149 128 237 180 159 158 137 136 201 199 178 138 136 115 102 101 210 209 168 151 130 239 238 236 137 116 206 205 203 105 215 194 173 191 150 129 249 248 247 172 151 150 129 147 134 243 222 182 161 224 179 158 157 220 132 146 228 141 203 116 163 115 197 149 211 245 0 165 192 200 207 215 222 229 237 244 121 
152 166 106 112 111 240 246 185 212 171 150 159 138 117 135 134 110 219 178 137 136 119 228 207 186 146 239 218 217 176 175 109 238 237 196 195 154 161 160 249 248 227 209 188 148 127 125 196 155 115 113 242 164 123 233 231 230 209 168 158 157 156 231 190 208 187 186 193 152 111 240 219 133 218 216 165 227 140 153 236 148 211 123 170 122 204 156 219 103 165 0 105 112 120 127 134 162 149 176 184 
210 245 165 171 170 169 154 114 101 230 209 218 197 176 174 193 168 128 217 216 195 178 137 116 225 224 148 127 106 104 233 168 147 126 105 104 213 220 199 178 157 136 118 247 206 205 184 105 214 193 172 171 223 182 141 140 139 118 227 237 216 234 120 118 117 246 245 232 211 190 149 128 191 146 105 192 235 201 161 113 156 238 150 197 129 231 164 246 110 192 105 0 175 182 190 197 224 212 239 246 
249 153 204 230 229 227 213 153 159 138 117 126 105 234 233 102 227 186 126 105 104 236 196 175 134 113 206 185 164 163 142 227 206 185 144 143 122 109 107 217 215 194 157 136 245 244 223 163 123 232 211 210 112 241 200 199 197 176 136 126 124 123 178 157 156 155 154 140 100 249 188 187 230 205 164 199 242 189 188 120 163 245 158 205 137 239 171 103 118 200 112 175 0 225 232 109 137 124 151 159 
158 192 112 119 118 116 102 211 198 197 156 185 144 143 142 141 116 245 185 164 143 145 104 233 193 172 245 224 223 202 181 135 245 243 203 201 161 167 146 125 104 103 216 195 154 153 132 222 162 141 120 119 170 130 239 238 236 215 175 184 163 182 237 216 195 194 193 199 158 138 247 226 139 244 223 207 249 216 195 127 190 102 165 212 144 246 178 130 125 207 120 182 225 0 121 128 156 163 170 178 
217 101 171 178 176 175 161 120 107 236 215 224 203 182 181 199 175 134 243 222 201 184 143 122 232 230 154 133 112 111 240 174 153 132 111 110 220 226 205 184 163 142 124 103 213 211 171 111 220 199 178 177 229 188 148 146 145 124 233 223 222 241 146 125 234 103 101 238 217 196 156 135 198 153 112 214 107 140 203 135 197 130 172 219 152 104 186 138 132 215 127 190 232 121 0 230 108 245 122 130 
106 140 230 217 235 234 220 159 166 145 124 133 112 241 109 108 233 193 152 111 110 243 222 181 140 119 213 192 190 150 148 233 212 191 170 149 136 135 133 243 241 201 183 162 121 120 249 170 129 238 237 236 138 247 226 205 204 183 142 132 131 130 204 164 162 161 160 147 126 235 214 193 106 192 190 221 134 167 230 142 205 117 199 227 179 111 213 145 140 222 134 197 109 128 230 0 249 106 114 141 
165 199 138 125 144 103 128 218 224 203 182 192 171 150 168 167 142 101 191 170 169 152 111 220 199 178 121 100 249 208 207 142 121 230 229 208 195 174 172 132 130 109 242 201 180 159 138 209 188 147 146 125 197 136 115 244 243 222 201 191 189 188 243 222 201 200 219 186 165 144 123 232 165 100 229 229 141 175 237 150 232 144 207 234 186 138 220 152 147 229 162 224 137 156 108 249 0 216 223 231 
223 108 197 184 183 162 187 127 133 242 241 231 229 189 207 206 181 140 100 229 227 191 170 109 238 237 160 139 138 117 116 181 180 139 138 117 103 232 231 190 189 148 131 110 219 218 197 118 247 186 185 184 236 195 174 153 152 130 110 230 228 227 152 131 110 109 127 245 224 203 182 141 204 159 138 106 149 182 245 157 239 152 214 242 193 145 228 160 174 237 149 212 124 163 245 106 216 0 191 218 
112 147 236 223 241 220 226 166 192 151 130 139 118 247 116 115 240 199 158 137 136 249 209 168 147 126 219 198 197 156 155 240 219 198 177 175 142 141 140 229 248 207 190 169 128 127 106 176 136 245 244 242 144 104 213 212 210 189 148 138 137 136 211 170 169 168 166 153 113 242 221 200 113 198 197 244 156 189 102 164 247 159 222 249 221 153 235 167 182 244 176 239 151 170 122 114 223 191 0 150 
171 225 145 151 150 129 135 244 231 210 189 218 177 156 155 173 149 108 197 196 175 158 117 227 206 204 128 107 106 235 214 148 127 106 235 234 201 200 179 158 137 116 248 227 187 185 145 215 194 173 152 151 203 162 122 120 119 248 207 217 196 214 100 249 208 226 225 212 171 170 129 108 172 126 236 121 183 216 109 172 104 166 229 126 208 180 242 194 189 121 184 246 159 178 130 141 231 218 150 0 

0 223 183 225 118 181 223 136 179 222 134 177 220 132 175 238 130 173 236 129 191 234 146 189 232 144 187 230 143 185 228 141 184 226 139 182 244 137 200 242 135 198 240 133 196 239 151 194 237 149 192 105 147 190 103 145 208 101 144 206 249 142 204 247 140 202 245 158 200 113 156 199 111 154 197 109 152 215 107 150 213 105 148 211 104 166 209 121 164 207 120 162 205 118 161 203 116 159 221 114 
223 0 222 241 154 114 157 219 132 174 107 149 232 164 227 139 221 134 196 109 152 214 107 170 232 125 187 100 143 205 118 161 223 136 178 241 134 196 109 152 214 127 169 232 145 187 100 162 205 118 161 223 136 178 241 153 216 109 171 234 127 189 232 144 207 100 162 225 118 180 243 135 198 111 153 216 109 171 234 127 189 102 144 207 119 162 225 137 180 243 135 198 110 153 216 128 171 234 146 189 
183 222 0 234 126 189 102 144 207 119 162 225 118 180 243 155 218 130 173 235 148 191 103 146 209 121 164 227 139 182 244 157 200 112 175 218 130 173 235 148 191 103 166 209 121 184 226 139 202 244 157 200 112 175 217 130 193 235 148 210 103 166 228 121 184 246 139 201 244 157 219 112 175 237 150 192 105 148 210 123 166 228 141 183 246 159 201 114 176 219 132 175 237 150 192 105 167 210 123 185 
225 241 234 0 178 221 133 196 239 151 194 106 169 232 144 187 249 162 205 117 180 223 135 198 240 153 196 108 171 214 126 189 231 144 206 119 162 224 137 180 242 155 198 110 153 215 128 171 233 146 208 101 164 226 119 181 224 137 199 242 155 217 110 173 235 128 190 103 146 208 101 164 226 119 181 244 137 199 112 155 217 130 172 235 128 232 124 187 249 142 205 117 160 223 115 178 240 133 215 128 
118 154 126 178 0 239 131 194 106 149 212 124 167 230 122 185 247 140 203 115 178 221 133 196 239 151 194 106 169 212 124 187 230 142 205 247 160 222 115 178 221 133 196 238 151 213 106 169 231 124 187 249 142 205 247 160 222 115 178 240 133 196 108 151 213 126 169 231 144 187 249 142 204 117 160 222 135 197 240 153 195 108 171 213 126 169 231 144 206 249 162 224 117 179 222 135 197 240 153 215 
181 114 189 221 239 0 219 131 194 236 149 211 124 167 229 142 185 247 140 202 115 158 220 133 176 238 151 194 106 169 211 124 167 229 142 185 247 160 202 115 177 220 133 195 238 151 193 106 168 211 124 186 229 142 204 247 160 222 115 177 240 133 195 238 151 213 106 168 231 143 186 249 142 204 117 159 222 134 177 240 152 195 108 170 213 126 168 231 143 186 249 161 204 117 179 222 134 197 240 152 
223 157 102 133 131 219 0 218 131 193 236 149 211 104 166 229 122 184 247 140 202 115 177 220 133 195 108 150 213 125 168 231 124 186 249 141 204 116 159 222 134 177 240 152 195 107 170 213 125 168 231 143 186 249 161 204 116 179 222 134 197 240 152 195 107 170 213 125 188 231 143 206 248 161 223 116 179 222 134 197 239 152 215 127 170 232 145 188 100 143 206 118 161 223 136 179 241 154 197 109 
136 219 144 196 194 131 218 0 238 150 193 105 168 211 123 166 229 141 204 246 159 222 114 177 220 132 195 237 150 213 105 168 230 123 186 248 141 204 246 159 221 114 177 239 132 195 107 150 212 125 168 230 143 186 248 141 203 116 159 221 134 177 239 152 195 107 170 212 125 168 230 143 186 248 161 223 116 178 221 134 196 239 152 214 107 170 232 125 187 100 143 205 118 161 223 116 178 241 134 196 
179 132 207 239 106 194 131 238 0 237 150 193 105 168 210 123 166 228 141 184 246 159 201 114 176 239 132 194 107 150 212 125 168 230 143 185 248 141 203 116 178 221 134 196 239 151 214 127 169 232 125 187 100 142 205 118 160 223 135 178 241 153 196 109 151 214 126 169 232 144 187 100 162 225 117 180 223 135 198 241 153 196 109 171 234 126 189 101 144 207 100 162 225 117 180 242 135 236 148 211 
222 174 119 151 149 236 193 150 237 0 184 247 139 202 114 157 220 132 175 238 130 193 105 148 211 123 166 229 141 204 246 159 202 114 177 220 132 175 237 150 213 105 168 230 123 186 228 141 204 246 159 221 114 177 239 132 195 107 150 212 105 168 230 123 186 248 141 203 116 159 221 134 177 239 152 195 107 150 212 125 168 230 143 186 248 161 203 116 178 221 134 177 239 152 194 107 169 232 125 187 
134 107 162 194 212 149 236 193 150 184 0 184 226 139 201 244 157 219 112 175 237 130 193 105 148 210 103 166 228 141 184 246 159 201 114 176 219 132 175 237 150 192 105 168 210 123 185 228 141 203 246 159 201 114 176 219 132 194 237 150 212 105 167 230 123 185 228 141 203 246 158 221 114 176 239 132 194 107 149 212 125 167 230 123 185 248 160 203 116 178 221 133 176 239 151 194 107 169 212 124 
177 149 225 106 124 211 149 105 193 247 184 0 183 226 139 201 244 156 199 112 174 237 130 192 105 148 210 123 165 228 121 183 246 139 221 133 176 239 131 194 107 149 212 105 167 230 142 185 248 160 203 115 158 221 133 176 239 151 214 126 169 231 144 187 249 162 205 117 160 223 135 198 240 153 215 108 171 214 126 189 231 144 206 249 162 224 117 180 242 135 197 110 153 215 108 171 233 126 189 101 
220 232 118 169 167 124 211 168 105 139 226 183 0 203 115 158 221 133 176 238 151 194 106 169 212 124 187 229 142 185 247 160 203 115 178 220 133 196 238 151 213 106 169 231 124 187 229 142 204 247 160 222 135 178 240 133 195 108 151 213 106 169 231 144 186 249 162 204 117 160 222 135 177 240 153 195 108 170 213 126 188 231 144 206 249 161 204 117 179 222 135 197 240 152 215 108 170 233 126 188 
132 164 180 232 230 167 104 211 168 202 139 226 203 0 202 115 158 220 133 176 238 131 193 106 149 211 124 167 229 142 184 247 159 202 115 158 240 133 195 108 150 213 126 168 231 143 186 249 161 204 117 159 222 134 177 240 152 195 108 170 233 145 188 101 163 206 118 161 224 136 179 242 154 197 109 172 215 127 190 233 145 188 100 163 206 118 181 224 136 199 241 154 217 109 172 215 127 190 233 145 
175 227 243 144 122 229 166 123 210 114 201 139 115 202 0 178 220 133 195 238 151 213 126 188 231 144 206 249 162 224 117 179 242 135 197 110 153 215 108 170 233 126 188 101 144 206 119 181 224 137 179 242 154 197 110 172 215 128 190 233 145 208 101 163 206 119 181 224 136 199 242 154 217 110 172 235 127 190 233 145 208 101 163 226 119 181 244 136 199 111 154 217 110 172 235 127 190 102 145 208 
238 139 155 187 185 142 229 166 123 157 244 201 158 115 178 0 177 240 152 195 108 170 213 125 188 231 143 206 249 161 204 117 179 222 134 197 109 152 215 108 170 233 125 188 231 143 206 118 161 224 136 179 242 154 197 109 152 215 127 170 233 145 188 100 163 206 118 181 224 136 179 241 154 197 109 172 215 127 190 232 145 208 100 163 206 118 181 223 136 199 241 154 216 129 172 234 127 190 102 145 
130 221 218 249 247 185 122 229 166 220 157 244 221 158 220 177 0 177 239 152 195 107 150 213 125 168 230 143 206 248 161 204 116 179 222 134 197 239 152 214 107 170 232 125 188 230 163 205 118 181 223 136 198 111 154 216 109 172 234 127 189 232 145 207 120 163 225 138 180 243 136 198 111 154 216 129 171 234 147 189 102 164 207 120 182 225 138 180 243 155 198 111 173 216 129 191 234 146 209 102 
173 134 130 162 140 247 184 141 228 132 219 156 133 220 133 240 177 0 196 109 152 214 107 169 232 125 187 100 143 205 118 161 223 136 178 241 153 196 109 152 214 127 169 232 144 207 100 162 205 118 180 223 135 198 241 153 216 109 171 234 127 189 232 144 207 100 162 225 118 180 243 135 198 110 153 216 128 171 234 126 189 101 144 207 119 162 225 137 180 243 155 198 110 153 216 128 171 234 146 189 
236 196 173 205 203 140 247 204 141 175 112 199 176 133 195 152 239 196 0 196 239 151 214 107 169 232 124 187 230 142 205 248 160 223 135 178 241 153 196 108 151 214 126 169 232 144 207 119 182 244 137 200 112 155 217 110 173 235 128 191 103 146 208 121 164 226 139 182 244 137 219 112 175 217 130 192 235 148 210 123 166 228 141 183 246 139 201 114 157 219 132 174 237 150 192 105 167 210 123 165 
129 109 235 117 115 202 140 246 184 238 175 112 238 176 238 195 152 109 196 0 215 229 122 184 247 140 202 115 158 220 113 175 238 131 213 125 168 164 226 119 181 224 137 199 242 155 217 110 172 235 128 190 103 146 208 121 163 226 119 181 244 137 199 112 154 217 130 172 235 147 190 103 146 208 121 163 226 138 181 244 156 199 112 174 217 129 172 235 147 210 103 165 228 121 183 246 138 201 244 156 
191 152 148 180 178 115 202 159 246 130 237 174 151 238 151 108 195 152 239 215 0 119 161 224 136 179 242 154 197 110 172 215 127 170 233 145 188 101 163 206 119 181 224 136 199 242 154 197 110 172 215 127 190 233 145 208 101 163 226 118 181 244 136 199 242 154 217 109 172 235 147 190 102 145 208 120 163 226 118 181 243 156 199 111 174 217 129 172 234 147 190 102 165 208 120 183 225 138 201 243 
234 214 191 223 221 158 115 222 159 193 130 237 194 131 213 170 107 214 151 229 119 0 118 161 224 116 179 241 134 197 109 152 215 127 170 232 145 188 100 143 206 118 161 224 136 179 241 154 197 109 172 215 127 190 232 145 188 100 183 225 138 200 243 156 198 111 174 216 129 191 234 147 209 102 165 227 120 182 245 138 200 243 156 218 111 173 236 149 191 104 147 209 122 164 227 140 182 245 157 200 
146 107 103 135 133 220 177 114 201 105 193 130 106 193 126 213 150 107 214 122 161 118 0 157 220 113 175 238 131 193 236 148 211 104 166 229 122 184 247 139 202 114 157 220 132 175 238 130 193 106 148 211 123 166 229 141 184 247 159 202 114 157 220 132 195 238 150 213 105 168 211 123 186 229 141 204 246 159 222 114 177 239 132 195 107 150 213 105 168 230 123 186 248 141 204 116 159 221 134 177 
189 170 146 198 196 133 220 177 114 148 105 192 169 106 188 125 213 169 107 184 224 161 157 0 157 200 112 175 218 130 193 236 148 211 103 166 209 121 184 227 139 202 244 157 219 132 175 237 130 193 105 148 211 103 166 228 141 184 246 159 221 114 177 239 132 194 237 150 212 105 168 230 123 185 248 141 203 116 159 221 134 177 239 152 214 107 169 232 125 187 100 143 205 118 160 223 116 178 241 134 
232 232 209 240 239 176 133 220 176 211 148 105 212 149 231 188 125 232 169 247 136 224 220 157 0 176 219 132 194 237 150 212 105 193 106 169 211 124 186 229 142 185 247 160 222 115 197 240 152 215 108 170 213 126 188 231 144 206 249 161 224 117 179 242 135 197 240 152 215 108 170 233 145 188 101 143 206 118 161 224 136 179 242 154 197 110 172 215 127 190 233 145 188 101 163 206 118 181 224 136 
144 125 121 153 151 238 195 132 239 123 210 148 124 211 144 231 168 125 232 140 179 116 113 200 176 0 222 115 177 240 132 195 108 150 213 125 168 231 143 186 249 161 204 116 159 222 134 177 240 152 195 107 170 213 125 188 231 143 206 118 181 224 136 199 241 154 216 109 172 215 127 190 232 145 207 100 163 225 118 181 243 136 199 241 154 216 129 172 234 147 190 102 145 207 120 163 225 138 181 243 
187 187 164 196 194 151 108 195 132 166 103 210 187 124 206 143 230 187 124 202 242 179 175 112 219 222 0 241 134 197 239 152 214 107 170 232 125 188 100 143 205 118 161 223 116 179 241 134 196 109 152 214 127 170 232 145 187 100 143 205 118 161 223 136 179 241 154 216 109 171 234 146 189 102 164 207 120 182 225 138 200 243 155 198 111 173 216 129 191 234 146 209 102 164 227 120 182 245 137 200 
230 100 227 108 106 194 150 237 194 229 166 123 229 167 249 206 143 100 187 115 154 241 238 175 132 115 241 0 241 153 196 109 171 214 127 169 232 144 207 100 162 225 118 180 223 135 198 241 153 216 109 171 234 126 189 102 144 207 119 162 225 118 180 243 135 198 110 153 216 128 171 234 146 189 101 144 207 119 162 225 137 180 243 155 198 110 173 216 128 171 234 146 189 101 164 226 119 182 244 137 
143 143 139 171 169 106 213 150 107 141 228 165 142 229 162 249 206 143 230 158 197 134 131 218 194 177 134 241 0 241 153 196 108 171 214 126 169 232 144 187 249 162 205 117 180 223 135 198 240 153 215 108 171 214 126 189 231 144 207 249 162 224 117 180 242 135 198 240 153 215 108 171 233 146 208 101 164 226 119 182 224 137 199 242 155 217 110 173 235 128 190 103 146 208 121 183 226 139 201 244 
185 205 182 214 212 169 125 213 150 204 141 228 185 142 224 161 248 205 142 220 110 197 193 130 237 240 197 153 241 0 110 172 215 128 171 233 146 188 101 163 206 119 181 224 137 245 138 201 113 156 218 131 174 236 149 192 104 167 229 142 184 247 160 202 115 177 220 133 195 238 151 193 106 168 211 124 186 229 142 204 247 159 222 115 177 220 133 195 238 150 213 106 168 231 143 186 249 141 204 117 
228 118 244 126 124 211 168 105 212 246 184 121 247 184 117 204 161 118 205 113 172 109 236 193 150 132 239 196 153 110 0 175 218 131 193 236 148 211 104 166 229 122 184 247 140 202 115 157 220 113 175 238 131 193 106 148 211 123 166 229 141 184 247 139 202 114 157 220 132 175 238 150 193 106 168 211 123 166 229 141 184 247 159 202 114 177 239 132 195 238 150 213 105 168 230 123 186 248 141 204 
141 161 157 189 187 124 231 168 125 159 246 183 160 247 179 117 204 161 248 175 215 152 148 236 212 195 152 109 196 172 175 0 175 218 130 193 236 148 211 103 166 209 121 184 227 139 202 244 157 220 112 175 237 130 193 236 148 211 123 186 248 141 203 246 159 221 114 177 239 132 195 107 150 212 125 168 230 143 186 248 141 203 136 178 241 154 196 109 152 214 127 169 232 145 187 100 162 205 118 180 
184 223 200 231 230 167 124 230 168 202 159 246 203 159 242 179 116 223 160 238 127 215 211 148 105 108 214 171 108 215 218 175 0 194 107 150 212 125 168 230 123 185 248 141 203 116 159 221 134 176 239 151 194 107 169 212 125 167 230 142 205 248 160 223 116 178 221 134 196 239 151 214 107 169 232 125 187 100 142 205 248 160 223 116 178 241 133 196 108 151 214 126 169 232 124 187 100 142 205 117 
226 136 112 144 142 229 186 123 230 114 201 139 115 202 135 222 179 136 223 131 170 127 104 211 193 150 107 214 171 128 131 218 194 0 194 237 149 212 105 167 230 122 185 248 140 203 246 158 221 114 176 239 151 194 106 169 212 124 167 230 142 185 247 160 203 115 178 221 133 196 238 151 194 106 169 212 124 187 230 142 205 247 160 222 135 197 240 153 196 108 171 213 126 189 231 144 206 249 162 224 
139 178 175 206 205 142 249 186 143 177 114 221 178 115 197 134 222 178 135 213 233 170 166 103 106 213 170 127 214 171 193 130 107 194 0 233 126 188 231 144 206 249 162 224 117 179 242 135 197 110 153 215 108 170 233 126 188 120 183 245 138 201 113 156 218 131 174 236 149 192 124 167 229 142 185 247 160 202 115 177 220 133 176 238 151 193 106 169 211 124 186 229 142 204 247 160 202 115 177 220 
182 241 218 119 247 185 141 248 185 220 176 133 220 158 110 197 134 241 178 125 145 232 229 166 169 125 232 169 126 233 236 193 150 237 233 0 122 184 227 140 202 245 158 200 113 175 218 131 193 236 149 211 104 166 229 122 184 247 140 202 245 157 220 113 175 238 131 193 106 149 211 124 166 229 122 184 247 140 202 115 157 220 132 175 238 150 193 106 148 211 123 166 229 141 204 247 159 202 115 177 
244 134 130 162 160 247 204 141 248 132 219 176 133 240 153 109 197 153 241 168 188 145 122 209 211 168 125 232 169 146 148 236 212 149 126 122 0 121 164 227 139 182 245 157 200 113 175 218 130 173 236 148 191 104 166 209 121 184 227 139 202 245 157 220 112 175 218 130 193 236 148 211 103 166 229 121 184 246 139 202 245 157 220 112 175 237 150 193 105 148 211 123 166 228 141 204 116 159 221 134 
137 196 173 224 222 160 116 204 141 175 132 239 196 133 215 152 239 196 153 164 101 188 184 121 124 231 188 144 232 188 211 148 125 212 188 184 121 0 121 184 226 139 202 114 157 219 132 175 237 150 193 105 148 210 123 166 228 141 184 246 159 201 114 177 219 132 175 237 150 192 105 168 210 123 185 228 141 203 246 159 201 114 176 219 132 194 237 150 212 105 167 230 123 185 248 141 203 246 158 221 
200 109 235 137 115 202 159 246 203 237 175 131 238 195 108 215 152 109 196 226 163 100 247 184 186 143 100 207 144 101 104 211 168 105 231 227 164 121 0 121 183 246 139 201 244 157 219 112 174 237 130 192 105 148 210 123 165 228 121 183 246 139 201 114 156 219 131 174 237 149 192 105 147 210 123 165 228 140 183 246 158 221 114 176 219 131 194 237 149 192 105 167 230 122 185 247 160 203 115 178 
242 152 148 180 178 115 222 159 116 150 237 194 151 108 170 108 214 152 108 119 206 143 139 227 229 186 143 100 187 163 166 103 230 167 144 140 227 184 121 0 140 203 246 158 221 113 176 238 131 194 106 149 212 104 167 229 122 185 247 140 203 115 158 220 133 176 238 151 194 240 152 215 108 170 213 125 188 231 143 206 249 161 224 136 199 241 154 217 109 172 234 127 190 102 145 208 120 163 225 118 
135 214 191 242 221 177 134 221 178 213 150 107 213 150 233 170 107 214 151 181 119 206 202 139 142 249 205 162 249 206 229 166 123 230 206 202 139 226 183 140 0 143 206 118 161 223 116 179 241 134 197 239 152 214 127 170 232 145 188 100 143 205 118 161 223 136 179 241 154 197 109 172 214 127 170 232 145 188 100 163 205 118 180 223 136 198 241 154 216 109 172 214 127 189 232 145 207 100 163 225 
198 127 103 155 133 220 177 114 221 105 192 149 106 213 126 233 170 127 214 224 181 118 114 202 185 161 118 225 162 119 122 209 185 122 249 245 182 139 246 203 143 0 182 225 137 200 243 155 218 111 173 236 129 191 104 146 209 102 164 227 120 182 245 137 200 112 155 218 130 173 236 128 191 103 146 209 121 184 227 139 182 245 157 200 112 155 218 130 193 236 148 211 103 166 228 121 184 227 139 202 
240 169 166 198 196 133 240 177 134 168 105 212 169 126 188 125 232 169 126 137 224 161 157 244 247 204 161 118 205 181 184 121 248 185 162 158 245 202 139 246 206 182 0 182 244 157 200 112 175 218 130 193 235 148 210 103 166 209 121 184 226 139 201 244 157 219 112 175 237 130 193 235 148 210 103 166 228 121 184 246 139 201 114 157 219 132 175 237 130 192 105 148 210 123 185 228 141 183 246 159 
133 232 209 110 238 195 152 239 196 230 168 105 231 168 101 188 125 232 169 199 136 224 220 157 160 116 223 180 117 224 247 184 141 248 224 200 157 114 201 158 118 225 182 0 181 244 157 199 112 155 217 130 173 235 148 190 103 165 208 121 183 226 139 181 244 156 199 112 174 217 130 192 235 147 210 103 165 228 121 183 226 139 201 244 156 219 131 174 237 130 192 105 147 210 122 165 228 140 183 246 
196 145 121 153 151 238 195 132 239 123 210 167 124 231 144 231 188 144 232 242 199 136 132 219 222 159 116 223 180 137 140 227 203 140 117 113 200 157 244 221 161 137 244 181 0 201 113 156 219 131 174 237 149 192 104 167 210 122 185 228 140 183 245 158 201 113 176 219 131 194 236 149 212 104 167 210 122 185 228 140 203 143 205 248 160 223 135 178 241 153 196 109 171 214 126 189 102 144 207 119 
239 187 184 215 213 151 107 195 151 186 123 230 187 143 206 143 230 207 144 155 242 179 175 132 115 222 179 135 223 245 202 139 116 203 179 175 113 219 157 113 223 200 157 244 201 0 117 160 223 135 178 241 153 196 108 151 214 126 169 232 144 187 249 162 205 117 180 223 135 178 241 153 196 108 171 214 126 189 232 144 207 249 162 224 117 180 223 135 198 240 153 215 128 171 233 126 189 101 144 207 
151 100 226 128 106 193 170 107 214 228 185 142 229 186 119 206 163 100 207 217 154 241 238 175 197 134 241 198 135 138 115 202 159 246 242 218 175 132 219 176 116 243 200 157 113 117 0 247 160 222 115 178 240 133 196 108 151 213 126 169 231 124 187 249 142 204 117 160 222 135 178 240 153 195 108 171 213 126 169 231 144 187 249 162 224 117 179 222 135 197 240 153 215 108 170 233 126 188 101 144 
194 162 139 171 169 106 213 150 127 141 228 185 142 249 181 118 205 162 119 110 197 154 130 237 240 177 134 241 198 201 157 244 221 158 135 131 218 175 112 238 179 155 112 199 156 160 247 0 117 179 222 135 197 240 152 215 108 170 233 126 188 101 143 206 249 161 224 117 179 242 134 197 110 152 215 127 170 233 126 188 101 143 206 118 161 224 136 179 242 154 197 109 152 215 127 170 233 145 188 101 
237 205 202 233 231 168 125 212 169 204 141 248 204 161 224 161 118 205 182 172 110 197 193 130 152 240 196 153 240 113 220 157 134 221 197 193 130 237 174 131 241 218 175 112 219 223 160 117 0 116 179 222 134 177 109 152 215 127 190 232 145 208 100 163 206 118 181 223 136 199 241 154 216 109 172 234 127 190 232 145 207 100 163 225 118 181 243 136 198 111 154 216 129 172 234 127 190 102 145 207 
149 118 244 146 124 211 168 125 232 246 203 160 247 204 137 224 181 118 244 235 172 109 106 193 215 152 109 216 153 156 113 220 176 114 110 236 173 150 237 194 134 111 218 155 131 135 222 179 116 0 136 198 111 154 216 129 171 234 147 189 102 164 207 120 162 225 138 200 243 155 218 111 173 236 129 191 234 146 209 102 164 227 120 182 245 137 200 113 155 218 111 173 236 161 224 136 179 241 154 197 
192 161 157 208 187 124 231 168 125 159 246 203 160 117 179 136 223 180 137 128 215 172 148 105 108 195 152 109 215 218 175 112 239 176 153 149 236 193 130 106 197 173 130 217 174 178 115 222 179 136 0 188 100 143 205 118 161 223 136 179 241 154 197 109 152 214 127 170 232 145 188 100 163 205 118 180 223 136 179 241 154 196 109 171 214 127 189 232 145 207 100 163 205 118 180 223 136 198 241 154 
105 223 200 101 249 186 143 230 187 221 159 115 222 159 242 179 136 223 200 190 127 215 211 148 170 107 214 171 108 131 238 175 151 239 215 211 148 105 192 149 239 236 193 130 237 241 178 135 222 198 188 0 187 230 143 205 248 160 223 116 178 241 134 196 109 151 214 127 169 232 125 187 100 143 205 118 160 223 135 178 241 153 196 109 151 214 126 169 232 144 207 100 162 205 117 180 223 135 178 241 
147 136 112 164 142 229 186 143 100 114 201 158 135 222 154 242 198 135 112 103 190 127 123 211 213 170 127 234 171 174 131 237 194 151 108 104 191 148 105 212 152 129 235 173 149 153 240 197 134 111 100 187 0 207 249 162 205 117 180 223 135 198 240 153 216 108 171 233 126 189 232 144 207 249 162 224 117 180 242 135 198 110 153 215 108 171 233 126 189 101 144 206 119 162 224 137 180 242 155 198 
190 178 175 226 205 142 249 186 142 177 114 221 178 134 197 154 111 198 155 146 233 190 166 103 126 213 170 126 214 236 193 130 107 194 170 166 104 210 148 104 214 191 148 235 192 196 133 240 177 154 143 230 207 0 187 249 162 204 117 179 222 135 178 240 153 195 108 171 213 126 188 231 144 206 249 162 204 117 179 222 135 197 240 153 215 108 170 233 126 188 101 144 206 249 161 224 117 179 242 154 
103 241 217 119 247 204 161 248 205 239 176 133 240 177 110 197 154 241 217 208 145 232 229 166 188 125 232 189 126 149 106 193 169 106 233 229 166 123 210 167 127 104 210 148 104 108 196 152 109 216 205 143 249 187 0 245 158 201 113 176 219 131 174 236 149 192 104 167 210 122 185 227 140 203 245 158 220 113 176 219 131 194 236 149 211 124 167 229 122 185 247 140 202 115 158 220 133 176 238 151 
145 153 130 181 160 247 204 141 118 132 219 176 133 240 172 109 216 153 110 121 208 145 141 228 231 188 145 102 189 192 148 236 212 169 126 122 209 166 123 229 170 146 103 190 167 151 108 215 152 129 118 205 162 249 245 0 139 202 114 177 220 132 195 238 150 193 106 168 211 123 186 229 141 204 247 159 222 114 177 239 132 195 238 150 213 105 168 231 123 186 248 141 204 116 159 222 114 177 239 132 
208 216 193 224 222 160 116 203 160 195 132 239 195 152 215 152 109 216 173 163 101 188 184 141 144 231 187 144 231 104 211 148 125 212 188 184 121 228 165 122 232 209 166 103 210 214 151 108 215 171 161 248 205 162 158 139 0 139 202 114 157 219 132 175 237 150 193 105 168 211 123 166 228 141 184 246 159 202 114 177 219 132 194 237 150 212 105 168 210 123 185 228 141 203 246 159 221 114 177 239 
101 109 235 137 115 222 179 116 223 107 194 151 108 195 128 215 172 109 235 226 163 100 247 184 206 143 100 207 144 167 123 211 167 124 120 247 184 141 228 185 145 102 209 165 122 126 213 170 127 234 223 160 117 204 201 202 139 0 158 221 114 176 239 132 194 107 150 212 125 167 230 142 185 248 141 203 116 158 221 133 176 239 151 194 107 169 212 124 167 230 142 185 248 160 203 116 178 221 133 196 
144 171 148 199 178 115 222 159 135 150 237 214 151 108 190 127 234 171 128 119 226 183 159 246 249 206 143 119 207 229 166 123 230 167 183 140 227 184 121 247 188 164 121 208 185 169 126 233 190 147 136 223 180 117 113 114 202 158 0 178 221 133 196 239 151 194 106 169 212 124 187 249 142 205 247 160 222 115 178 221 133 196 108 151 213 126 169 231 144 187 249 142 205 117 160 222 135 178 240 153 
206 234 210 242 240 177 134 221 178 212 150 126 213 170 233 170 127 234 191 181 118 225 202 159 161 118 205 162 249 142 229 186 142 230 245 202 139 246 183 140 100 227 184 121 228 232 169 126 232 189 179 116 223 179 176 177 114 221 178 0 178 240 133 195 108 151 213 126 188 231 144 206 249 161 224 117 179 222 135 197 110 152 215 128 170 233 126 188 101 144 206 119 161 224 136 179 242 154 197 110 
249 127 103 155 133 240 197 134 241 105 212 169 106 233 145 233 189 127 103 244 181 138 114 221 224 181 118 225 162 184 141 248 205 142 138 245 202 159 246 203 143 120 226 183 140 144 231 188 145 102 241 178 135 222 219 220 157 114 221 178 0 145 207 100 163 225 118 181 243 136 199 111 154 216 109 172 234 127 190 102 145 207 120 163 225 138 181 243 156 198 111 154 216 129 172 234 147 189 102 165 
142 189 166 217 196 133 240 177 153 168 105 231 169 145 208 145 232 189 146 137 244 200 157 114 117 224 161 118 224 247 184 141 248 185 201 157 245 201 139 115 205 182 139 226 183 187 124 101 208 164 154 241 198 135 131 132 219 176 133 240 145 0 145 207 100 162 205 118 180 223 136 198 241 153 216 109 171 234 127 189 232 145 207 100 162 225 118 180 243 136 198 111 153 216 128 171 234 127 189 102 
204 232 228 110 108 195 152 239 196 230 167 144 231 188 101 188 145 232 208 199 136 243 220 177 179 136 223 180 117 160 247 203 160 247 113 220 157 114 201 158 118 245 201 139 245 249 187 143 100 207 197 134 240 178 174 195 132 239 196 133 207 145 0 164 207 119 182 225 137 180 242 155 198 110 173 216 128 191 234 146 209 101 164 207 119 182 225 137 200 242 155 217 110 173 235 128 191 233 146 208 
247 144 121 173 151 238 195 152 109 123 230 187 144 101 163 100 207 144 121 112 199 156 132 239 242 199 136 243 180 202 139 246 223 160 156 113 220 177 114 220 161 137 244 181 158 162 249 206 163 120 109 196 153 240 236 238 175 132 239 195 100 207 164 0 144 206 139 181 244 137 199 112 155 217 110 173 235 148 190 103 165 208 140 183 246 139 201 114 156 219 132 174 237 149 192 105 167 210 123 165 
140 207 184 235 213 151 107 195 151 186 123 249 186 163 206 163 120 207 164 154 242 198 195 132 135 241 179 135 242 115 202 159 116 203 218 175 112 219 156 133 223 200 157 244 201 205 142 249 206 162 152 109 216 153 149 150 237 194 151 108 163 100 207 144 0 183 246 138 201 113 176 219 131 194 237 149 192 104 167 229 122 185 247 140 203 115 158 221 133 176 238 151 194 106 149 212 124 167 229 142 
202 100 246 128 126 213 170 107 214 248 185 162 249 206 119 206 163 100 226 217 154 111 238 194 197 154 241 198 135 177 114 221 178 115 131 238 175 132 219 176 136 112 219 156 113 117 204 161 118 225 214 151 108 195 192 193 150 107 194 151 225 162 119 206 183 0 152 214 107 170 232 125 188 100 143 206 118 161 223 136 179 241 134 197 109 152 214 127 170 232 145 188 100 163 205 118 161 223 136 179 
245 162 139 190 169 106 213 170 126 141 228 205 162 118 181 118 225 162 139 130 217 174 150 237 240 216 154 110 198 220 157 114 221 178 174 131 218 175 131 238 179 155 112 199 176 180 117 224 181 138 127 214 171 108 104 106 193 150 106 213 118 205 182 139 246 152 0 152 214 107 169 232 125 187 230 143 205 248 161 223 116 178 241 134 196 109 152 214 107 169 232 125 187 100 143 205 118 160 223 135 
158 225 201 103 231 168 125 212 169 203 141 117 204 161 224 181 138 225 182 172 109 216 213 150 152 109 216 153 240 133 220 177 134 221 236 193 130 237 174 151 241 218 175 112 219 223 160 117 223 200 170 127 233 171 167 168 105 212 169 126 181 118 225 181 138 214 152 0 171 214 126 189 232 144 187 100 162 205 117 180 223 135 198 241 153 216 108 171 214 126 189 232 144 207 249 162 224 117 180 242 
200 118 244 146 144 231 188 125 232 116 203 160 117 224 136 224 180 118 244 235 172 129 105 212 215 172 109 216 153 195 132 239 196 133 149 106 193 150 237 194 154 130 237 174 131 135 222 179 136 243 232 169 126 213 210 211 168 125 212 188 243 180 137 244 201 107 214 171 0 151 213 126 169 231 144 187 249 162 204 117 160 222 135 178 240 153 196 108 171 213 126 188 231 144 187 249 162 204 117 179 
113 180 157 208 187 143 231 168 144 159 246 223 160 136 199 136 243 180 137 147 235 191 168 105 108 215 171 128 215 238 175 132 239 196 192 149 236 192 149 240 197 173 130 217 194 178 135 242 199 155 145 232 189 126 122 123 211 167 124 231 136 223 180 137 113 170 107 214 151 0 170 213 126 188 231 143 186 249 161 204 117 179 242 135 197 110 152 215 108 170 233 145 188 101 163 206 118 181 224 136 
156 243 219 101 249 186 143 230 187 221 158 135 222 179 242 179 136 243 219 190 147 234 211 168 170 127 234 171 108 151 238 195 151 238 124 211 148 105 192 152 109 236 193 130 236 241 178 134 241 218 188 125 232 188 185 186 123 230 187 144 199 136 242 199 176 232 169 126 213 170 0 189 101 144 206 119 162 224 137 180 242 155 198 110 173 215 128 190 233 146 189 101 164 226 119 181 244 137 199 242 
199 135 112 164 142 249 206 143 100 134 221 198 135 242 154 241 198 135 112 103 190 147 123 230 233 190 146 234 171 193 150 107 214 151 167 124 211 168 105 215 172 128 235 192 149 153 240 197 154 111 100 187 144 231 227 229 166 142 249 206 111 198 155 112 219 125 232 189 126 213 189 0 188 101 163 206 119 161 224 137 179 242 135 197 110 172 215 128 190 233 145 188 101 163 206 119 181 224 136 199 
111 198 175 226 204 142 248 186 162 177 114 240 177 154 217 154 111 198 175 146 102 209 186 123 145 232 189 146 233 106 193 150 107 194 229 166 103 210 147 108 214 191 148 235 212 196 153 110 216 173 163 100 207 144 140 141 228 185 142 249 154 241 198 155 131 188 125 232 169 126 101 188 0 188 100 143 206 118 181 243 136 199 241 154 217 109 172 234 127 190 102 145 208 120 163 225 118 181 243 156 
154 111 237 119 117 204 161 248 225 239 176 153 240 197 110 197 154 110 217 208 145 102 229 185 188 145 102 189 146 168 106 212 169 106 142 229 166 123 210 170 127 103 210 147 104 108 195 152 109 236 205 143 249 206 203 204 141 248 205 161 216 153 110 217 194 100 187 144 231 188 144 101 188 0 227 140 202 245 157 220 113 175 238 131 193 106 148 211 104 166 229 122 184 247 139 202 115 157 220 132 
197 153 150 181 160 117 223 161 117 152 239 215 153 109 172 109 216 153 130 121 208 165 141 248 101 207 164 101 208 211 168 125 232 169 185 122 229 185 123 213 170 146 103 210 167 171 108 215 172 129 118 205 162 249 245 247 184 141 247 224 109 216 173 110 237 143 230 187 144 231 206 163 100 227 0 227 139 202 245 157 220 132 175 237 130 193 105 148 211 123 166 228 141 184 246 159 202 114 157 220 
109 216 192 244 222 159 116 223 180 195 132 108 195 172 235 172 129 216 192 163 120 227 204 141 143 100 207 144 101 124 211 168 125 212 247 184 121 228 165 125 232 209 166 103 210 214 171 127 234 191 180 118 224 162 158 159 246 203 160 117 172 109 216 173 149 206 143 100 187 143 119 206 143 140 227 0 143 205 118 160 223 116 178 241 134 196 109 151 214 126 169 232 144 187 100 162 205 118 160 223 
152 109 105 137 135 222 179 116 223 107 194 171 108 215 127 215 171 128 235 226 163 120 246 203 206 163 120 207 164 186 123 230 187 124 160 247 184 141 228 188 145 121 228 165 122 126 213 170 127 234 223 160 117 204 220 222 159 116 222 179 234 171 128 235 192 118 205 162 249 186 162 119 206 202 139 143 0 142 205 248 160 223 115 178 240 133 196 239 151 214 106 169 231 124 187 249 142 205 117 160 
215 171 148 199 197 134 222 178 135 150 107 214 170 127 190 127 234 171 148 138 226 182 159 116 118 225 182 119 226 229 166 143 100 187 202 140 246 203 140 231 188 184 121 228 185 189 126 233 190 146 136 223 180 117 113 114 202 158 115 222 127 234 191 148 104 161 248 205 162 249 224 161 118 245 202 205 142 0 142 185 247 160 203 115 178 220 133 195 238 151 213 126 188 231 144 206 249 162 224 117 
107 234 210 112 240 177 134 221 198 212 149 126 213 190 233 190 147 234 210 181 118 245 222 159 161 118 225 162 119 142 229 186 142 230 115 202 139 246 183 143 100 227 184 121 228 232 169 126 232 209 179 135 242 179 176 177 114 221 178 135 190 127 234 190 167 223 161 117 204 161 137 224 181 157 245 118 205 142 0 161 204 117 159 222 134 177 240 152 195 108 170 213 125 188 231 143 186 249 161 204 
150 127 123 155 153 240 197 134 241 125 212 189 126 233 145 232 189 126 123 244 181 138 114 221 224 181 138 225 182 204 141 248 205 142 177 115 202 159 246 206 163 139 246 183 140 144 231 188 145 102 241 178 135 222 219 239 177 133 221 197 102 189 146 103 229 136 223 180 117 204 180 137 243 220 157 160 248 185 161 0 181 223 156 218 111 174 236 129 191 104 147 209 122 184 227 140 182 245 157 200 
213 189 166 217 195 152 239 196 153 168 125 231 188 145 208 145 102 189 166 156 243 200 177 134 136 243 200 137 224 247 184 141 248 205 220 157 245 201 158 249 205 182 139 226 203 207 144 101 207 164 154 241 198 135 131 132 219 176 133 110 145 232 209 165 122 179 116 223 160 117 242 179 136 113 220 223 160 247 204 181 0 140 203 245 158 220 113 176 238 131 194 236 149 211 104 167 229 122 185 247 
105 102 228 130 108 195 152 239 196 230 167 144 231 188 101 208 164 101 228 199 156 243 239 177 179 136 243 180 137 159 247 203 160 247 133 220 157 114 221 161 118 245 201 139 143 249 187 143 100 227 196 153 110 197 194 195 132 239 196 152 207 145 101 208 185 241 178 135 222 179 155 242 199 175 132 116 223 160 117 223 140 0 140 182 245 157 200 113 175 218 131 193 236 149 211 104 166 209 122 184 
148 144 141 172 171 108 215 152 109 143 230 206 144 100 163 100 207 144 141 112 199 156 132 239 242 199 155 243 199 222 159 136 223 160 176 132 220 176 114 224 180 157 114 201 205 162 249 206 163 120 109 196 153 240 236 238 194 151 108 215 120 207 164 140 247 134 241 198 135 242 198 135 241 238 175 178 115 203 159 156 203 140 0 139 182 245 157 200 112 155 218 130 193 236 148 211 104 166 209 121 
211 207 183 235 213 170 127 214 171 186 123 249 206 163 226 163 120 207 183 174 111 218 195 152 154 241 198 155 242 115 202 178 116 222 238 175 112 219 176 136 223 200 157 244 248 224 162 118 225 182 171 109 215 153 149 150 237 194 151 128 163 100 207 183 140 197 134 241 178 135 110 197 154 131 237 241 178 115 222 218 245 182 139 0 139 201 114 157 219 112 175 237 130 193 105 148 210 123 185 228 
104 119 246 128 126 213 170 107 234 248 185 162 249 206 119 206 182 119 246 217 174 111 107 214 197 154 111 198 155 177 114 241 178 135 151 238 175 132 219 199 136 112 219 156 160 117 224 161 118 245 214 151 108 215 211 213 150 107 213 170 225 162 119 246 203 109 196 153 240 197 173 110 217 193 130 134 240 178 134 111 158 245 182 139 0 139 201 114 156 219 132 174 237 130 192 105 147 210 123 165 
166 162 159 232 169 126 232 170 126 161 248 224 161 118 181 118 225 162 139 129 217 173 150 107 110 216 173 110 217 220 177 154 241 197 193 150 237 194 131 241 198 155 132 219 223 180 117 224 181 137 127 214 171 108 124 105 212 169 126 233 138 225 182 139 115 152 109 216 153 110 215 172 109 106 193 196 133 220 177 174 220 157 245 201 139 0 126 169 232 125 207 100 162 225 137 180 243 135 198 110 
209 225 201 124 231 168 145 232 189 203 160 117 204 181 244 181 138 225 201 172 129 236 213 169 172 129 216 173 110 133 239 196 133 240 106 193 150 237 194 154 241 218 175 131 135 223 179 136 243 200 189 126 233 170 167 168 105 212 169 126 181 118 225 201 158 214 152 108 196 152 128 215 172 148 105 109 196 133 240 236 113 200 157 114 201 126 0 166 228 121 183 246 139 201 244 157 219 112 174 237 
121 137 114 187 144 231 188 125 101 116 203 180 117 224 136 223 180 137 114 235 172 149 105 232 215 172 129 216 173 195 132 109 196 153 169 106 193 150 237 217 154 130 237 174 178 135 222 179 136 113 232 169 126 233 229 231 168 124 231 188 243 180 137 114 221 127 214 171 108 215 190 128 234 211 148 151 239 195 152 129 176 113 200 157 114 169 166 0 165 208 121 183 226 138 201 244 156 219 112 174 
164 180 176 249 206 143 100 187 144 178 116 242 179 136 199 136 243 180 157 147 234 191 168 125 127 234 191 128 235 238 195 152 108 196 211 148 105 212 149 109 216 193 130 237 241 198 135 242 198 155 145 232 189 126 122 123 210 167 144 101 156 243 200 156 133 170 107 214 171 108 233 190 127 104 211 214 151 238 195 191 238 175 112 219 156 232 228 165 0 165 227 140 183 245 158 201 113 176 218 131 
207 243 219 142 249 186 143 100 207 221 178 135 222 199 111 199 155 243 219 210 147 104 230 187 190 147 234 171 128 150 238 214 151 108 124 211 148 105 192 172 109 236 192 130 153 240 197 154 111 218 207 144 101 188 185 186 123 230 187 144 198 136 242 219 176 232 169 126 213 170 146 233 190 166 123 126 214 151 108 104 131 218 155 112 219 125 121 208 165 0 165 227 120 182 245 138 200 113 156 218 
120 135 132 205 162 249 206 143 100 134 221 197 135 241 154 241 198 155 132 103 190 147 123 100 233 190 146 234 190 213 150 127 214 171 186 123 211 167 105 234 172 148 105 192 196 153 240 197 154 111 100 207 144 101 247 248 185 142 249 206 111 198 155 132 238 145 232 189 126 233 189 145 102 229 166 169 106 213 170 147 194 131 218 175 132 207 183 121 227 165 0 133 175 238 131 193 106 149 211 124 
162 198 175 117 224 161 118 205 162 177 133 110 197 154 217 154 111 198 174 165 102 209 186 143 145 102 209 146 103 106 213 169 126 213 229 166 123 230 167 127 214 211 148 105 109 215 153 109 216 173 163 100 206 144 140 141 228 185 142 119 154 111 217 174 151 188 125 232 188 145 101 188 145 122 228 232 169 126 213 209 236 193 130 237 174 100 246 183 140 227 133 0 132 195 107 150 213 106 168 231 
205 110 237 160 117 204 161 118 225 239 176 153 240 217 110 216 173 110 237 228 165 122 248 205 188 145 102 189 146 168 105 232 169 126 142 229 166 123 230 190 127 103 210 147 171 128 215 152 129 236 205 162 119 206 202 204 141 248 205 161 216 153 110 237 194 100 187 144 231 188 164 101 208 184 141 144 231 188 125 122 149 236 193 130 237 162 139 226 183 120 175 132 0 132 195 237 150 212 105 168 
118 153 150 223 179 117 223 161 117 152 239 215 152 109 172 129 216 153 150 121 208 164 141 118 101 207 164 101 208 231 168 145 232 189 204 141 228 185 122 102 189 166 123 210 214 171 108 215 172 161 118 205 162 249 115 116 203 160 117 224 129 216 173 149 106 163 100 207 144 101 226 163 120 247 184 187 124 231 188 184 211 149 236 193 130 225 201 138 245 182 238 195 132 0 151 214 126 169 232 144 
161 216 192 115 222 179 136 223 180 194 151 108 215 172 235 172 129 216 192 183 120 227 204 160 163 120 227 164 121 143 230 187 124 231 247 204 141 248 185 145 232 228 185 122 126 233 170 127 234 224 180 117 224 161 158 159 246 203 160 136 172 128 235 192 149 205 143 249 187 163 119 206 163 139 246 100 187 144 231 227 104 211 148 105 192 137 244 201 158 245 131 107 195 151 0 151 214 106 169 231 
203 128 105 178 135 222 179 116 242 107 194 171 108 215 127 234 191 128 105 246 183 140 116 223 206 163 120 226 183 186 123 100 187 144 160 247 204 141 247 208 145 121 228 165 189 126 233 170 127 136 223 180 137 224 220 222 159 116 222 179 234 171 128 105 212 118 205 162 249 206 181 119 225 202 159 162 249 206 143 140 167 104 211 148 105 180 157 244 201 138 193 150 237 214 151 0 170 233 145 208 
116 171 167 240 197 134 241 178 135 169 107 233 170 127 190 127 234 171 167 138 225 182 159 116 118 225 182 119 226 249 186 162 100 206 202 159 116 203 160 120 207 184 141 228 102 189 126 233 190 179 136 223 180 117 133 114 221 178 135 242 147 234 191 167 124 161 118 224 162 118 244 181 118 115 202 205 142 249 186 182 229 166 104 210 147 243 219 156 113 200 106 213 150 126 214 170 0 170 233 145 
159 234 210 133 240 197 154 241 236 232 169 126 233 190 102 190 146 234 210 201 138 245 221 178 181 138 245 182 139 141 248 205 142 249 115 202 159 246 203 163 100 227 183 140 144 101 188 145 102 241 198 135 242 179 176 177 114 221 178 154 189 127 233 210 167 223 160 117 204 181 137 224 181 157 114 118 205 162 249 245 122 209 166 123 210 135 112 219 176 113 149 106 212 169 106 233 170 0 170 232 
221 146 123 215 153 240 197 134 148 125 212 189 126 233 145 102 209 146 123 244 201 157 134 241 224 181 137 244 201 204 141 118 205 162 177 115 221 158 115 225 163 139 246 183 207 144 101 188 145 154 241 178 155 242 238 239 177 133 240 197 102 189 146 123 229 136 223 180 117 224 199 136 243 220 157 160 117 224 161 157 185 122 209 185 123 198 174 112 218 156 211 168 105 232 169 145 233 170 0 202 
114 189 185 128 215 152 109 196 211 187 124 101 188 145 208 145 102 189 165 156 243 200 177 134 136 243 200 137 244 117 204 180 117 224 220 177 134 221 178 118 225 202 159 246 119 207 144 101 207 197 154 241 198 154 151 132 239 196 153 110 165 102 208 165 142 179 135 242 179 136 242 199 156 132 220 223 160 117 204 200 247 184 121 228 165 110 237 174 131 218 124 231 168 144 231 208 145 232 202 0 

4960 0 14 4232
4524 0 65 3664
2776 0 65 4424
4585 1 65 3725
4756 1 65 3896
3997 1 65 3136
4566 1 65 3706
4201 2 65 3340
3450 2 65 2588
4408 2 66 3878
3987 2 66 2796
3956 3 66 3095
3205 3 66 4854
2785 3 66 4102
4541 3 66 3681
4510 4 66 3649
3759 4 66 2898
2607 4 66 4255
4364 4 66 3503
4332 5 67 3472
3582 5 67 2720
3161 5 67 4809
4917 5 67 4058
4886 6 67 4026
4465 6 67 3275
4175 6 67 3315
3425 6 67 2563
3394 7 67 2532
2973 7 67 4291
4729 7 68 3869
3979 7 68 2787
3947 8 68 3086
3197 8 68 4845
4413 8 68 3553
3662 8 68 2801
3631 9 68 2769
3210 9 68 4528
4966 9 68 4107
4216 9 69 3355
4185 10 69 3324
3434 10 69 2572
2684 10 69 4331
4440 10 69 3580
4738 11 69 3878
3988 11 69 2796
3237 11 69 4886
4993 11 69 4134
4962 12 69 4103
4541 12 70 3351
3791 12 70 2929
3040 12 70 4689
3009 13 70 4657
4765 13 70 3905
4344 13 70 3154
3264 13 70 2732
2843 13 70 4491
3142 14 70 4460
4568 14 70 3708
4147 14 71 2956
3397 14 71 2535
2646 14 71 4294
2945 65 71 4263
4701 65 71 3841
3951 65 71 3090
3200 65 71 4849
4873 65 71 4014
4842 66 71 3982
4091 66 72 3230
3670 66 72 4989
2920 66 72 4568
4676 66 72 3816
4645 67 72 3785
3894 67 72 3033
3144 67 72 4792
4900 67 72 4041
4150 67 72 3289
4448 68 72 3257
3697 68 72 2836
2947 68 73 4595
4703 68 73 3843
3953 68 73 3092
3921 69 73 3060
3171 69 73 4819
2750 69 73 4068
4506 69 73 3646
3756 69 73 2894
3724 70 73 2863
2974 70 73 4622
4730 70 74 3870
3980 70 74 3119
3229 70 74 4878
3528 71 74 4846
2777 71 74 4425
4533 71 74 3673
3783 71 74 2921
3032 71 74 4681
3001 72 74 4649
4757 72 74 3897
4336 72 75 3146
3586 72 75 2724
2835 72 75 4483
2804 73 75 4452
4560 73 75 3700
3810 73 75 2948
3059 73 75 4708
2638 73 75 3956
4395 73 75 3534
4363 74 75 3503
3613 74 76 2751
3192 74 76 4510
4948 74 76 4089
4198 74 76 3337
3447 74 76 2585
3746 75 76 2884
2995 75 76 4643
4751 75 76 3892
4001 75 76 3140
3250 75 76 4899
2830 75 77 4478
2798 76 77 4446
4555 76 77 3694
3804 76 77 2943
3053 76 77 4702
4810 76 77 3950
4389 76 77 3529
4883 77 78 4023
4132 77 78 3272
3843 77 78 2982
3486 77 78 2624
4678 77 78 3818
3399 77 78 4718
4223 78 79 3032
3604 78 79 2742
3314 78 79 4963
2563 78 79 4211
4320 78 79 3459
3899 78 79 2708
3829 79 80 2968
3079 79 80 4727
4835 79 80 3975
4084 79 80 3224
3334 79 80 4983
2583 79 80 4231
3233 80 81 4881
2812 80 81 4130
4568 80 81 3378
3818 80 81 2957
3067 80 81 4716
4824 80 81 3964
4073 80 81 3212
4682 81 82 3823
3932 81 82 3071
3511 81 82 4830
2761 81 82 4408
4517 81 82 3657
3766 81 82 2905
3016 81 82 4664
3236 82 83 4884
4992 82 83 4133
4242 82 83 3381
3491 82 83 2629
2741 82 83 4388
4497 82 83 3637
3746 82 83 2885
4685 83 84 3826
3935 83 84 3074
3184 83 84 4833
4941 83 84 4081
4190 83 84 3330
3440 83 84 2578
3019 83 84 4337
3628 84 85 2767
2878 84 85 4526
4634 84 85 3774
3883 84 85 3022
3133 84 85 4781
2712 84 85 4030
4139 84 85 3278
4359 85 86 3498
3608 85 86 2747
2858 85 86 4506
4944 85 86 3754
4193 85 86 3332
3443 85 86 2581
2692 85 86 4340
4448 85 86 3588
2841 86 87 4489
4597 86 87 3737
3846 86 87 2985
3096 86 87 4744
4852 86 87 3993
4102 86 87 3241
3351 86 87 5000
2930 86 87 4248
3500 87 88 2638
3079 87 88 4397
4835 87 88 3645
4085 87 88 3224
3334 87 88 4983
2584 87 88 4231
4340 87 88 3479
3589 87 88 2728
4488 88 89 3628
3738 88 89 2876
2987 88 89 4636
4744 88 89 3884
3993 88 89 3132
3243 88 89 4891
2822 88 89 4139
4578 88 89 3718
2970 89 90 4288
4727 89 90 3537
3976 89 90 3115
3226 89 90 4874
4982 89 90 4122
4231 89 90 3371
3481 89 90 2619
2730 89 90 4378
3629 90 91 2768
2879 90 91 4527
4635 90 91 3775
3885 90 91 3023
3134 90 91 4782
2713 90 91 4031
4470 90 91 3609
3719 90 91 2858
2969 90 91 4617
3827 91 92 2966
3077 91 92 4725
4833 91 92 3974
4083 91 92 3222
3662 91 92 4981
2911 91 92 4560
4668 91 92 3808
3917 91 92 3056
3167 91 92 4815
3895 92 93 2703
3144 92 93 4792
4900 92 93 3711
4150 92 93 3289
3399 92 93 2537
2649 92 93 4296
4405 92 93 3545
3655 92 93 2793
2904 92 93 4552
4951 93 94 4091
4200 93 94 3340
3450 93 94 2588
2699 93 94 4347
4456 93 94 3595
3705 93 94 2844
2954 93 94 4603
4711 93 94 3851
4290 93 94 3099
4688 94 95 3828
3938 94 95 3077
3187 94 95 4836
3307 94 95 4956
2887 94 95 4535
4643 94 95 3783
3892 94 95 3031
3142 94 95 4790
4898 94 95 4039
4469 95 96 3609
4180 95 96 3319
3429 95 96 2567
2679 95 96 4326
4435 95 96 3575
3684 95 96 2823
2934 95 96 4582
4690 95 96 3830
3940 95 96 3079
3519 95 96 4838
3488 96 97 2626
2737 96 97 4385
4493 96 97 3633
3743 96 97 2881
2992 96 97 4641
4749 96 97 3889
4328 96 97 3137
3248 96 97 2716
2827 96 97 4144
4583 96 97 3723
4552 97 98 3692
3801 97 98 2940
3051 97 98 4699
4807 97 98 3947
4056 97 98 3196
3636 97 98 4955
2885 97 98 4533
4641 97 98 3781
3891 97 98 3030
3140 97 98 4789
3109 98 99 4757
4865 98 99 4006
4444 98 99 3254
3694 98 99 2833
2943 98 99 4592
4700 98 99 3840
3949 98 99 3088
3199 98 99 4847
4955 98 99 4096
4204 98 99 3344
2509 99 0 4156
3935 99 0 3074
3185 99 0 4833
4941 99 0 3751
3861 99 0 3000
3110 99 0 4759
4866 99 0 3677
3786 99 0 2925
3036 99 0 4684
4462 99 0 3602

30419

0 492 35
1 803 33
2 758 23
3 358 32
4 868 47
5 824 41
6 644 46
7 365 31
8 835 46
9 337 34
10 453 49
11 923 34
12 644 49
13 365 38
14 835 23
15 556 38
16 277 26
17 726 27
18 447 42
19 918 31
20 638 46
21 359 30
22 830 49
23 551 34
24 370 49
25 841 34
26 561 49
27 282 34
28 753 23
29 474 37
30 944 22
31 665 41
32 484 26
33 275 36
34 845 21
35 565 36
36 286 21
37 757 40
38 478 24
39 297 39
40 768 24
41 488 39
42 959 28
43 680 43
44 401 28
45 871 47
46 691 31
47 411 46
48 882 31
49 603 20
50 324 35
51 794 20
52 515 39
53 334 23
54 805 38
55 526 23
56 997 42
57 717 27
58 438 42
59 909 31
60 728 46
61 449 30
62 920 45
63 640 30
64 361 45
65 254 40
66 725 25
67 446 44
68 265 29
69 736 44
70 456 32
71 927 47
72 648 32
73 369 47
74 938 32
75 659 47
76 379 32
77 850 47
78 571 35
79 292 20
80 861 35
81 582 24
82 302 39
83 773 24
84 494 39
85 964 27
86 685 42
87 505 27
88 975 46
89 696 31
90 417 46
91 887 31
92 608 20
93 329 34
94 800 49
95 619 38
96 340 23
97 810 38
98 531 23
99 252 38
