100 205 3

0 125 164 203 242 111 150 189 228 247 156 215 104 162 221 110 169 208 116 175 214 123 182 240 129 188 247 136 194 233 142 221 129 168 227 116 155 214 122 181 240 149 188 246 155 194 103 162 200 109 168 207 116 174 213 122 181 220 129 187 226 135 194 115 154 213 122 161 219 108 167 246 154 193 102 141 200 109 148 226 135 174 232 141 180 239 148 206 115 174 213 121 180 239 128 206 245 154 213 122 
125 0 124 163 202 111 150 208 247 156 215 143 182 241 130 189 247 156 195 124 163 221 130 189 228 136 195 234 143 202 241 149 208 247 156 234 123 182 241 130 188 247 136 195 104 142 201 110 149 208 116 175 234 123 182 240 149 188 247 175 214 123 182 221 129 188 227 155 194 103 142 201 110 149 207 136 175 234 142 181 240 149 188 246 155 194 103 162 201 109 168 207 246 155 213 102 161 200 109 187 
164 124 0 213 122 180 219 148 207 246 154 213 102 161 219 128 187 246 135 193 102 141 200 128 167 226 135 174 232 141 180 109 167 206 115 174 213 121 180 239 148 206 245 154 213 102 161 239 128 187 245 134 193 102 141 200 108 147 206 115 154 212 121 180 239 147 186 245 154 212 101 160 199 108 167 206 114 173 232 141 199 238 147 206 114 153 212 121 180 238 147 186 245 134 192 121 180 219 127 166 
203 163 213 0 140 199 108 147 205 114 153 212 121 160 218 127 166 225 133 172 231 140 179 238 146 185 244 172 211 120 179 218 127 185 224 153 211 100 159 218 107 166 224 133 192 101 140 198 107 146 205 133 172 231 140 179 237 146 185 113 172 211 120 179 218 126 185 244 152 211 100 159 218 107 165 244 133 192 100 139 198 107 165 204 113 152 211 120 159 217 126 185 243 152 191 100 159 198 106 165 
242 202 122 140 0 178 237 145 204 113 152 211 119 158 217 145 184 243 152 191 100 158 197 126 184 223 132 191 230 139 197 106 165 224 113 171 230 119 178 236 125 184 243 132 191 249 138 217 125 164 223 132 171 230 138 197 106 164 203 112 171 230 119 197 236 145 204 243 151 210 249 177 236 125 184 243 132 190 249 158 216 125 164 223 132 171 229 158 197 105 164 203 112 171 229 138 197 236 145 203 
111 111 180 199 178 0 145 184 242 151 190 249 157 196 105 164 203 112 170 229 138 197 235 144 203 242 151 209 248 157 216 105 164 222 111 190 248 137 196 105 144 203 111 170 229 137 176 235 124 163 222 150 189 248 157 196 104 163 202 131 189 228 137 196 235 144 202 111 150 209 248 156 215 104 163 140 179 198 237 146 185 244 152 211 120 178 217 126 185 224 133 211 100 159 218 107 165 224 113 191 
150 150 219 108 237 145 0 172 230 139 198 237 146 204 243 172 230 119 178 237 126 185 243 152 211 120 159 217 126 165 224 152 191 100 139 198 106 165 204 113 171 210 119 178 217 126 184 243 152 210 249 158 217 106 165 223 112 171 230 119 178 236 125 204 112 151 210 119 158 217 125 184 243 151 190 249 158 197 106 184 223 112 171 229 118 177 236 145 203 112 151 210 119 158 216 125 164 223 131 170 
189 208 148 147 145 184 172 0 190 248 137 216 105 164 222 131 170 229 137 196 105 164 203 111 170 209 118 196 235 144 203 242 150 189 248 177 235 124 183 222 131 189 248 157 216 105 163 222 131 170 229 137 196 105 163 202 111 170 209 137 196 235 144 202 241 150 189 248 157 215 104 163 222 111 169 248 137 196 104 143 202 111 150 209 247 156 215 124 163 221 130 189 248 156 195 104 163 202 110 189 
228 247 207 205 204 242 230 190 0 117 176 234 151 190 249 157 216 125 184 223 131 190 229 138 196 235 144 203 242 151 209 248 157 216 105 163 222 111 170 248 137 196 235 144 202 111 150 229 118 176 235 144 183 242 150 209 118 176 215 124 183 222 131 209 248 157 215 104 163 222 111 189 248 137 196 105 143 202 111 170 228 137 176 235 144 183 241 170 209 117 176 215 124 183 222 130 189 228 137 195 
247 156 246 114 113 151 139 248 117 0 182 241 150 189 247 156 195 104 163 221 130 189 228 136 195 234 143 221 110 169 228 117 175 234 123 202 241 149 208 117 156 215 123 182 241 149 188 247 156 195 104 162 201 110 169 208 116 175 214 143 201 240 149 208 247 155 214 123 182 240 129 188 247 136 195 123 162 221 129 168 227 136 175 103 162 201 110 168 207 116 175 234 142 201 240 149 208 246 155 234 
156 215 154 153 152 190 198 137 176 182 0 129 188 227 136 194 103 162 220 109 168 227 116 175 233 122 181 220 129 188 246 155 214 122 161 220 129 168 227 135 174 233 142 181 239 148 187 116 155 213 122 181 220 128 187 246 155 213 102 161 200 239 148 226 115 174 233 122 180 239 128 207 115 154 213 122 161 219 128 167 226 135 174 232 141 180 239 188 227 136 195 103 142 201 110 169 227 136 175 234 
215 143 213 212 211 249 237 216 234 241 129 0 208 247 155 214 123 162 221 129 188 247 155 194 103 142 201 129 188 227 136 175 233 142 181 110 168 207 116 175 214 122 181 240 149 207 246 155 214 123 162 220 129 168 227 116 174 233 142 201 109 148 207 116 174 213 122 181 220 129 168 226 135 194 233 161 200 109 168 226 115 174 233 142 200 109 148 207 115 154 213 142 161 220 128 187 226 135 193 102 
104 182 102 121 119 157 146 105 151 150 188 208 0 245 134 193 232 141 180 239 147 206 245 173 212 121 180 239 128 186 225 154 212 121 160 219 108 167 225 134 193 101 140 199 108 147 206 134 173 232 141 180 238 147 206 114 173 212 121 180 238 127 186 245 153 212 121 160 219 108 166 245 134 192 101 140 199 108 147 205 114 173 212 121 160 218 127 205 244 153 192 101 160 199 107 166 205 114 172 231 
162 241 161 160 158 196 204 164 190 189 227 247 245 0 153 192 101 159 198 127 185 224 133 192 108 147 206 115 174 232 141 180 239 128 186 245 134 193 102 160 199 108 167 206 115 154 212 121 160 219 127 186 245 154 193 101 160 219 108 186 225 134 193 101 140 199 238 166 225 134 173 232 121 179 238 167 206 114 153 212 121 160 218 147 186 245 153 212 101 160 218 127 186 245 134 192 101 140 199 127 
221 130 219 218 217 105 243 222 249 247 136 155 134 153 0 218 127 186 225 133 192 231 140 198 107 146 205 244 153 211 100 179 238 126 185 244 133 192 100 159 218 127 166 224 133 192 231 159 198 107 166 224 113 172 231 139 198 107 146 205 244 152 211 100 159 218 126 165 224 133 172 100 159 198 107 165 204 113 152 230 139 198 237 146 185 243 152 211 119 178 217 126 185 243 132 211 100 159 217 126 
110 189 128 127 145 164 172 131 157 156 194 214 193 192 218 0 145 204 113 172 230 119 178 237 145 184 243 152 211 119 178 217 126 165 223 132 171 230 139 178 236 145 204 112 171 230 119 178 236 125 184 223 132 191 229 138 197 106 145 223 112 171 230 138 177 236 125 203 112 171 210 119 158 197 105 164 223 131 190 229 138 197 236 164 223 112 171 229 118 177 216 125 183 242 131 190 249 138 196 239 
169 247 187 166 184 203 230 170 216 195 103 123 232 101 127 145 0 147 186 245 153 192 101 179 218 127 166 225 134 173 231 160 199 108 166 225 114 173 231 140 199 108 147 205 114 153 212 140 179 238 147 186 244 133 192 120 179 218 127 166 225 133 192 231 140 199 238 146 205 244 153 231 120 179 238 127 185 224 133 192 100 139 198 107 146 205 113 172 231 139 178 237 146 185 244 172 211 120 159 218 
208 156 246 225 243 112 119 229 125 104 162 162 141 159 186 204 147 0 185 243 152 191 100 158 217 106 165 224 113 171 230 119 178 237 145 204 113 171 210 119 158 217 126 204 243 152 191 249 158 197 106 184 223 132 191 230 138 197 236 165 223 112 171 230 139 178 236 145 204 112 171 210 119 158 217 145 204 243 151 190 249 158 197 125 184 223 132 191 230 138 197 106 145 203 112 151 210 249 158 236 
116 195 135 133 152 170 178 137 184 163 220 221 180 198 225 113 186 185 0 242 151 210 118 177 236 125 183 242 151 190 249 157 216 125 164 222 111 150 209 118 177 235 124 183 242 131 189 248 137 196 105 144 202 111 150 229 137 176 235 144 183 241 150 209 118 176 215 124 183 222 130 209 248 157 215 104 163 222 111 189 248 137 196 104 143 202 111 170 228 137 176 235 143 182 241 170 209 117 176 215 
175 124 193 172 191 229 237 196 223 221 109 129 239 127 133 172 245 243 242 0 169 208 117 176 215 123 182 241 150 208 247 156 215 104 162 201 110 169 228 117 175 234 123 202 110 149 208 117 156 214 123 182 241 149 188 247 156 195 103 182 221 130 188 227 136 195 234 162 221 110 169 227 116 175 234 123 182 240 129 188 247 136 194 123 162 221 129 168 227 136 175 103 162 201 110 168 207 116 175 233 
214 163 102 231 100 138 126 105 131 130 168 188 147 185 192 230 153 152 151 169 0 227 135 214 103 162 220 109 168 227 116 194 103 142 201 240 148 207 116 175 233 122 181 240 148 187 246 155 194 103 161 200 109 168 207 135 194 233 142 200 239 148 207 246 155 213 102 161 220 109 167 246 135 194 102 141 200 109 148 226 135 174 233 141 161 219 128 187 245 154 193 102 161 200 108 187 226 135 193 232 
123 221 141 140 158 197 185 164 190 189 227 247 206 224 231 119 192 191 210 208 227 0 207 115 174 213 122 200 239 148 207 246 154 213 102 180 239 128 187 246 135 193 102 161 220 128 167 226 135 174 232 161 200 109 167 206 115 174 213 141 200 239 148 206 245 154 213 121 180 239 128 187 245 134 193 122 161 219 128 167 226 134 173 102 161 200 108 167 206 115 173 212 121 180 219 128 186 225 134 213 
182 130 200 179 197 235 243 203 229 228 116 155 245 133 140 178 101 100 118 117 135 207 0 153 212 121 160 219 127 166 225 134 173 232 140 179 238 147 186 244 133 192 231 140 179 238 146 225 114 172 211 120 179 238 127 205 114 153 211 120 159 218 127 185 244 153 192 101 159 198 107 185 224 133 192 231 140 179 237 166 205 113 172 231 120 179 237 146 205 113 152 211 120 159 218 146 185 244 153 192 
240 189 128 238 126 144 152 111 138 136 175 194 173 192 198 237 179 158 177 176 214 115 153 0 191 100 159 217 126 165 224 133 191 230 139 217 106 165 224 113 172 230 119 198 106 145 204 243 132 191 230 158 197 106 165 204 112 171 210 119 178 217 125 184 243 132 191 230 138 197 236 145 203 242 151 230 119 177 236 145 184 242 151 210 119 177 216 125 184 223 131 210 249 158 216 105 164 203 112 190 
129 228 167 146 184 203 211 170 196 195 233 103 212 108 107 145 218 217 236 215 103 174 212 191 0 249 157 216 105 164 223 131 190 249 138 196 105 164 203 131 170 229 138 196 235 144 183 242 151 190 248 157 196 105 164 222 131 190 248 137 196 235 144 222 131 170 229 118 176 235 124 203 111 150 209 118 157 215 124 183 242 150 189 248 157 216 105 163 222 111 170 209 117 176 215 144 202 241 150 209 
188 136 226 185 223 242 120 209 235 234 122 142 121 147 146 184 127 106 125 123 162 213 121 100 249 0 176 104 143 202 111 150 208 117 156 235 143 202 241 150 189 248 156 215 124 182 221 130 189 228 137 215 104 163 221 110 169 228 117 195 104 143 202 110 169 208 117 176 234 143 202 241 150 189 247 156 195 104 162 201 110 169 228 136 195 234 143 201 240 149 208 136 175 234 123 182 221 129 168 247 
247 195 135 244 132 151 159 118 144 143 181 201 180 206 205 243 166 165 183 182 220 122 160 159 157 176 0 164 223 131 170 249 158 197 105 164 203 112 170 229 138 197 105 144 203 242 151 229 118 177 236 125 183 242 131 210 118 157 216 125 164 222 131 190 249 157 196 105 164 223 112 190 229 138 196 105 144 203 242 170 229 118 177 235 124 183 242 131 190 248 157 196 105 144 202 131 190 229 137 176 
136 234 174 172 191 209 217 196 203 221 220 129 239 115 244 152 225 224 242 241 109 200 219 217 216 104 164 0 241 150 209 248 156 215 104 183 241 130 189 248 137 195 104 143 202 111 150 208 117 156 215 123 162 201 110 169 208 117 175 234 143 182 240 149 208 247 156 234 123 182 241 130 188 247 136 214 123 162 221 130 169 227 136 195 103 162 201 110 169 208 116 195 234 142 201 240 149 208 247 175 
194 143 232 211 230 248 126 235 242 110 129 188 128 174 153 211 134 113 151 150 168 239 127 126 105 143 223 241 0 129 188 246 135 194 103 142 201 109 148 227 135 174 233 142 181 240 148 207 116 174 213 122 181 220 129 207 246 155 214 103 141 180 239 148 207 115 154 213 122 181 220 128 187 226 135 193 232 141 180 239 148 206 245 154 213 102 160 239 128 187 245 134 193 232 141 219 128 167 226 115 
233 202 141 120 139 157 165 144 151 169 188 227 186 232 211 119 173 171 190 208 227 148 166 165 164 202 131 150 129 0 167 225 134 193 232 160 199 108 167 225 114 173 212 121 180 219 127 186 245 134 192 101 160 219 127 166 225 134 173 232 121 179 238 127 186 244 153 212 121 179 218 127 186 225 133 212 101 160 218 107 166 225 114 192 101 140 199 238 146 205 244 173 231 120 179 238 146 185 244 153 
142 241 180 179 197 216 224 203 209 228 246 136 225 141 100 178 231 230 249 247 116 207 225 224 223 111 170 209 188 167 0 244 153 192 100 159 198 107 165 224 133 192 231 139 198 107 146 224 133 172 231 139 178 237 126 205 113 172 211 120 159 217 126 205 244 152 191 100 159 198 106 165 224 113 172 230 119 178 217 146 204 113 152 211 100 158 217 126 165 224 132 171 230 139 178 106 165 204 113 152 
221 149 109 218 106 105 152 242 248 117 155 175 154 180 179 217 160 119 157 156 194 246 134 133 131 150 249 248 246 225 244 0 132 190 229 100 159 198 106 165 204 113 171 230 139 198 237 145 204 243 152 210 119 178 237 126 184 243 132 211 119 158 217 126 165 223 132 191 100 158 197 106 165 204 112 191 230 139 197 236 145 204 243 171 230 119 178 236 125 184 243 152 210 119 158 217 125 164 223 132 
129 208 167 127 165 164 191 150 157 175 214 233 212 239 238 126 199 178 216 215 103 154 173 191 190 208 158 156 135 134 153 132 0 171 210 118 177 216 125 203 242 131 190 229 138 196 105 164 223 112 170 229 138 177 235 144 183 242 151 190 248 157 196 124 163 222 111 170 209 118 176 235 144 202 241 150 209 118 157 235 144 183 242 150 189 248 157 215 124 183 222 131 189 228 137 215 104 163 202 111 
168 247 206 185 224 222 100 189 216 234 122 142 121 128 126 165 108 237 125 104 142 213 232 230 249 117 197 215 194 193 192 190 171 0 208 137 176 235 124 182 241 130 189 247 156 195 104 163 202 110 149 228 136 195 234 143 182 241 149 228 117 175 214 123 182 241 130 208 247 156 215 123 143 182 240 169 208 116 175 214 123 182 240 129 188 227 136 194 233 142 201 110 168 227 116 175 233 122 181 110 
227 156 115 224 113 111 139 248 105 123 161 181 160 186 185 223 166 145 164 162 201 102 140 139 138 156 105 104 103 232 100 229 210 208 0 116 175 214 122 201 240 148 207 246 155 214 103 181 240 129 187 246 135 194 103 142 200 109 148 207 116 154 213 142 181 239 148 187 246 155 194 102 161 220 109 167 206 115 174 233 141 200 239 148 206 245 154 233 122 180 239 128 187 246 154 213 122 161 219 128 
116 234 174 153 171 190 198 177 163 202 220 110 219 245 244 132 225 204 222 201 240 180 179 217 196 235 164 183 142 160 159 100 118 137 116 0 193 232 141 199 108 147 206 115 173 232 121 180 238 127 186 115 154 212 121 160 219 128 167 245 154 193 101 160 199 108 167 225 134 193 232 140 199 108 147 225 114 173 232 121 180 238 127 186 245 134 192 101 160 199 108 166 225 134 192 231 140 179 238 147 
155 123 213 211 230 248 106 235 222 241 129 168 108 134 133 171 114 113 111 110 148 239 238 106 105 143 203 241 201 199 198 159 177 176 175 193 0 231 139 198 107 146 205 244 152 211 100 161 200 239 147 206 115 154 212 121 180 239 147 186 245 154 193 121 180 219 128 186 225 134 173 101 160 219 108 167 206 114 173 232 141 199 238 147 206 114 153 232 121 180 238 147 186 245 153 212 121 180 219 127 
214 182 121 100 119 137 165 124 111 149 168 207 167 193 192 230 173 171 150 169 207 128 147 165 164 202 112 130 109 108 107 198 216 235 214 232 231 0 120 179 218 127 185 244 153 212 101 159 218 127 166 244 133 172 231 140 198 237 146 205 113 172 231 120 179 218 126 185 224 133 192 231 139 198 107 146 185 243 132 191 100 139 198 126 165 224 132 171 230 139 178 106 165 204 113 171 210 119 178 237 
122 241 180 159 178 196 204 183 170 208 227 116 225 102 100 139 231 210 209 228 116 187 186 224 203 241 170 189 148 167 165 106 125 124 122 141 139 120 0 158 217 125 164 223 132 171 230 158 197 106 164 203 112 171 210 119 177 216 125 184 242 131 190 249 158 216 125 164 223 112 171 249 138 197 105 144 203 112 151 229 138 177 236 144 183 222 111 190 249 138 196 105 144 203 111 150 209 118 157 216 
181 130 239 218 236 105 113 222 248 117 135 175 134 160 159 178 140 119 118 117 175 246 244 113 131 150 229 248 227 225 224 165 203 182 201 199 198 179 158 0 176 235 143 222 111 170 209 117 176 235 124 202 241 150 209 117 156 215 124 183 241 150 189 248 156 195 104 163 202 111 169 208 117 176 215 143 202 241 150 208 247 156 215 104 162 221 110 169 228 117 175 104 143 202 110 149 208 117 156 234 
240 188 148 107 125 144 171 131 137 156 174 214 193 199 218 236 199 158 177 175 233 135 133 172 170 189 138 137 135 114 133 204 242 241 240 108 107 218 217 176 0 103 162 221 110 168 227 136 194 103 142 201 240 149 207 136 175 234 142 181 240 149 188 116 175 214 123 181 220 129 188 246 155 214 103 162 220 109 168 247 136 194 103 142 201 109 148 227 136 175 233 142 181 240 148 187 246 155 194 103 
149 247 206 166 184 203 210 189 196 215 233 122 101 108 127 145 108 217 235 234 122 193 192 230 229 248 197 195 174 173 192 113 131 130 148 147 146 127 125 235 103 0 161 239 128 187 246 135 193 102 141 200 108 147 206 115 154 213 121 134 173 232 140 179 238 147 186 114 173 212 121 179 218 127 186 245 153 212 101 160 218 107 166 245 134 192 101 140 199 108 147 225 134 173 231 140 179 238 147 205 
188 136 245 224 243 111 119 248 235 123 142 181 140 167 166 204 147 126 124 123 181 102 231 119 138 156 105 104 233 212 231 171 190 189 207 206 205 185 164 143 162 161 0 172 231 120 179 107 146 205 113 152 211 120 159 237 146 185 244 152 191 100 159 218 107 165 224 113 172 230 119 198 107 146 204 113 152 211 100 159 217 126 165 224 132 171 230 139 178 217 126 165 223 132 191 249 158 197 106 165 
246 195 154 133 132 170 178 157 144 182 181 240 199 206 224 112 205 204 183 202 240 161 140 198 196 215 144 143 142 121 139 230 229 247 246 115 244 244 223 222 221 239 172 0 230 138 177 236 145 184 242 151 210 249 158 216 105 164 203 131 190 249 138 197 236 144 203 112 151 209 118 157 216 125 164 242 151 190 249 157 196 105 144 222 131 170 229 138 196 235 144 203 111 170 229 118 157 196 105 163 
155 104 213 192 191 229 217 216 202 241 239 149 108 115 133 171 114 243 242 110 148 220 179 106 235 124 203 202 181 180 198 139 138 156 155 173 152 153 132 111 110 128 231 230 0 228 137 215 124 163 221 110 169 228 117 195 104 143 202 110 149 208 117 176 234 143 182 241 150 208 247 176 215 123 182 241 130 189 228 136 195 234 143 201 110 149 208 117 175 234 143 182 240 149 188 247 136 195 103 142 
194 142 102 101 249 137 126 105 111 149 148 207 147 154 192 230 153 152 131 149 187 128 238 145 144 182 242 111 240 219 107 198 196 195 214 232 211 212 171 170 168 187 120 138 228 0 155 214 122 161 220 129 188 246 155 194 103 142 200 129 188 227 135 174 233 142 181 109 168 207 116 174 213 122 181 240 148 207 246 155 213 122 161 240 129 187 246 155 194 103 141 220 129 168 226 135 174 233 142 200 
103 201 161 140 138 176 184 163 150 188 187 246 206 212 231 119 212 191 189 208 246 167 146 204 183 221 151 150 148 127 146 237 105 104 103 121 100 101 230 209 227 246 179 177 137 155 0 232 121 180 239 128 186 245 154 213 121 160 219 128 186 225 134 173 232 141 180 238 147 206 245 183 222 111 170 209 117 176 215 144 202 241 150 209 248 156 195 124 183 222 130 189 228 137 195 104 163 222 111 169 
162 110 239 198 217 235 243 222 229 247 116 155 134 121 159 178 140 249 248 117 155 226 225 243 242 130 229 208 207 186 224 145 164 163 181 180 161 159 158 117 136 135 107 236 215 214 232 0 130 188 227 156 215 123 162 221 110 169 228 156 195 104 143 201 110 149 208 136 175 234 143 182 240 149 208 117 156 214 103 162 221 110 168 247 136 195 103 162 201 110 149 227 136 195 234 142 181 240 149 188 
200 149 128 107 125 124 152 131 118 156 155 214 173 160 198 236 179 158 137 156 194 135 114 132 151 189 118 117 116 245 133 204 223 202 240 238 200 218 197 176 194 193 146 145 124 122 121 130 0 227 135 174 233 142 181 109 168 207 116 174 213 122 181 220 129 187 226 135 194 233 141 220 109 168 226 115 174 233 142 200 109 148 207 115 154 213 122 181 239 148 187 246 154 193 102 181 220 128 187 226 
109 208 187 146 164 163 210 170 176 195 213 123 232 219 107 125 238 197 196 214 103 174 172 191 190 228 177 156 174 134 172 243 112 110 129 127 239 127 106 235 103 102 205 184 163 161 180 188 227 0 114 193 232 141 199 108 147 206 114 173 232 141 180 238 147 186 245 173 212 121 180 219 127 166 225 154 212 101 160 199 108 166 225 134 193 232 140 199 108 147 205 114 153 212 121 160 218 127 166 245 
168 116 245 205 223 222 249 229 235 104 122 162 141 127 166 184 147 106 105 123 161 232 211 230 248 137 236 215 213 192 231 152 170 149 187 186 147 166 164 124 142 141 113 242 221 220 239 227 135 114 0 231 120 179 238 146 205 114 153 211 120 179 218 146 185 244 153 211 100 159 218 127 185 244 133 192 100 139 198 127 166 224 113 172 231 120 179 107 146 205 113 152 211 120 179 237 146 185 244 152 
207 175 134 133 132 150 158 137 144 162 181 220 180 186 224 223 186 184 144 182 200 161 120 158 157 215 125 123 122 101 139 210 229 228 246 115 206 244 203 202 201 200 152 151 110 129 128 156 174 193 231 0 198 237 145 184 223 132 191 100 158 217 106 165 223 112 171 100 139 197 106 145 204 243 152 230 119 178 236 125 184 243 152 173 212 121 160 218 107 166 225 153 192 101 140 199 107 146 205 133 
116 234 193 172 171 189 217 196 183 201 220 129 238 245 113 132 244 223 202 241 109 200 179 197 196 104 183 162 181 160 178 119 138 136 135 154 115 133 112 241 240 108 211 210 169 188 186 215 233 232 120 198 0 198 107 165 224 133 192 231 139 178 237 146 185 243 152 211 100 159 217 126 185 244 133 191 230 139 198 126 165 224 113 172 230 119 178 106 145 184 243 152 191 100 158 217 126 184 223 132 
174 123 102 231 230 248 106 105 242 110 128 168 147 154 172 191 133 132 111 149 168 109 238 106 105 163 242 201 220 219 237 178 177 195 194 212 154 172 171 150 149 147 120 249 228 246 245 123 142 141 179 237 198 0 236 144 203 242 151 229 118 177 236 125 183 242 131 210 118 157 216 125 164 223 131 170 229 138 177 235 144 183 242 170 209 118 177 216 124 183 222 131 190 229 137 196 235 144 202 111 
213 182 141 140 138 157 165 163 150 169 187 227 206 193 231 229 192 191 150 188 207 167 127 165 164 221 131 110 129 127 126 237 235 234 103 121 212 231 210 209 207 206 159 158 117 155 154 162 181 199 238 145 107 236 0 123 162 221 130 169 228 136 175 104 143 201 110 169 208 117 175 234 143 202 241 149 208 247 156 234 123 182 241 130 188 247 136 214 123 162 221 110 169 227 136 195 104 143 201 110 
122 240 200 179 197 196 223 202 209 208 246 116 114 101 139 138 120 230 229 247 135 206 205 204 222 110 210 169 207 166 205 126 144 143 142 160 121 140 119 117 136 115 237 216 195 194 213 221 109 108 146 184 165 144 123 0 181 240 148 187 246 155 194 103 161 200 109 187 226 135 174 233 142 200 239 168 207 115 174 233 122 181 239 148 207 116 154 213 122 161 220 148 187 246 155 194 102 161 200 128 
181 149 108 237 106 104 112 111 118 116 155 174 173 160 198 197 179 138 137 156 194 115 114 112 131 169 118 208 246 225 113 184 183 182 200 219 180 198 177 156 175 154 146 105 104 103 121 110 168 147 205 223 224 203 162 181 0 108 167 206 115 154 212 141 199 238 147 206 225 134 193 101 160 219 108 166 225 114 173 101 140 199 238 147 206 114 153 212 121 160 218 127 166 225 134 158 197 106 164 203 
220 188 147 146 164 163 171 170 176 175 213 233 212 219 107 106 218 197 176 195 233 174 153 171 190 228 157 117 155 134 172 243 242 241 109 128 239 237 216 215 234 213 185 164 143 142 160 169 207 206 114 132 133 242 221 240 108 0 131 210 249 157 216 105 164 223 112 190 249 138 196 105 144 203 112 151 209 118 157 216 124 163 222 151 190 248 157 196 105 163 202 131 190 229 137 196 235 144 203 111 
129 247 206 185 203 202 230 209 215 214 102 142 121 108 146 145 127 236 235 103 142 213 211 210 248 117 216 175 214 173 211 132 151 149 148 167 147 146 125 124 142 121 244 203 202 200 219 228 116 114 153 191 192 151 130 148 167 131 0 189 247 136 195 124 163 221 130 169 228 136 175 104 163 202 110 149 208 117 175 234 143 182 241 149 208 247 156 215 123 182 241 130 188 247 136 215 123 162 221 130 
187 175 115 113 112 131 119 137 124 143 161 201 180 186 205 223 166 165 144 182 200 141 120 119 137 195 125 234 103 232 120 211 190 228 207 245 186 205 184 183 181 134 152 131 110 129 128 156 174 173 211 100 231 229 169 187 206 210 189 0 226 135 174 233 142 181 239 168 207 115 174 213 122 181 239 148 207 246 154 213 122 161 220 128 187 246 155 194 102 161 200 128 187 226 135 174 233 141 180 109 
226 214 154 172 171 189 178 196 183 201 200 109 238 225 244 112 225 223 183 221 239 200 159 178 196 104 164 143 141 121 159 119 248 117 116 154 245 113 242 241 240 173 191 190 149 188 186 195 213 232 120 158 139 118 228 246 115 249 247 226 0 173 212 141 200 108 147 206 245 154 212 101 160 219 128 167 225 134 173 101 160 199 108 167 206 114 153 232 140 179 238 147 186 245 153 212 121 180 219 127 
135 123 212 211 230 228 236 235 222 240 239 148 127 134 152 171 133 112 241 130 148 239 218 217 235 143 222 182 180 179 217 158 157 175 154 193 154 172 131 150 149 232 100 249 208 227 225 104 122 141 179 217 178 177 136 155 154 157 136 135 173 0 101 159 218 107 166 244 133 192 101 140 198 107 166 224 133 172 231 140 159 218 126 185 244 153 191 100 159 198 107 185 224 133 192 231 139 198 107 146 
194 182 121 120 119 137 125 144 131 149 148 207 186 193 211 230 192 171 150 188 207 148 127 125 144 202 131 240 239 238 126 217 196 214 213 101 193 231 190 189 188 140 159 138 117 135 134 143 181 180 218 106 237 236 175 194 212 216 195 174 212 101 0 151 210 249 157 216 125 164 223 131 170 229 118 177 235 124 183 112 151 209 118 157 216 124 183 222 131 190 229 137 176 235 144 222 111 170 209 118 
115 221 180 179 197 196 204 202 209 208 226 116 245 101 100 138 231 230 209 227 246 206 185 184 222 110 190 149 148 127 205 126 124 123 142 160 121 120 249 248 116 179 218 197 176 174 173 201 220 238 146 165 146 125 104 103 141 105 124 233 141 159 151 0 149 208 117 175 234 143 182 241 149 188 247 175 214 123 182 221 130 188 247 156 214 103 162 221 110 169 227 136 195 104 143 201 110 149 208 116 
154 129 239 218 236 235 112 241 248 247 115 174 153 140 159 177 140 139 118 136 155 245 244 243 131 169 249 208 207 186 244 165 163 182 181 199 180 179 158 156 175 238 107 236 234 233 232 110 129 147 185 223 185 183 143 161 199 164 163 142 200 218 210 149 0 187 226 135 193 232 141 220 109 167 226 115 174 232 121 200 109 148 206 115 154 213 121 180 239 148 187 245 154 193 102 180 219 128 187 226 
213 188 147 126 145 144 151 150 157 155 174 213 212 199 218 236 199 178 176 195 213 154 153 132 170 208 157 247 115 244 152 223 222 241 239 108 219 218 216 195 214 147 165 144 143 142 141 149 187 186 244 112 243 242 201 200 238 223 221 181 108 107 249 208 187 0 244 173 232 121 179 238 127 186 244 153 212 121 160 218 127 166 225 134 173 231 140 179 238 146 185 114 173 212 120 179 218 127 185 244 
122 227 186 185 204 202 210 189 215 214 233 122 121 238 126 125 238 236 215 234 102 213 192 191 229 117 196 156 154 153 191 132 111 130 148 167 128 126 125 104 123 186 224 203 182 181 180 208 226 245 153 171 152 131 110 109 147 112 130 239 147 166 157 117 226 244 0 191 100 139 198 107 146 204 113 152 211 119 158 237 146 185 243 152 191 100 158 217 126 185 224 132 171 210 119 197 236 145 204 243 
161 155 245 244 243 111 119 248 104 123 122 181 160 166 165 203 146 145 124 162 161 121 101 230 118 176 105 234 213 212 100 191 170 208 187 225 186 185 164 163 181 114 113 112 241 109 238 136 135 173 211 100 211 210 169 187 206 190 169 168 206 244 216 175 135 173 191 0 155 214 122 161 220 129 168 246 155 194 103 161 200 109 168 207 115 174 213 122 181 239 128 207 246 154 213 122 161 220 109 167 
219 194 154 152 151 150 158 157 163 182 180 220 219 225 224 112 205 204 183 221 220 180 159 138 176 234 164 123 122 121 159 100 209 247 246 134 225 224 223 202 220 173 172 151 150 168 147 175 194 212 100 139 100 118 208 226 225 249 228 207 245 133 125 234 193 232 100 155 0 193 232 160 219 108 166 205 114 173 232 140 199 238 147 205 114 153 212 140 179 238 147 186 244 153 192 121 179 218 127 186 
108 103 212 211 210 209 217 215 222 240 239 129 108 134 133 171 244 112 222 110 109 239 198 197 235 143 223 182 181 179 198 158 118 156 155 193 134 133 112 111 129 212 230 209 208 207 206 234 233 121 159 197 159 157 117 135 134 138 136 115 154 192 164 143 232 121 139 214 193 0 100 159 198 106 145 204 113 152 211 119 178 217 126 184 243 152 211 100 158 197 106 185 243 132 191 230 139 197 236 165 
167 142 101 100 249 248 125 104 111 129 128 168 166 173 172 210 153 171 130 169 167 128 107 236 124 202 112 241 220 218 106 197 176 215 194 232 173 192 171 169 188 121 119 118 247 116 245 143 141 180 218 106 217 216 175 174 193 196 175 174 212 101 223 182 141 179 198 122 232 100 0 157 216 125 184 223 131 190 229 158 216 105 164 223 112 170 209 138 197 236 144 203 242 151 209 118 177 236 125 183 
246 201 160 159 177 156 184 163 189 188 207 226 245 232 100 119 231 210 209 227 246 187 185 145 203 241 190 130 128 127 165 106 235 123 102 140 101 231 249 208 246 179 198 157 176 174 183 182 220 219 127 145 126 125 234 233 101 105 104 213 101 140 131 241 220 238 107 161 160 159 157 0 104 163 222 131 189 228 137 196 104 143 202 241 150 209 248 156 215 104 163 241 130 189 248 156 195 104 163 222 
154 110 199 218 236 215 243 222 248 247 115 135 134 121 159 158 120 119 248 116 135 245 224 203 111 150 229 188 187 186 224 165 144 143 161 199 160 139 138 117 155 218 107 216 215 213 222 240 109 127 185 204 185 164 143 142 160 144 163 122 160 198 170 149 109 127 146 220 219 198 216 104 0 139 198 106 165 204 113 191 230 139 198 237 145 204 243 172 230 119 178 237 126 184 243 132 191 100 139 197 
193 149 108 107 125 104 151 111 137 136 154 194 192 179 198 197 179 158 157 175 194 134 133 242 150 189 138 247 226 225 113 204 202 182 220 108 219 198 197 176 214 127 146 125 123 122 111 149 168 166 244 243 244 223 202 200 219 203 202 181 219 107 229 188 167 186 204 129 108 106 125 163 139 0 177 235 144 203 112 150 209 118 157 235 144 183 242 151 190 248 137 216 124 163 222 131 170 229 137 196 
102 207 167 165 184 163 190 169 196 195 213 233 101 238 107 105 238 217 215 234 102 193 192 151 209 247 196 136 135 133 172 112 241 240 109 147 108 107 105 215 103 186 204 164 182 181 170 208 226 225 133 152 133 131 241 239 108 112 110 239 128 166 118 247 226 244 113 168 166 145 184 222 198 177 0 234 143 202 241 169 208 117 175 234 123 182 221 130 188 227 136 195 234 142 201 110 169 227 116 175 
141 136 206 244 243 140 249 248 105 123 122 161 140 167 165 164 127 145 104 123 141 122 231 230 118 156 105 214 193 212 230 191 150 169 167 225 167 146 144 143 162 245 113 242 241 240 209 117 115 154 192 230 191 170 149 168 166 151 149 148 167 224 177 175 115 153 152 246 205 204 223 131 106 235 234 0 161 200 109 168 207 115 174 233 142 200 239 148 207 115 154 233 122 181 239 148 187 246 135 213 
200 175 114 133 132 179 158 137 143 162 161 200 199 206 204 223 185 204 163 182 200 161 140 119 157 195 144 123 232 101 119 230 209 208 206 114 206 185 203 202 220 153 152 151 130 148 117 156 174 212 100 119 230 229 208 207 225 209 208 207 225 133 235 214 174 212 211 155 114 113 131 189 165 144 143 161 0 108 167 226 115 173 232 121 180 239 128 206 115 154 212 121 160 219 128 186 225 134 173 232 
109 234 173 192 190 198 197 196 202 221 219 109 108 114 113 131 224 243 222 240 109 219 179 177 215 104 203 162 141 160 178 139 118 116 115 173 114 243 112 241 109 212 211 190 189 207 176 214 233 101 139 178 139 138 247 115 114 118 117 246 134 172 124 123 232 121 119 194 173 152 190 228 204 203 202 200 108 0 123 182 240 129 188 117 156 214 123 162 221 110 168 247 136 195 103 142 201 110 169 227 
148 142 232 100 249 237 106 104 111 129 128 168 147 153 152 190 133 151 111 129 148 128 237 236 124 162 242 221 180 218 217 197 157 175 174 232 173 132 151 150 168 101 100 249 228 246 215 103 142 160 198 236 198 177 156 174 173 157 175 154 173 231 183 182 121 160 158 103 232 211 229 137 113 112 241 109 167 123 0 141 200 108 147 206 115 174 213 141 180 239 147 186 245 154 193 121 180 219 128 187 
226 181 141 139 158 146 184 143 170 168 167 226 205 212 230 229 192 190 189 188 226 167 166 145 183 201 170 130 239 107 146 236 235 214 233 121 232 191 229 208 247 160 159 157 136 155 144 162 200 199 127 125 126 235 234 233 101 216 234 213 101 140 112 221 200 218 237 161 140 119 158 196 191 150 169 168 226 182 141 0 198 237 146 225 114 172 231 120 179 237 126 185 244 133 192 100 139 198 107 146 
135 240 199 198 216 185 223 202 228 227 226 115 114 121 139 138 100 249 248 247 135 226 205 184 242 110 229 169 148 166 204 145 144 123 141 180 141 100 138 247 136 218 217 196 195 213 202 221 109 108 166 184 165 144 123 122 140 124 143 122 160 159 151 130 109 127 146 200 199 178 216 104 230 209 208 207 115 240 200 198 0 236 145 204 243 151 210 119 178 236 125 184 243 132 190 119 158 217 125 164 
174 149 238 107 125 244 112 111 137 136 135 174 173 160 198 197 139 158 137 136 174 134 113 242 150 169 118 227 206 225 113 204 183 182 200 238 199 139 177 156 194 107 126 105 234 122 241 110 148 166 224 243 224 183 182 181 199 163 182 161 199 218 209 188 148 166 185 109 238 217 105 143 139 118 117 115 173 129 108 237 236 0 183 112 151 209 118 157 216 124 163 222 131 170 229 137 176 235 144 202 
232 188 147 165 164 152 171 150 176 175 174 233 212 218 237 236 198 197 196 194 233 173 172 151 189 228 177 136 245 114 152 243 242 240 239 127 238 198 236 215 103 166 165 144 143 161 150 168 207 225 113 152 113 242 241 239 238 222 241 220 108 126 118 247 206 225 243 168 147 126 164 202 198 157 175 174 232 188 147 146 145 183 0 178 237 126 184 243 152 211 100 158 217 106 165 243 132 191 100 139 
141 246 206 204 223 211 229 209 235 103 232 142 121 147 146 164 107 125 104 123 141 102 231 210 248 136 235 195 154 192 211 171 150 129 148 186 147 126 144 104 142 245 224 222 201 240 209 247 115 134 172 173 172 170 130 148 147 151 149 128 167 185 157 156 115 134 152 207 205 184 223 241 237 235 234 233 121 117 206 225 204 112 178 0 102 141 200 128 151 218 170 228 157 152 172 120 198 107 205 134 
180 155 114 113 132 120 118 247 144 162 141 200 160 186 185 223 146 184 143 162 161 161 120 119 157 195 124 103 213 101 100 230 189 188 206 245 206 165 183 162 201 134 132 131 110 129 248 136 154 193 231 212 230 209 188 207 206 190 208 187 206 244 216 214 154 173 191 115 114 243 112 150 145 144 123 142 180 156 115 114 243 151 237 102 0 188 247 156 214 123 162 221 110 149 208 116 175 234 123 182 
239 194 153 152 171 178 177 156 183 201 180 109 218 245 243 112 205 223 202 221 219 200 179 177 216 234 183 162 102 140 158 119 248 227 245 134 114 224 222 221 109 192 171 170 149 187 156 195 213 232 120 121 119 118 247 116 114 248 247 246 114 153 124 103 213 231 100 174 153 152 170 209 204 183 182 200 239 214 174 172 151 209 126 141 188 0 135 194 233 142 200 109 168 227 116 174 233 122 181 109 
148 103 212 211 229 217 236 215 241 110 239 148 127 153 152 171 113 132 111 129 128 108 237 216 105 143 242 201 160 199 217 178 157 136 154 192 153 132 111 110 148 101 230 229 208 246 195 103 122 140 179 160 178 177 136 154 153 157 156 155 153 191 183 162 121 140 158 213 212 211 209 248 243 242 221 239 128 123 213 231 210 118 184 200 247 135 0 102 161 219 128 167 226 135 173 102 161 200 108 167 
206 162 121 120 158 126 145 124 170 168 188 207 205 212 211 229 172 191 170 168 187 167 146 125 163 201 131 110 239 238 126 236 215 194 233 101 232 171 190 169 227 140 139 138 117 155 124 162 181 199 107 218 106 216 214 213 212 196 215 194 232 100 222 221 180 179 217 122 140 100 138 156 172 151 130 148 206 162 141 120 119 157 243 128 156 194 102 0 189 248 137 215 124 163 222 130 169 228 137 196 
115 201 180 159 197 185 203 163 209 207 227 115 244 101 119 118 231 230 228 227 245 206 205 184 222 240 190 169 128 146 165 125 124 233 122 160 121 230 249 228 136 199 178 196 175 194 183 201 239 108 146 107 145 124 123 122 121 105 123 102 140 159 131 110 239 238 126 181 179 158 197 215 230 190 188 207 115 221 180 179 178 216 152 151 214 233 161 189 0 136 195 234 142 201 240 169 208 116 155 214 
174 109 238 217 105 224 112 221 117 116 136 154 153 160 178 177 139 138 137 136 154 115 113 223 111 149 248 208 187 205 224 184 183 142 180 199 180 139 138 117 175 108 217 235 234 103 222 110 148 147 205 166 184 183 162 161 160 163 182 161 179 198 190 169 148 146 185 239 238 197 236 104 119 248 227 115 154 110 239 237 236 124 211 218 123 142 219 248 136 0 213 122 181 239 148 187 246 154 193 122 
213 168 147 126 164 133 151 130 176 175 195 213 192 218 217 216 178 197 176 175 193 173 152 131 170 208 157 116 245 244 132 243 222 201 239 108 238 178 196 175 233 147 126 144 143 141 130 149 187 205 113 225 243 222 221 220 218 202 241 200 238 107 229 227 187 185 224 128 147 106 144 163 178 137 136 154 212 168 147 126 125 163 100 170 162 200 128 137 195 213 0 160 219 108 167 245 134 193 101 140 
121 207 186 185 203 211 210 189 215 234 103 142 101 127 126 125 237 106 235 103 102 212 211 210 209 136 196 195 134 173 171 152 131 110 128 166 147 106 105 104 142 225 165 203 182 220 189 227 246 114 152 153 152 131 110 148 127 131 130 128 147 185 137 136 245 114 132 207 186 185 203 241 237 216 195 233 121 247 186 185 184 222 158 228 221 109 167 215 234 122 160 0 107 166 224 133 172 231 140 198 
180 246 245 243 112 100 119 248 124 142 142 161 160 186 185 183 146 145 143 162 161 121 120 249 117 175 105 234 193 231 230 210 189 168 187 225 186 165 144 143 181 134 223 111 240 129 228 136 154 153 211 192 191 190 169 187 166 190 188 187 186 224 176 195 154 173 171 246 244 243 242 130 126 124 234 122 160 136 245 244 243 131 217 157 110 168 226 124 142 181 219 107 0 184 223 152 191 249 158 217 
239 155 134 152 171 159 158 156 183 201 201 220 199 245 243 242 185 203 182 201 200 180 159 158 176 234 144 142 232 120 139 119 228 227 246 134 245 204 203 202 240 173 132 170 149 168 137 195 193 212 120 101 100 229 227 246 225 229 247 226 245 133 235 104 193 212 210 154 153 132 151 189 184 163 142 181 219 195 154 133 132 170 106 152 149 227 135 163 201 239 108 166 184 0 131 190 249 138 196 125 
128 213 192 191 229 218 216 195 222 240 110 128 107 134 132 131 244 112 241 110 108 219 218 216 215 123 202 201 141 179 178 158 137 116 154 192 153 113 111 110 148 231 191 229 188 226 195 234 102 121 179 140 158 137 136 155 134 137 136 135 153 192 144 143 102 120 119 213 192 191 209 248 243 222 201 239 128 103 193 192 190 229 165 172 208 116 173 222 240 148 167 224 223 131 0 248 157 215 104 163 
206 102 121 100 138 107 125 104 130 149 169 187 166 192 211 190 172 151 170 168 187 128 146 105 144 182 131 240 219 238 106 217 215 175 213 231 212 171 150 149 187 140 249 118 247 135 104 142 181 160 237 199 217 196 195 194 158 196 215 174 212 231 222 201 180 179 197 122 121 230 118 156 132 131 110 148 186 142 121 100 119 137 243 120 116 174 102 130 169 187 245 133 152 190 248 0 203 111 150 229 
245 161 180 159 197 165 164 163 189 208 227 226 205 101 100 249 211 210 209 207 226 186 185 164 202 221 190 149 128 146 165 125 104 233 122 140 121 210 209 208 246 179 158 157 136 174 163 181 220 218 146 107 126 235 104 102 197 235 123 233 121 139 111 110 219 218 236 161 179 139 177 195 191 170 169 187 225 201 180 139 158 176 132 198 175 233 161 169 208 246 134 172 191 249 157 203 0 189 228 137 
154 200 219 198 236 224 223 202 228 246 136 135 114 140 159 138 120 249 117 116 135 225 244 203 241 129 229 208 167 185 204 164 163 122 161 179 180 119 118 117 155 238 197 196 195 233 222 240 128 127 185 146 184 144 143 161 106 144 162 141 180 198 170 149 128 127 145 220 218 197 236 104 100 229 227 246 134 110 219 198 217 235 191 107 234 122 200 228 116 154 193 231 249 138 215 111 189 0 116 195 
213 109 127 106 145 113 131 110 137 155 175 193 172 199 217 196 159 158 176 175 193 134 153 112 150 168 137 247 226 244 113 223 202 181 219 238 219 178 157 156 194 147 106 105 103 142 111 149 187 166 244 205 223 202 201 200 164 203 221 180 219 107 209 208 187 185 204 109 127 236 125 163 139 137 116 135 173 169 128 107 125 144 100 205 123 181 108 137 155 193 101 140 158 196 104 150 228 116 0 233 
122 187 166 165 203 191 170 189 195 234 234 102 231 127 126 239 218 236 215 233 232 213 192 190 209 247 176 175 115 153 152 132 111 110 128 147 127 237 216 234 103 205 165 163 142 200 169 188 226 245 152 133 132 111 110 128 203 111 130 109 127 146 118 116 226 244 243 167 186 165 183 222 197 196 175 213 232 227 187 146 164 202 139 134 182 109 167 196 214 122 140 198 217 125 163 229 137 195 233 0 

0 204 196 187 242 147 201 106 161 215 120 175 229 134 189 243 148 203 107 162 217 121 176 231 135 190 245 150 204 109 164 218 123 178 232 137 192 246 151 206 110 165 220 124 179 234 139 193 248 153 207 112 167 221 126 181 235 140 195 249 154 209 113 168 223 127 182 237 142 196 101 156 210 115 170 224 129 184 238 143 198 102 157 212 116 171 226 131 185 240 145 199 104 159 213 118 173 227 132 187 
204 0 201 105 180 171 226 130 185 110 164 219 124 198 103 157 212 117 191 246 150 205 110 184 239 144 198 103 177 232 137 191 246 171 225 130 185 239 164 218 123 178 102 157 212 116 171 245 150 205 109 164 238 143 198 103 157 232 136 191 246 150 225 129 184 239 143 218 123 177 232 156 211 116 170 225 150 204 109 164 238 143 197 102 157 231 136 190 245 150 224 129 184 238 163 217 122 177 231 156 
196 201 0 114 188 243 148 202 127 181 236 141 195 120 175 229 134 189 113 168 222 127 201 106 161 215 120 195 249 154 209 113 188 242 147 202 106 181 236 140 195 119 174 229 133 188 112 167 222 127 181 106 160 215 120 174 249 153 208 113 168 242 147 201 106 161 235 140 194 249 174 228 133 188 242 167 221 126 181 235 160 214 119 174 229 153 208 112 167 222 146 201 105 160 215 139 194 249 153 228 
187 105 114 0 146 200 105 180 234 139 194 248 173 227 132 187 241 166 220 125 180 104 159 214 118 173 247 152 207 111 166 241 145 200 105 159 234 166 240 164 219 124 178 233 158 212 117 172 226 151 205 110 165 219 144 199 103 158 213 137 192 246 151 225 130 185 240 144 219 123 178 233 137 212 116 171 226 130 205 110 164 219 143 198 103 157 212 137 191 246 151 205 130 184 239 144 218 123 177 232 
242 180 188 146 0 185 240 164 219 124 178 233 157 212 117 171 226 151 205 110 165 219 144 198 103 158 212 137 191 246 151 225 130 185 239 144 218 123 178 232 157 212 116 171 226 150 205 109 164 238 143 198 103 157 232 136 191 246 150 225 129 184 239 144 218 123 177 232 156 211 116 170 225 150 204 109 164 218 143 197 102 157 211 136 191 245 150 205 129 184 238 143 198 122 177 231 136 191 115 170 
147 171 243 200 185 0 178 232 157 211 116 171 225 150 205 109 164 238 143 198 102 157 231 136 191 245 150 225 129 184 239 143 218 122 177 232 136 211 116 170 225 130 204 109 163 218 142 197 102 157 211 136 190 245 150 204 129 183 238 143 198 122 177 231 136 191 115 170 224 129 184 108 163 218 122 197 101 156 211 115 190 245 149 204 109 183 238 142 197 121 176 231 135 190 115 169 224 129 203 108 
201 226 148 105 240 178 0 170 225 129 204 109 163 218 123 197 102 156 211 116 190 245 149 204 129 183 238 143 197 122 176 231 136 210 115 170 224 129 203 108 163 217 142 196 101 156 211 135 190 244 149 204 128 183 237 142 217 121 176 231 135 210 114 169 224 128 203 108 162 217 122 196 101 155 210 115 189 244 149 203 108 182 237 142 196 121 175 230 135 189 114 169 223 128 183 107 162 216 121 176 
106 130 202 180 164 232 170 0 163 217 142 196 101 156 210 135 189 244 149 203 128 183 237 142 197 121 176 230 135 210 114 169 224 128 203 107 162 217 121 196 100 155 210 115 189 244 148 203 108 182 237 141 196 101 175 230 135 189 244 168 223 128 182 107 162 216 121 176 100 155 209 114 169 243 148 202 107 162 236 141 196 100 175 229 134 189 243 168 223 127 182 106 161 216 120 175 249 154 209 114 
161 185 127 234 219 157 225 163 0 155 210 114 189 243 148 203 107 182 237 141 196 101 175 230 134 189 114 168 223 128 182 107 161 216 121 195 100 154 209 114 188 243 148 202 127 181 236 141 195 195 100 174 229 134 188 243 168 222 127 182 236 161 215 120 175 229 154 209 113 168 242 147 202 106 161 235 140 195 100 154 229 133 188 243 167 222 126 181 236 160 215 120 174 249 153 208 113 167 242 147 
215 110 181 139 124 211 129 217 155 0 132 187 241 146 201 125 180 235 139 214 118 173 228 132 207 112 166 221 126 200 105 159 214 119 193 248 152 207 112 186 241 146 200 105 179 234 139 193 118 173 227 132 187 111 166 220 125 180 104 159 214 118 173 247 152 207 111 166 240 145 200 105 159 234 138 193 248 172 227 131 186 241 165 220 125 179 234 158 213 118 172 227 152 206 111 166 220 145 199 104 
120 164 236 194 178 116 204 142 210 132 0 105 179 234 139 193 248 172 227 132 186 241 166 220 125 180 104 159 213 118 173 247 152 206 111 166 240 145 200 104 159 233 138 193 247 172 227 131 186 241 165 220 124 179 234 158 213 118 172 247 151 206 111 165 240 144 199 104 178 233 138 192 247 171 226 131 185 240 165 219 124 179 103 158 212 117 172 246 151 205 110 165 239 144 199 103 158 232 137 192 
175 219 141 248 233 171 109 196 114 187 105 0 117 172 226 131 186 110 165 220 124 179 103 158 213 117 172 246 151 206 110 185 240 144 199 104 178 233 137 192 247 171 226 131 185 240 164 219 124 178 233 157 212 117 172 226 151 205 110 165 239 144 198 103 158 232 137 192 246 151 225 130 185 239 144 219 123 178 233 137 212 116 171 226 130 205 109 164 219 143 198 103 157 212 136 191 246 150 205 130 
229 124 195 173 157 225 163 101 189 241 179 117 0 240 164 219 124 178 233 157 212 117 171 226 150 205 110 164 219 144 198 103 158 212 137 191 246 151 225 130 185 239 144 218 123 178 232 137 211 116 171 226 150 205 109 164 219 143 198 102 157 232 136 191 246 150 225 129 184 239 163 218 123 177 232 156 211 116 170 225 149 204 109 163 218 143 197 102 157 211 136 190 245 150 204 129 184 238 143 217 
134 198 120 227 212 150 218 156 243 146 234 172 240 0 102 157 211 116 171 245 150 204 109 164 238 143 198 102 157 231 136 191 245 150 225 129 184 239 143 218 122 177 232 156 211 115 170 225 149 204 109 163 218 142 197 102 156 211 136 190 245 150 204 109 164 238 143 198 102 177 231 136 191 245 170 224 129 184 239 163 218 122 177 232 156 211 115 170 225 149 204 109 163 218 142 197 102 156 231 135 
189 103 175 132 117 205 123 210 148 201 139 226 164 102 0 225 129 184 109 163 218 123 177 102 156 211 116 170 245 150 204 109 164 238 143 197 102 157 231 136 190 245 170 224 129 184 238 163 217 122 177 101 156 211 115 170 244 149 204 108 163 237 142 197 102 176 231 135 190 245 169 224 128 183 108 162 217 122 176 101 155 210 115 169 244 149 203 108 163 237 142 196 101 156 230 135 189 244 149 223 
243 157 229 187 171 109 197 135 203 125 193 131 219 157 225 0 217 122 177 101 156 210 115 189 244 149 204 108 183 237 142 197 101 176 230 135 190 244 169 224 128 183 238 162 217 121 176 231 155 210 115 169 244 148 203 108 162 237 141 196 101 156 230 135 189 244 149 223 128 182 237 142 216 121 176 230 135 209 114 169 223 148 203 107 162 217 141 196 100 155 210 134 189 243 148 203 127 182 237 141 
148 212 134 241 226 164 102 189 107 180 248 186 124 211 129 217 0 210 114 169 224 148 203 108 162 217 141 196 101 155 230 134 189 244 148 223 128 182 237 142 216 121 175 230 155 209 114 169 223 148 202 107 162 216 141 195 100 155 229 134 189 243 148 222 127 182 236 161 216 120 175 230 154 209 113 168 223 147 202 107 161 216 140 195 100 154 209 133 188 243 147 222 127 181 236 141 215 120 174 229 
203 117 189 166 151 238 156 244 182 235 172 110 178 116 184 122 210 0 202 107 162 236 141 195 100 155 229 134 188 243 148 222 127 182 236 161 215 120 175 229 154 209 113 168 223 147 202 106 161 216 140 195 249 154 209 133 188 243 147 202 126 181 236 140 215 120 174 229 134 208 113 167 222 127 201 106 161 215 120 194 249 154 208 113 187 242 147 201 106 181 235 140 195 119 174 228 133 188 112 167 
107 191 113 220 205 143 211 149 237 139 227 165 233 171 109 177 114 202 0 195 249 154 209 133 188 242 147 202 126 181 236 140 195 119 174 229 133 208 112 167 222 127 201 106 160 215 120 194 249 153 208 133 187 242 147 201 126 180 235 140 214 119 174 228 133 207 112 167 221 126 200 105 160 129 183 238 162 217 122 176 231 155 210 115 170 224 149 203 108 163 237 142 196 101 156 230 135 190 244 169 
162 246 168 125 110 198 116 203 141 214 132 220 157 245 163 101 169 107 195 0 101 156 210 115 170 244 149 204 108 163 237 142 197 101 176 231 135 190 245 169 224 128 183 107 162 217 122 176 101 155 210 115 169 244 148 203 108 182 237 142 196 101 175 230 135 189 244 169 223 128 183 237 162 216 121 176 100 155 209 114 169 243 148 203 107 162 236 141 196 100 155 230 134 189 244 148 223 127 182 237 
217 150 222 180 165 102 190 128 196 118 186 124 212 150 218 156 224 162 249 101 0 244 148 203 108 182 237 141 196 101 175 230 135 189 244 168 223 128 182 237 161 216 121 176 230 155 209 114 169 243 148 202 107 162 236 141 196 100 155 229 134 189 243 148 222 127 182 237 141 216 120 175 230 134 209 113 168 223 128 202 107 161 216 140 195 100 154 209 134 188 243 148 222 127 181 236 141 215 120 175 
121 205 127 104 219 157 245 183 101 173 241 179 117 204 123 210 148 236 154 156 244 0 216 141 195 100 155 229 134 189 243 148 222 127 182 236 161 215 120 175 230 154 209 113 168 223 147 202 106 161 236 140 195 100 154 229 133 188 243 167 222 126 181 236 160 215 120 174 229 153 208 113 167 222 147 201 106 161 215 140 194 249 154 208 133 188 242 147 221 126 181 235 140 214 119 174 229 133 208 112 
176 110 201 159 144 231 149 237 175 228 166 103 171 109 177 115 203 141 209 210 148 216 0 248 153 227 132 187 241 146 220 125 180 235 139 214 118 173 228 152 207 111 166 221 145 200 105 159 214 138 193 248 152 207 131 186 241 146 220 125 179 234 139 213 118 172 227 152 206 111 166 220 145 199 104 159 233 138 193 247 152 226 131 186 240 145 219 124 179 234 138 213 117 172 227 151 206 110 165 220 
231 184 106 214 198 136 204 142 230 132 220 158 226 164 102 189 108 195 133 115 203 141 248 0 241 165 220 124 179 234 158 213 118 172 227 151 206 111 165 220 145 199 104 159 233 138 192 247 152 226 131 185 240 145 219 124 179 233 138 212 117 172 226 131 206 110 165 220 124 199 103 158 213 137 192 247 151 206 130 185 240 144 199 123 178 178 102 157 212 116 171 246 150 205 110 164 239 143 198 103 
135 239 161 118 103 191 129 197 134 207 125 213 150 238 156 244 162 100 188 170 108 195 153 241 0 198 103 157 212 117 191 246 151 205 110 184 239 144 198 103 177 232 137 192 246 171 225 130 185 109 164 218 123 178 102 157 212 116 171 245 150 205 109 164 239 143 198 103 157 232 136 191 246 150 225 129 184 239 144 218 123 177 232 156 211 116 170 225 150 204 109 164 238 143 197 102 157 231 136 191 
190 144 215 173 158 245 183 121 189 112 180 117 205 143 211 149 217 155 242 244 182 100 227 165 198 0 171 245 150 205 109 164 238 143 198 102 177 231 136 191 246 170 225 129 184 108 163 218 122 177 102 156 211 116 170 245 149 204 109 183 238 143 197 102 176 231 136 190 245 169 224 129 183 238 163 217 122 177 231 156 210 115 170 224 149 204 108 163 237 142 197 101 156 230 135 190 245 149 224 128 
245 198 120 247 212 150 238 176 114 166 104 172 110 198 116 204 141 229 147 149 237 155 132 220 103 171 0 163 238 142 197 102 156 231 135 190 245 169 224 129 183 238 162 217 122 176 231 156 210 115 170 224 149 203 108 163 217 142 197 101 156 211 135 190 244 149 223 128 183 237 142 217 121 176 231 135 210 114 169 224 128 203 108 162 217 141 196 101 155 210 134 189 244 149 223 128 182 237 142 216 
150 103 195 152 137 225 143 230 168 221 159 246 164 102 170 108 196 134 202 204 141 229 187 124 157 245 163 0 156 230 135 189 244 149 223 128 183 237 162 216 121 176 230 155 210 114 169 224 148 203 107 162 236 141 196 101 155 230 134 189 244 148 223 127 182 237 141 216 121 175 230 154 209 114 168 223 148 202 107 162 216 141 195 100 155 209 134 188 243 148 203 127 182 236 141 196 120 175 229 134 
204 177 249 207 191 129 197 135 223 126 213 151 219 157 245 183 101 188 126 108 196 134 241 179 212 150 238 156 0 148 223 127 182 237 141 216 120 175 230 134 209 114 168 223 128 202 107 161 216 140 195 100 155 209 134 188 243 148 202 127 181 236 141 195 120 175 229 134 189 113 168 222 127 182 106 161 216 120 195 249 154 209 113 188 242 147 202 126 181 236 140 195 119 174 229 133 208 173 227 132 
109 232 154 111 246 184 122 210 128 200 118 206 144 231 150 237 155 243 181 163 101 189 146 234 117 205 142 230 148 0 201 125 180 234 139 213 118 173 228 132 207 111 166 221 145 200 104 159 214 138 193 248 152 207 131 186 241 145 200 125 179 234 139 213 118 172 227 132 206 111 166 220 125 199 104 159 213 118 192 247 152 206 111 186 240 145 200 104 179 233 138 193 247 172 227 131 186 110 165 220 
164 137 209 166 151 239 176 114 182 105 173 110 198 136 204 142 230 148 236 237 175 243 220 158 191 109 197 135 223 201 0 193 117 172 227 132 186 111 165 220 125 199 104 158 213 118 192 247 152 206 111 185 240 145 199 104 179 233 138 193 247 172 226 131 186 240 165 220 124 179 103 158 213 117 172 246 151 206 110 185 240 144 199 104 178 233 137 192 247 171 226 131 185 110 164 219 124 178 103 157 
218 191 113 241 225 143 231 169 107 159 247 185 103 191 109 197 134 222 140 142 230 148 125 213 246 164 102 189 127 125 193 0 186 110 165 219 124 198 103 158 212 117 192 246 151 206 110 185 239 144 199 123 178 233 137 192 116 171 226 130 185 109 164 219 124 178 103 157 212 117 171 246 150 205 110 164 239 144 198 103 177 232 137 191 246 170 225 130 185 239 164 218 123 178 232 157 211 116 171 226 
123 246 188 145 130 218 136 224 161 214 152 240 158 245 164 101 189 127 195 197 135 222 180 118 151 238 156 244 182 180 117 186 0 178 102 157 212 116 171 246 150 205 110 164 239 143 198 103 157 232 137 191 246 151 225 130 184 239 163 218 123 178 232 157 211 116 171 225 150 204 109 164 238 143 198 102 157 231 136 191 245 150 224 129 184 239 163 218 122 177 232 156 211 115 170 245 149 204 109 163 
178 171 242 200 185 122 210 128 216 119 206 144 212 150 238 176 244 182 119 101 189 127 235 172 205 143 231 149 237 234 172 110 178 0 170 245 150 204 109 183 238 143 197 102 176 231 136 191 245 170 224 129 184 238 163 217 122 177 232 156 211 115 170 244 149 204 108 163 238 142 197 102 156 231 135 190 245 149 224 128 183 238 143 217 122 176 231 136 210 115 169 224 149 203 108 163 217 142 196 101 
232 225 147 105 239 177 115 203 121 193 111 199 137 225 143 230 148 236 174 176 244 182 139 227 110 198 135 223 141 139 227 165 102 170 0 112 167 241 146 201 106 160 235 139 194 249 173 228 132 187 242 166 221 126 180 235 159 214 119 173 248 153 207 112 167 241 146 200 105 160 234 139 193 248 153 227 132 187 241 166 220 125 180 234 159 214 118 173 228 152 207 111 166 221 145 200 105 159 214 138 
137 130 202 159 144 232 170 107 195 248 166 104 191 129 197 135 223 161 229 231 168 236 214 151 184 102 190 128 216 213 132 219 157 245 112 0 105 160 234 139 193 248 153 227 132 186 241 146 220 125 180 234 139 213 118 173 227 152 207 111 166 221 145 200 104 159 214 138 193 247 152 207 131 186 241 145 200 124 179 234 138 193 118 172 227 132 206 111 165 220 125 199 104 159 213 138 192 247 152 206 
192 185 106 234 218 136 224 162 100 152 240 178 246 184 102 190 128 215 133 135 223 161 118 206 239 177 245 183 120 118 186 124 212 150 167 105 0 247 152 226 131 186 240 145 220 124 179 234 138 213 117 172 227 151 206 111 165 220 144 199 104 158 233 137 192 247 151 226 131 185 240 145 219 124 178 233 138 212 117 172 226 131 205 110 165 219 124 198 103 158 213 117 192 246 151 206 130 185 239 144 
246 239 181 166 123 211 129 217 154 207 145 233 151 239 157 244 182 120 208 190 128 215 173 111 144 231 169 237 175 173 111 198 116 204 241 160 247 0 240 144 219 124 178 233 138 212 117 171 226 131 205 110 165 219 124 198 103 158 212 117 191 246 151 205 110 185 239 144 199 123 178 232 137 192 116 171 226 130 185 109 164 219 123 178 102 157 212 117 191 246 150 205 110 184 239 143 198 123 177 232 
151 164 236 240 178 116 203 121 209 112 200 137 225 143 231 169 237 175 112 245 182 120 228 165 198 136 224 162 230 228 165 103 171 109 146 234 152 240 0 232 137 192 116 171 225 130 204 109 164 219 123 198 102 157 212 136 191 245 150 205 129 184 239 143 198 122 177 232 136 191 116 170 225 130 184 109 163 218 123 197 102 156 211 116 190 245 150 204 109 183 238 143 197 102 177 231 136 191 245 170 
206 218 140 164 232 170 108 196 114 186 104 192 130 218 136 224 142 229 167 169 237 175 152 220 103 191 129 216 134 132 220 158 246 183 201 139 226 144 232 0 138 192 247 172 226 131 186 240 165 219 124 179 233 158 213 117 172 227 151 206 110 165 220 144 199 104 158 213 137 192 247 151 226 130 185 240 144 219 124 178 233 138 212 117 171 226 131 205 110 165 219 144 198 103 158 212 137 191 246 151 
110 123 195 219 157 225 163 100 188 241 159 247 185 122 190 128 216 154 222 224 161 230 207 145 177 246 183 121 209 207 125 212 150 238 106 193 131 219 137 138 0 130 185 240 144 219 123 178 233 157 212 117 171 226 150 205 110 164 239 143 198 103 158 232 137 191 246 151 225 130 184 239 144 218 123 178 232 137 211 116 171 225 150 204 109 164 219 143 198 102 157 212 136 191 245 150 205 129 184 239 
165 178 119 124 212 130 217 155 243 146 233 171 239 177 245 183 121 209 127 128 216 154 111 199 232 170 238 176 114 111 199 117 205 143 160 248 186 124 192 192 130 0 142 217 122 176 231 136 210 115 169 224 129 203 108 163 217 142 196 101 156 210 135 189 244 149 223 128 183 237 142 216 121 176 230 155 209 114 169 224 148 203 107 162 217 141 196 100 155 230 134 189 244 148 223 127 182 237 141 216 
220 102 174 178 116 204 142 210 148 200 138 226 144 232 170 238 175 113 201 183 121 209 166 104 137 225 162 230 168 166 104 192 110 197 235 153 240 178 116 247 185 142 0 155 209 114 169 223 148 202 107 162 216 141 196 100 155 210 134 189 243 148 203 127 182 237 141 216 120 175 230 134 209 113 168 223 128 202 107 161 216 121 195 100 154 209 114 188 243 148 202 107 181 236 141 195 120 175 229 134 
124 157 229 233 171 109 196 115 202 105 193 131 218 156 224 162 230 168 106 107 176 113 221 159 192 129 217 155 223 221 158 246 164 102 139 227 145 233 171 172 240 217 155 0 127 202 106 161 216 120 195 100 154 209 114 188 243 147 202 127 181 236 141 195 120 174 229 134 208 113 167 222 127 201 106 161 215 140 194 249 154 208 133 188 242 147 202 126 181 235 140 195 119 174 229 133 188 112 167 222 
179 212 133 158 226 163 101 189 127 179 247 185 123 211 129 217 155 223 160 162 230 168 145 233 246 184 122 210 128 145 213 151 239 176 194 132 220 138 225 226 144 122 209 127 0 239 144 198 103 177 232 137 192 246 171 225 130 185 239 164 218 123 178 102 157 212 116 171 245 150 205 109 184 239 143 198 103 177 232 136 191 246 170 225 129 184 239 163 218 123 177 102 156 211 116 170 245 150 204 109 
234 116 188 212 150 218 156 244 181 234 172 240 178 115 184 121 209 147 215 217 155 223 200 138 171 108 176 114 202 200 118 206 143 231 249 186 124 212 130 131 219 176 114 202 239 0 231 136 191 246 170 225 129 184 239 163 218 122 177 232 156 211 116 170 225 149 204 109 163 238 143 197 102 157 231 136 190 245 150 224 129 183 238 143 217 122 177 231 136 210 115 170 224 129 204 108 163 218 142 197 
139 171 112 117 205 142 211 148 236 139 227 164 232 170 238 176 114 202 120 122 209 147 105 192 225 163 231 169 107 104 192 110 198 136 173 241 179 117 204 186 123 231 169 106 144 231 0 224 129 183 238 143 217 122 176 231 156 210 115 170 224 149 203 108 163 237 142 197 101 156 230 135 190 244 169 223 128 183 237 162 217 121 176 231 155 210 114 169 224 148 203 108 162 217 141 196 101 155 210 134 
193 245 167 172 109 197 135 203 141 193 131 219 137 225 163 231 169 106 194 176 114 202 159 247 130 218 156 224 161 159 247 185 103 191 228 146 234 171 109 240 178 136 223 161 198 136 224 0 216 121 176 230 155 210 114 169 224 148 203 107 162 217 141 196 101 155 210 134 189 244 148 203 127 182 237 141 196 121 175 230 135 209 114 168 223 128 202 107 162 216 121 195 100 155 209 114 188 243 148 203 
248 150 222 226 164 102 190 108 195 118 186 124 211 149 217 155 223 161 249 101 169 106 214 152 185 122 210 148 216 214 152 239 157 245 132 220 138 226 164 165 233 210 148 216 103 191 129 216 0 209 114 168 223 128 202 107 161 216 140 195 100 154 209 134 188 243 148 222 127 181 236 141 215 120 175 229 134 208 113 168 222 127 201 106 161 216 120 195 249 154 209 133 188 242 147 202 126 181 236 140 
153 205 127 151 238 157 244 182 195 173 241 178 116 204 122 210 148 216 153 155 243 161 138 226 109 177 115 203 140 138 206 144 232 170 187 125 213 131 219 219 157 115 202 120 177 246 183 121 209 0 245 150 205 129 184 239 143 198 122 177 232 136 211 115 170 225 129 204 109 163 218 123 197 102 156 211 136 190 245 150 204 129 183 238 143 197 122 176 231 136 210 115 170 224 129 203 108 163 217 142 
207 109 181 205 143 211 149 237 100 227 165 233 171 109 177 115 202 140 208 210 148 236 193 131 164 102 170 107 195 193 111 199 137 224 242 180 117 205 123 124 212 169 107 195 232 170 238 176 114 245 0 238 143 217 122 176 231 136 210 115 169 224 129 203 108 163 217 122 196 101 156 210 135 190 244 149 204 128 183 237 142 197 121 176 230 135 190 114 169 224 128 183 107 162 217 121 176 101 155 210 
112 164 106 110 198 136 204 141 174 132 220 157 226 163 101 169 107 195 133 115 202 140 248 185 218 156 224 162 100 248 185 123 191 129 166 234 172 110 198 179 117 224 162 100 137 225 143 230 168 150 238 0 230 135 190 114 169 223 128 183 107 162 217 121 176 100 155 210 114 189 244 148 203 108 182 237 141 196 101 175 230 134 189 114 168 223 128 182 107 161 216 121 195 100 155 209 114 188 243 148 
167 238 160 165 103 190 128 196 229 187 124 212 150 218 156 244 162 249 187 169 107 195 152 240 123 211 149 236 155 152 240 178 246 184 221 139 227 165 102 233 171 129 216 154 192 129 217 155 223 205 143 230 0 223 127 202 107 161 216 121 195 100 154 209 114 188 243 148 202 107 181 236 141 195 100 174 229 134 188 243 168 222 127 182 106 161 215 120 175 249 154 209 113 168 242 147 202 106 161 235 
221 143 215 219 157 245 183 101 134 111 179 117 205 142 211 148 216 154 242 244 162 100 207 145 178 116 203 141 209 207 145 233 151 238 126 213 151 219 157 158 226 203 141 209 246 184 122 210 128 129 217 135 223 0 215 120 175 229 154 208 113 168 242 147 202 106 161 235 140 195 249 154 228 133 188 242 167 222 126 181 236 160 215 119 174 249 153 208 113 167 242 146 201 106 180 235 139 194 249 173 
126 198 120 144 232 150 237 175 188 166 234 172 109 197 115 203 141 209 147 148 236 154 131 219 102 170 108 196 134 131 199 137 225 163 180 118 206 124 212 213 150 108 196 114 171 239 176 114 202 184 122 190 127 215 0 247 152 121 175 230 154 209 114 168 243 147 202 107 162 236 141 195 100 155 229 134 188 243 168 222 127 182 236 161 215 120 175 249 154 209 113 168 242 147 202 106 161 235 140 195 
181 103 174 199 136 204 142 230 243 220 158 226 164 102 170 108 195 133 201 203 141 229 186 124 157 245 163 101 188 186 104 192 130 217 235 173 111 198 136 117 205 163 100 188 225 163 231 169 107 239 176 114 202 120 247 0 173 248 152 207 112 167 241 146 200 105 160 234 139 193 248 153 227 132 187 241 166 220 125 180 234 159 214 118 173 228 152 207 111 166 221 145 200 104 159 234 138 193 248 152 
235 157 249 103 191 129 217 135 168 125 213 151 219 156 244 162 100 188 126 108 196 133 241 179 212 149 217 155 243 241 179 116 184 122 159 227 165 103 191 172 110 217 155 243 130 218 156 224 161 143 231 169 107 175 152 173 0 166 240 145 200 104 179 233 138 193 247 172 227 131 186 241 165 220 124 179 234 158 213 118 172 247 151 206 111 165 240 144 199 104 158 233 138 192 247 152 226 131 185 240 
140 232 153 158 246 183 121 189 222 180 118 205 143 211 149 237 155 243 180 182 100 188 146 233 116 204 142 230 148 145 233 171 239 177 214 152 220 158 245 227 164 142 210 147 185 122 210 148 216 198 136 223 161 229 121 248 166 0 158 233 137 192 247 151 226 131 185 240 145 219 124 178 233 138 212 117 172 226 131 205 110 165 219 124 198 103 158 212 137 192 246 151 206 130 185 239 144 199 123 178 
195 136 208 213 150 238 176 244 127 104 172 110 198 136 204 141 229 147 235 237 155 243 220 138 171 109 197 134 202 200 138 226 163 232 119 207 144 212 150 151 239 196 134 202 239 177 115 203 140 122 210 128 216 154 175 152 240 158 0 151 225 130 185 239 164 218 123 178 232 157 211 116 171 226 150 205 109 164 219 143 198 102 157 212 136 191 246 150 205 129 184 239 143 198 122 177 232 137 211 116 
249 191 113 137 225 143 231 168 182 159 247 165 102 190 108 196 134 202 140 142 229 167 125 212 245 183 101 189 127 125 193 130 218 156 173 111 199 117 205 206 143 101 189 127 164 232 170 107 195 177 115 183 121 208 230 207 145 233 151 0 143 198 122 177 232 136 191 115 170 206 111 165 220 145 199 104 159 213 138 192 247 152 226 131 186 240 145 219 124 179 233 158 212 117 172 227 151 206 110 165 
154 246 168 192 129 198 135 223 236 214 151 239 157 245 163 101 189 126 214 196 134 222 179 117 150 238 156 244 181 179 247 185 123 211 248 166 104 191 129 110 198 156 243 181 218 156 224 162 100 232 169 107 195 113 154 112 200 137 225 143 0 156 211 116 170 225 150 204 109 164 218 143 197 102 157 211 136 191 245 150 224 129 184 238 143 217 122 177 232 136 211 115 170 225 129 204 108 163 218 142 
209 150 242 246 184 122 210 128 161 118 206 144 232 150 237 156 243 181 119 101 189 126 234 172 205 143 211 148 236 234 172 109 178 115 153 221 158 246 184 165 103 210 148 236 123 211 149 217 154 136 224 162 100 168 209 167 104 192 130 198 156 0 149 204 108 163 237 142 197 101 156 231 135 190 245 149 224 128 183 238 142 217 121 176 231 155 210 115 169 224 148 203 108 162 217 142 196 101 156 210 
113 225 147 151 239 177 114 182 215 173 111 198 136 204 142 230 148 236 174 175 243 181 139 226 109 197 135 223 141 139 226 164 232 170 207 145 233 151 239 220 158 135 203 141 178 116 203 141 209 211 129 217 154 242 114 241 179 247 185 122 211 149 0 141 196 101 155 210 135 189 244 149 203 128 182 237 142 196 121 175 230 135 190 114 169 223 128 183 107 162 216 121 196 100 155 210 114 189 243 148 
168 129 201 225 144 231 169 107 120 247 165 103 191 109 197 135 222 140 228 230 148 236 213 131 164 102 190 127 195 213 131 219 157 244 112 200 137 205 143 144 232 189 127 195 102 170 108 196 134 115 203 121 209 147 168 146 233 151 239 177 116 204 141 0 134 189 243 148 203 127 182 236 141 215 120 175 229 134 209 113 168 223 127 202 106 161 216 120 195 100 154 209 114 188 243 147 202 107 181 236 
223 184 106 130 218 136 224 162 175 152 240 158 246 164 102 189 127 215 133 135 222 160 118 206 239 176 244 182 120 118 186 124 211 149 167 104 192 110 198 199 137 244 182 120 157 225 163 101 188 170 108 176 114 202 243 200 138 226 164 232 170 108 196 134 0 107 181 236 140 195 100 174 229 133 188 243 167 222 127 181 106 196 121 175 230 135 190 114 169 223 128 183 107 162 216 121 176 100 155 210 
127 239 161 185 123 191 128 216 229 207 144 232 150 238 176 244 182 120 207 189 127 215 172 110 143 231 149 237 175 172 240 178 116 204 241 159 247 185 122 104 191 149 237 174 212 149 237 155 243 225 163 100 188 106 147 105 193 131 218 136 225 163 101 189 107 0 155 209 114 169 243 148 203 107 162 236 141 196 100 155 229 134 189 244 168 223 127 182 237 161 216 120 175 230 154 209 114 168 223 147 
182 143 235 240 177 115 203 121 154 111 199 137 225 143 231 149 236 174 112 244 182 120 227 165 198 136 223 141 229 227 165 103 171 108 146 214 151 239 177 158 246 223 141 229 116 204 142 210 148 129 217 155 243 161 202 160 247 185 123 191 150 237 155 243 181 155 0 147 202 107 161 236 140 195 100 174 229 133 188 243 167 222 127 181 236 160 215 120 174 249 154 208 113 168 242 147 201 106 161 235 
237 218 140 144 232 170 108 176 209 166 104 192 129 198 135 223 161 229 167 169 237 174 152 220 103 190 128 216 134 132 220 157 225 163 200 138 226 144 232 213 151 128 216 134 171 109 197 134 222 204 122 210 148 235 107 234 172 240 178 115 204 142 210 148 236 209 147 0 140 194 249 154 228 133 187 242 147 221 126 181 235 140 214 119 174 228 133 208 112 167 222 126 201 105 160 215 139 194 249 153 
142 123 194 219 156 224 162 100 113 240 178 246 184 102 190 128 216 134 221 223 141 229 206 124 157 245 183 121 189 206 124 212 150 238 105 193 131 199 136 137 225 183 120 208 245 163 101 189 127 109 196 114 202 140 162 139 227 145 232 170 109 197 135 203 140 114 202 140 0 132 187 241 146 221 125 180 235 159 214 118 173 228 152 207 112 166 221 145 200 105 159 214 138 193 248 153 207 132 186 241 
196 177 249 123 211 129 217 155 168 145 233 151 239 177 245 182 120 208 126 128 216 153 111 199 232 169 237 175 113 111 179 117 204 142 160 247 185 123 191 192 130 237 175 113 150 238 156 244 181 163 101 189 107 195 236 193 131 219 157 206 164 101 189 127 195 169 107 194 132 0 125 179 234 139 193 118 172 227 132 206 111 166 220 125 199 104 159 213 118 192 247 152 207 182 106 161 215 120 194 249 
101 232 174 178 116 184 122 209 242 200 138 225 163 231 169 237 175 113 200 183 120 208 166 103 136 224 142 230 168 166 103 171 109 197 234 152 240 178 116 247 184 142 230 167 205 143 230 148 236 218 156 244 181 249 141 248 186 124 211 111 218 156 244 182 100 243 161 249 187 125 0 187 242 147 201 126 180 235 140 195 119 174 228 133 188 112 167 221 126 201 105 160 215 119 194 248 153 208 132 187 
156 156 228 233 170 108 196 114 147 105 192 130 218 136 224 142 230 167 105 237 175 113 220 158 191 129 217 154 222 220 158 246 164 102 139 207 145 232 170 151 239 216 134 222 109 197 135 203 141 123 210 148 236 154 195 153 241 178 116 165 143 231 149 236 174 148 236 154 241 179 187 0 180 234 139 194 118 173 228 132 187 111 166 221 125 180 105 159 214 119 173 248 152 207 112 166 241 146 200 105 
210 211 133 137 225 163 101 169 202 159 247 185 123 191 128 216 154 222 160 162 230 167 145 213 246 183 121 209 127 125 213 150 238 156 193 131 219 137 225 226 144 121 209 127 184 102 190 127 215 197 135 203 141 228 100 227 165 233 171 220 197 135 203 141 229 203 140 228 146 234 242 180 0 172 227 132 186 241 165 220 125 179 104 159 213 118 173 247 152 206 111 185 240 145 200 104 179 233 138 193 
115 116 188 212 150 218 155 243 106 234 171 239 177 245 183 121 209 127 129 216 134 222 199 137 150 238 176 114 182 199 117 205 143 231 248 186 124 192 130 130 218 176 113 201 239 157 244 182 120 102 190 108 195 133 155 132 220 138 226 145 102 190 128 215 133 107 195 133 221 139 147 234 172 0 184 239 164 218 123 178 232 157 211 116 171 225 150 205 109 164 238 143 198 102 157 231 136 191 245 170 
170 170 242 116 204 122 210 148 161 138 226 144 232 170 108 176 113 201 183 121 209 147 104 192 225 163 231 168 106 104 172 110 198 135 153 241 178 116 184 185 123 230 168 106 143 231 169 237 175 156 244 182 100 188 229 187 124 212 150 199 157 245 182 120 188 162 100 187 125 193 201 139 227 184 0 177 101 156 211 115 170 244 149 204 109 163 238 142 197 102 156 231 135 190 245 169 224 129 183 238 
224 225 167 171 109 197 115 202 235 193 131 219 156 224 162 230 168 106 238 176 113 201 159 247 129 217 135 223 161 159 246 164 102 190 227 145 233 171 109 240 178 155 223 161 198 136 223 141 229 211 149 237 174 242 134 241 179 117 205 104 211 149 237 175 243 236 174 242 180 118 126 194 132 239 177 0 130 184 239 163 218 123 177 102 156 211 116 171 245 150 204 109 164 238 143 197 102 157 231 136 
129 150 221 226 164 101 189 107 140 248 185 123 211 129 217 135 223 161 162 100 168 106 233 151 184 122 210 148 216 213 151 239 157 245 132 200 138 226 163 144 232 209 128 215 103 190 128 196 134 136 204 141 229 167 188 166 234 172 109 159 136 224 142 229 167 141 229 147 235 172 180 118 186 164 101 130 0 122 177 231 136 210 115 170 225 149 204 108 163 218 142 197 101 156 211 135 190 245 149 204 
184 204 126 130 218 156 244 162 195 172 240 178 116 184 122 209 147 215 217 155 223 161 138 206 239 177 114 202 120 118 206 144 231 149 187 124 212 130 218 219 137 114 202 140 177 245 183 121 208 190 128 196 134 222 243 220 158 226 164 213 191 128 196 134 222 196 133 221 159 227 235 173 241 218 156 184 122 0 114 169 224 148 203 108 162 217 141 196 101 155 230 135 189 244 149 223 128 182 237 142 
238 109 181 205 143 211 149 236 100 227 165 233 170 239 176 114 202 120 122 209 128 215 193 130 144 231 169 107 195 192 110 198 136 224 241 179 117 185 123 124 211 169 107 194 232 150 237 175 113 245 183 101 188 126 168 125 213 131 219 138 245 183 121 209 127 100 188 126 214 132 140 228 165 123 211 239 177 114 0 107 162 216 121 195 100 155 209 114 189 243 148 203 107 182 236 141 196 120 175 229 
143 164 235 110 197 115 203 141 154 131 219 137 225 163 101 169 107 194 176 114 202 140 247 185 218 156 224 162 249 247 185 103 191 128 166 234 172 109 197 178 116 224 161 249 136 224 162 230 168 150 237 175 243 181 222 180 118 205 143 192 150 238 175 113 181 155 243 181 118 206 195 132 220 178 115 163 231 169 107 0 249 154 209 133 188 243 147 202 126 181 236 140 195 119 174 229 133 188 113 167 
198 238 160 164 102 190 108 196 229 186 124 212 149 218 155 223 161 249 231 169 107 194 152 240 123 210 128 216 154 152 240 177 245 183 220 138 226 164 102 233 171 148 216 154 191 129 217 135 222 204 142 230 168 236 127 234 172 110 198 247 224 142 230 168 106 229 167 235 173 111 119 187 125 232 170 218 136 224 162 249 0 159 214 118 193 247 152 207 131 186 241 145 200 124 179 234 138 213 118 172 
102 143 214 219 157 245 182 100 133 241 179 116 204 122 210 148 216 154 155 243 161 249 226 144 177 115 203 141 209 206 144 232 150 238 125 193 131 219 156 138 225 203 121 208 246 183 121 209 127 129 197 134 222 160 182 159 247 165 102 152 129 217 135 223 196 134 222 140 228 166 174 111 179 157 244 123 210 148 216 154 159 0 151 206 111 185 240 145 199 104 178 233 138 192 117 172 226 131 186 110 
157 197 119 143 211 149 237 175 188 165 103 171 109 177 115 203 140 208 210 148 216 154 131 199 232 170 108 195 113 111 199 137 224 143 180 118 205 123 211 212 150 107 195 133 170 238 176 114 201 183 121 189 127 215 236 214 151 219 157 226 184 121 190 127 121 189 127 214 152 220 228 166 104 211 149 177 115 203 121 209 214 151 0 144 199 103 178 232 137 192 116 171 226 130 185 109 164 219 123 198 
212 102 174 198 136 204 142 229 243 220 158 226 163 232 169 107 195 113 115 203 140 208 186 123 156 224 162 100 188 186 104 191 129 217 234 172 110 178 116 117 204 162 100 188 225 143 231 168 106 238 176 114 182 119 161 118 206 124 212 131 238 176 114 202 175 244 181 119 207 125 133 221 159 116 204 102 170 108 195 133 118 206 144 0 136 191 246 170 225 130 184 239 163 218 123 177 232 156 211 116 
116 157 229 103 191 109 196 134 167 125 212 130 218 156 244 162 100 187 170 107 195 133 240 178 211 149 217 155 242 240 178 246 184 122 159 227 165 102 190 171 109 217 154 242 129 217 155 223 161 143 230 168 106 174 215 173 111 198 136 186 143 231 169 106 230 168 236 174 112 199 188 125 213 171 109 156 225 162 100 188 193 111 199 136 0 129 184 238 163 217 122 177 101 156 210 115 170 244 149 204 
171 231 153 157 245 183 121 189 222 179 117 205 143 211 149 217 154 242 224 162 100 188 145 178 116 204 141 209 147 145 233 170 239 176 214 132 219 157 245 226 164 141 209 147 184 122 210 128 216 197 135 223 161 249 120 228 165 103 191 240 217 155 223 161 135 223 160 228 166 104 112 180 118 225 163 211 149 217 155 243 247 185 103 191 129 0 171 226 130 185 109 164 219 123 198 102 157 212 117 191 
226 136 208 212 150 238 175 243 126 234 172 109 197 115 203 141 209 147 149 236 154 242 219 102 170 108 196 134 202 200 137 225 163 231 118 206 124 212 150 131 219 196 114 202 239 177 114 202 120 122 190 128 215 153 175 152 240 158 246 145 122 210 128 216 190 127 215 133 221 159 167 105 173 150 238 116 204 141 209 147 152 240 178 246 184 171 0 183 238 162 217 122 176 101 155 210 115 169 244 148 
131 190 112 137 205 142 230 168 181 158 246 164 102 170 108 196 133 201 203 141 209 147 124 157 225 163 101 188 126 104 192 130 218 136 173 111 198 117 204 205 143 100 188 126 163 231 169 107 195 176 114 182 120 208 249 207 144 212 150 219 177 115 183 120 114 182 120 208 145 213 221 159 247 205 142 171 108 196 114 202 207 145 232 170 238 226 183 0 176 100 155 209 114 169 243 148 202 107 162 236 
185 245 167 191 129 197 135 223 236 213 151 219 157 225 163 100 188 106 108 196 134 221 179 212 150 237 155 243 181 179 247 185 122 210 228 165 103 191 109 110 198 155 243 181 218 136 224 162 249 231 169 107 175 113 154 111 199 137 205 124 232 169 107 195 169 237 174 112 200 118 126 214 152 109 197 245 163 101 189 126 131 199 137 225 163 130 238 176 0 168 223 147 202 106 161 236 140 195 100 154 
240 150 222 246 184 121 189 127 160 118 205 143 211 149 237 155 243 181 163 100 188 126 234 116 204 142 210 148 236 233 171 239 177 115 152 220 158 246 183 165 102 230 148 235 123 210 148 216 154 136 224 161 249 167 209 166 104 192 129 179 136 224 162 100 223 161 249 167 105 192 201 119 206 164 102 150 218 155 243 181 186 104 192 130 217 185 162 100 168 0 160 215 140 194 249 154 228 133 187 242 
145 224 146 151 238 176 114 182 215 172 110 198 136 204 142 210 147 235 237 155 243 181 138 171 109 197 134 203 140 138 226 164 232 169 207 125 213 150 238 219 157 134 202 140 177 115 203 121 209 210 128 216 154 242 113 221 158 246 184 233 211 148 216 154 128 216 154 222 159 247 105 173 111 238 156 204 142 230 148 236 241 178 116 184 122 109 217 155 223 160 0 180 105 159 214 119 173 248 153 207 
199 129 201 205 143 231 169 106 120 227 165 103 190 109 196 134 222 140 142 230 148 235 213 246 164 101 189 127 195 193 131 218 156 224 111 199 117 205 143 144 212 189 107 195 102 170 108 195 133 115 183 121 209 146 168 145 233 151 239 158 115 203 121 209 183 120 208 126 214 152 160 248 185 143 231 109 197 135 203 140 145 233 171 239 177 164 122 209 147 215 180 0 193 247 152 207 111 186 240 145 
104 184 105 130 198 135 223 161 174 152 239 157 245 163 101 189 127 195 196 134 222 140 117 150 238 156 244 182 119 247 185 123 211 149 166 104 192 110 197 198 136 244 181 119 156 224 162 100 188 170 107 195 113 201 242 200 138 206 143 212 170 108 196 114 107 175 113 201 138 207 215 152 240 198 135 164 101 189 107 195 200 138 226 163 101 219 176 114 202 140 105 193 0 165 240 144 199 104 158 233 
159 238 160 184 122 190 128 216 249 206 144 212 150 218 156 243 181 119 101 189 127 214 172 205 143 230 149 236 174 172 110 178 115 203 221 159 246 184 102 103 191 148 236 174 211 129 217 155 242 224 162 100 168 106 147 104 192 130 198 117 225 162 100 188 162 230 168 105 193 182 119 207 145 102 190 238 156 244 182 119 124 192 130 218 156 123 101 169 106 194 159 247 165 0 158 232 137 191 246 151 
213 163 215 239 177 115 183 120 153 111 199 136 204 142 230 148 236 174 156 244 181 119 227 110 197 135 223 141 229 227 164 232 170 108 145 213 151 239 177 158 245 223 141 229 116 204 141 209 147 129 217 155 242 180 202 159 247 185 122 172 129 217 155 243 216 154 242 160 248 106 194 112 200 157 245 143 211 149 236 174 179 117 185 123 210 198 155 243 161 249 214 152 240 158 0 150 205 129 184 239 
118 217 139 144 231 169 107 175 208 166 103 191 129 197 135 203 141 228 230 148 236 174 151 164 102 190 128 196 133 131 219 157 245 163 200 138 206 143 231 212 150 127 195 133 170 108 196 114 202 203 121 209 147 235 106 234 152 239 177 227 204 142 210 147 121 209 147 215 153 161 248 166 104 231 169 197 135 223 141 229 234 172 109 177 115 102 210 148 236 154 119 207 144 232 150 0 143 217 122 176 
173 122 194 218 136 224 162 249 113 220 158 246 184 102 189 127 215 133 135 223 141 229 206 239 157 245 182 120 208 186 124 211 149 217 105 192 130 198 136 137 205 182 120 188 245 163 101 188 126 108 176 114 202 139 161 138 226 144 232 151 108 196 114 202 176 114 201 139 207 215 153 241 179 136 224 102 190 128 196 133 138 226 164 232 170 157 115 202 140 228 173 111 199 137 205 143 0 135 190 114 
227 177 249 123 191 129 216 154 167 145 232 150 238 156 244 182 120 188 190 127 215 133 110 143 231 149 237 175 173 110 178 116 204 142 159 247 185 123 191 191 129 237 175 112 150 218 155 243 181 163 101 188 106 194 235 193 131 199 137 206 163 101 189 107 100 168 106 194 132 120 208 146 233 191 129 157 245 182 120 188 213 131 219 156 244 212 169 107 195 133 248 186 104 191 129 217 135 0 128 202 
132 231 153 177 115 203 121 209 242 199 137 205 143 231 149 237 174 112 244 182 120 208 165 198 136 224 142 229 227 165 103 171 109 196 214 152 239 177 245 246 184 141 229 167 204 142 210 148 236 217 155 243 161 249 140 248 185 123 211 110 218 156 243 181 155 223 161 249 186 194 132 200 138 245 183 231 149 237 175 113 118 186 123 211 149 117 244 162 100 187 153 240 158 246 184 122 190 128 0 187 
187 156 228 232 170 108 176 114 147 104 192 130 217 135 223 141 229 167 169 237 175 112 220 103 191 128 216 134 132 220 157 226 163 101 138 206 144 232 170 151 239 216 134 222 109 197 134 203 140 142 210 148 235 173 195 152 240 178 116 165 142 210 148 236 210 147 235 153 241 249 187 105 193 170 238 136 204 142 229 167 172 110 198 116 204 191 148 236 154 242 207 145 233 151 239 176 114 202 187 0 

4471 0 30 3258
2778 0 30 4405
3870 0 30 2989
3708 0 81 5001
3078 1 81 4703
3509 1 81 2629
2888 1 81 4514
2597 1 81 4225
2566 2 81 4193
4786 2 81 3900
4033 2 81 3151
4073 2 81 3191
4042 3 82 3159
4281 3 82 3398
3528 3 82 2648
2776 3 82 4402
2744 4 82 4371
3310 4 82 4605
2558 4 82 4185
4319 4 82 3435
3957 5 82 3075
4858 5 82 3972
4436 5 83 3222
3683 5 83 2802
3321 6 83 4945
3560 6 83 2680
3138 6 83 4434
4900 6 83 4014
4868 7 83 3653
3785 7 83 3233
3363 7 83 4657
2610 7 83 4237
4371 7 84 3488
3065 8 84 4690
4827 8 84 3941
4074 8 84 3191
3321 8 84 4945
2899 8 84 4196
2537 9 84 4164
4299 9 84 3415
3876 9 84 2666
3124 9 85 4419
4885 9 85 3999
4523 10 85 3639
4101 10 85 2889
3348 10 85 4972
2596 10 85 4223
4357 10 85 3473
4326 11 85 3113
3573 11 85 2692
2820 11 85 4446
4582 11 85 3697
3829 11 86 2947
3797 12 86 2916
3045 12 86 4670
4806 12 86 3920
4053 12 86 3171
3301 12 86 4925
3269 13 86 4893
2516 13 86 4144
4278 13 86 3394
3525 13 86 2645
3103 13 87 4399
2741 14 87 4367
4502 14 87 3618
3527 14 87 2647
2774 14 87 4401
4536 14 87 3651
4504 15 87 3620
3751 15 87 2870
2999 15 87 4624
4760 15 88 3875
4007 15 88 3125
3976 16 88 3094
3223 16 88 4848
4985 16 88 4098
4563 16 88 3349
3810 16 88 2929
3778 17 88 2568
2695 17 88 4651
4787 17 88 3572
4034 17 89 3152
3282 17 89 4906
3250 18 89 4875
5012 18 89 4125
4259 18 89 3376
3506 18 89 2626
2754 18 89 4380
2722 19 89 4349
4484 19 89 3599
3731 19 89 2850
2978 19 90 4604
4740 19 90 3854
4708 20 90 3823
3955 20 90 3073
3203 20 90 4827
4964 20 90 4078
4211 20 90 3328
4180 21 90 3297
3427 21 90 2547
3005 21 90 4301
4436 21 91 3881
4014 21 91 2802
3652 22 91 2771
3230 22 91 4525
4991 22 91 4105
4238 22 91 3355
3486 22 91 2606
3454 23 91 2574
2701 23 91 3999
4463 23 91 3579
3710 23 92 2829
2957 23 92 4583
4719 23 92 3834
4688 24 92 3802
3935 24 92 3053
3182 24 92 4807
4944 24 92 4057
4191 24 92 3308
3438 24 92 2558
3407 25 92 2527
2654 25 93 4281
4746 25 93 3531
3663 25 93 3111
3241 25 93 4536
5002 25 93 4115
4971 26 93 3755
4218 26 93 3335
3465 26 93 2585
2940 26 93 4566
3841 26 94 2630
2757 26 94 4713
2726 27 94 4352
4487 27 94 3603
4065 27 94 2854
3313 27 94 4937
2560 27 94 4187
4321 27 94 3438
4290 28 94 3406
3537 28 94 2657
2784 28 95 4411
4546 28 95 3661
3793 28 95 2912
3040 28 95 4666
3009 29 95 4634
4770 29 95 3885
4018 29 95 3135
3265 29 95 4889
5026 29 95 4140
4604 29 95 3390
4242 30 96 3359
3489 30 96 2609
3067 30 96 4363
4498 30 96 3943
4076 30 96 2864
3323 30 96 4947
3292 81 96 4587
2539 81 96 4167
4301 81 96 3417
3548 81 96 2668
2795 81 97 4422
4557 81 97 3672
4525 82 97 3641
3773 82 97 2891
3020 82 97 4645
4781 82 97 3896
4029 82 97 3146
3607 82 97 4900
3244 83 97 4869
5006 83 97 4119
4253 83 97 3370
3831 83 98 2620
3078 83 98 4374
4840 83 98 3954
4808 84 98 3593
3725 84 98 3173
3303 84 98 4598
2550 84 98 4177
4312 84 98 3428
3559 84 98 2679
3527 85 98 2647
2775 85 99 4401
4536 85 99 3652
3783 85 99 2902
3031 85 99 4656
4792 85 99 3906
4761 86 99 3875
4008 86 99 3126
3255 86 99 4879
2833 86 99 4130
4595 86 99 3381
4834 86 0 3948
4472 87 0 3588
4440 88 0 3556
4078 89 0 3196
3716 90 0 2835
2955 91 0 4581
2924 92 0 4879
3223 93 0 4848
3192 94 1 4816
3491 95 1 2611
3460 96 1 2580
3759 97 1 2878
3727 98 1 2846
4027 99 1 3144

30751

0 319 28
1 886 38
2 802 35
3 403 42
4 814 31
5 573 38
6 590 23
7 606 41
8 426 26
9 283 21
10 754 36
11 474 25
12 294 40
13 765 25
14 485 40
15 956 25
16 677 43
17 830 46
18 551 35
19 272 20
20 742 35
21 463 20
22 934 35
23 753 24
24 474 38
25 944 23
26 665 38
27 386 23
28 955 38
29 676 27
30 397 42
31 867 27
32 588 41
33 676 42
34 496 27
35 966 42
36 687 31
37 408 46
38 879 30
39 698 45
40 419 30
41 889 45
42 610 34
43 331 49
44 802 34
45 522 49
46 342 33
47 812 22
48 533 37
49 254 22
50 724 37
51 544 26
52 265 41
53 735 26
54 456 40
55 927 25
56 647 40
57 368 25
58 938 44
59 658 29
60 379 44
61 850 29
62 570 47
63 291 32
64 762 47
65 360 42
66 831 27
67 552 42
68 371 27
69 842 42
70 563 31
71 283 45
72 754 30
73 475 45
74 945 30
75 765 45
76 485 30
77 956 45
78 677 30
79 398 48
80 868 33
81 589 48
82 408 33
83 879 22
84 600 37
85 321 22
86 791 37
87 611 21
88 331 36
89 802 21
90 523 40
91 994 25
92 714 40
93 435 25
94 254 43
95 725 28
96 446 43
97 917 28
98 637 43
99 358 28
