100 75 5

0 193 184 176 187 178 170 161 153 164 175 206 217 248 109 140 151 182 193 224 235 116 128 158 170 201 231 243 124 135 166 177 208 219 100 111 142 153 184 195 226 237 118 129 160 171 202 214 244 106 137 148 179 190 221 232 113 144 155 186 197 228 239 120 131 162 173 204 215 246 108 138 150 200 211 242 104 134 146 177 188 219 230 111 122 153 164 195 206 237 248 129 140 171 182 213 244 105 136 147 
193 0 165 157 168 199 230 241 122 133 164 175 206 217 248 109 140 151 182 193 224 235 116 147 158 189 200 231 243 124 135 166 177 208 219 100 111 142 153 184 195 226 237 118 129 160 171 202 214 244 106 137 148 179 210 221 102 113 144 155 186 197 228 239 120 131 162 173 204 235 116 127 158 169 161 192 203 103 115 146 176 188 219 230 111 122 153 164 195 206 237 248 129 140 171 182 213 224 105 117 
184 165 0 145 136 167 178 209 220 121 132 163 174 205 216 247 128 159 170 201 212 243 104 135 166 197 228 239 120 131 162 173 204 235 116 127 158 169 200 212 243 123 154 166 196 208 239 119 131 162 192 204 235 246 127 158 169 219 231 111 123 154 165 196 207 107 119 150 161 192 203 234 245 146 157 188 199 230 111 122 153 184 195 226 237 118 129 160 191 222 103 114 145 156 187 198 229 110 141 152 
176 157 145 0 247 128 139 151 182 212 224 105 116 147 158 189 200 231 242 123 134 185 196 227 238 119 130 161 172 203 195 225 237 118 129 160 171 221 233 114 125 156 167 198 209 110 141 152 183 194 225 236 117 148 179 190 221 232 113 124 155 186 217 228 109 120 151 162 193 224 105 116 147 158 189 200 231 132 143 174 185 216 227 108 119 170 181 212 223 104 115 146 157 208 219 100 111 142 153 184 
187 168 136 247 0 180 211 222 103 134 165 176 207 218 249 110 141 172 203 214 245 106 137 149 179 230 241 122 133 164 175 206 218 118 129 160 171 202 190 201 212 243 104 135 146 177 188 219 231 131 142 173 184 215 227 107 119 150 161 192 203 234 115 126 157 188 219 230 111 122 153 164 195 226 107 118 149 160 191 202 233 114 145 156 187 218 229 110 121 152 183 194 225 106 117 148 159 210 221 102 
178 199 167 128 180 0 129 140 171 182 213 224 105 136 167 178 209 220 101 112 143 194 205 236 247 128 139 170 181 212 243 124 135 166 177 208 219 120 131 162 173 204 215 246 108 158 169 200 211 242 104 134 146 196 227 238 119 130 161 173 203 234 115 126 157 169 199 211 242 103 134 145 176 187 218 229 110 141 172 183 214 225 106 117 148 179 210 221 102 113 144 155 186 237 248 129 140 171 182 213 
170 230 178 139 211 129 0 101 132 163 194 205 236 247 128 139 170 201 232 243 124 135 166 177 208 239 120 131 162 193 204 235 246 127 158 169 200 212 242 123 135 185 196 227 238 119 131 161 173 223 234 115 127 157 169 200 211 111 123 153 165 196 226 238 119 149 161 192 203 234 115 126 157 188 219 230 111 122 153 164 195 226 107 118 149 160 171 182 213 244 125 136 167 178 209 220 101 112 143 155 
161 241 209 151 222 140 101 0 224 104 116 147 158 145 156 187 198 229 240 121 132 183 194 225 236 117 128 159 190 221 232 113 124 155 166 197 208 109 140 151 182 193 224 235 116 147 178 189 220 231 112 124 154 185 216 227 108 120 150 162 193 223 104 116 146 158 189 200 231 131 142 173 185 215 227 108 119 169 181 211 223 104 115 146 157 207 219 100 111 142 153 184 215 246 107 138 149 180 191 222 
153 122 220 182 103 171 132 224 0 172 203 214 245 106 137 168 179 230 221 102 113 144 155 186 197 228 239 120 132 162 174 205 216 116 128 158 170 201 231 243 124 135 126 157 168 199 230 241 122 153 184 195 226 237 118 129 160 191 222 233 114 125 156 168 198 229 110 121 152 183 194 225 237 117 148 160 190 221 233 113 125 175 186 217 229 109 121 152 163 213 225 105 117 148 159 190 201 101 113 144 
164 133 121 212 134 182 163 104 172 0 105 136 147 178 209 240 101 132 143 174 185 236 247 128 139 170 181 212 223 124 135 166 177 208 219 100 111 162 193 204 235 246 127 138 169 200 231 242 123 134 141 133 164 175 206 217 248 109 140 151 182 213 244 105 136 147 178 189 220 231 112 123 154 165 196 207 238 139 150 181 192 223 234 115 127 177 188 219 230 111 123 153 165 215 226 107 119 149 161 192 
175 164 132 224 165 213 194 116 203 105 0 184 214 226 107 118 149 180 210 222 103 114 145 156 187 237 249 129 141 172 183 214 225 126 137 168 179 210 221 102 113 164 175 206 217 248 109 140 171 202 213 244 105 136 147 178 189 240 121 132 163 174 205 216 247 128 159 170 201 212 243 104 135 166 197 208 239 100 131 142 173 204 215 246 107 138 150 180 192 242 103 134 146 176 188 219 230 130 142 172 
206 175 163 105 176 224 205 147 214 136 184 0 176 207 237 249 130 141 172 183 214 245 126 137 168 179 210 221 102 153 164 195 206 237 248 129 140 191 202 233 244 125 136 167 178 229 240 121 132 163 174 205 216 117 128 159 170 201 212 243 104 155 186 197 228 239 120 131 162 193 224 235 116 127 158 169 200 231 112 123 154 165 196 207 238 119 150 161 192 203 234 246 126 177 188 219 230 111 103 114 
217 206 174 116 207 105 236 158 245 147 214 176 0 148 159 190 201 102 113 144 155 186 197 228 239 155 147 158 169 200 211 242 103 154 165 196 207 238 249 130 141 192 203 234 245 126 137 168 179 230 241 122 133 164 175 206 218 118 149 160 191 202 233 244 125 156 187 198 229 240 121 133 163 194 225 236 117 129 160 171 202 233 113 125 156 167 198 209 240 140 152 182 194 225 236 117 128 178 190 221 
248 217 205 147 218 136 247 145 106 178 226 207 148 0 136 147 178 189 220 231 112 143 174 185 216 227 108 119 150 181 192 223 234 115 126 157 168 199 210 241 103 133 145 176 187 237 249 129 141 172 183 214 225 125 117 148 159 190 201 232 243 144 175 186 217 228 109 120 151 182 213 224 105 116 147 158 189 220 101 112 143 154 185 196 227 108 139 150 181 192 223 234 115 166 177 208 219 100 111 142 
109 248 216 158 249 167 128 156 137 209 107 237 159 136 0 218 249 130 161 172 203 214 245 107 137 168 199 210 241 103 134 145 176 207 237 249 130 141 172 183 214 114 126 156 168 199 210 241 102 152 164 195 206 237 248 129 140 191 202 233 244 125 116 127 139 169 181 212 242 104 135 146 177 208 219 100 111 142 173 184 215 246 127 138 169 180 211 222 103 134 165 176 207 218 249 110 141 172 203 214 
140 109 247 189 110 178 139 187 168 240 118 249 190 147 218 0 191 202 233 244 125 156 187 198 229 240 121 132 163 194 225 236 117 128 159 170 201 102 113 144 155 186 197 228 239 140 151 182 193 224 235 116 127 178 189 220 231 112 123 154 166 216 227 108 119 150 162 192 204 104 135 146 177 188 219 231 111 142 173 185 215 227 108 119 150 181 211 223 104 115 146 157 188 199 230 241 122 133 164 195 
151 140 128 200 141 209 170 198 179 101 149 130 201 178 249 191 0 183 194 225 236 117 148 159 190 221 102 113 144 155 186 197 228 109 140 151 182 193 224 235 116 147 178 189 220 101 112 143 154 185 216 227 108 120 150 181 193 243 104 135 146 177 189 219 231 131 142 173 185 215 227 108 119 169 181 211 242 104 135 146 177 208 219 100 111 142 173 184 215 246 127 138 169 180 211 222 103 134 165 176 
182 151 159 231 172 220 201 229 230 132 180 141 102 189 130 202 183 0 155 186 197 228 239 120 132 162 174 205 216 116 128 159 170 201 212 243 104 138 169 180 211 222 103 114 145 196 207 238 249 130 141 172 183 234 245 126 137 168 179 210 221 122 133 164 175 206 217 248 109 160 171 202 213 244 106 136 148 198 229 240 121 132 163 175 205 236 117 128 159 171 201 213 244 124 155 167 197 209 240 101 
193 182 170 242 203 101 232 240 221 143 210 172 113 220 161 233 194 155 0 151 162 193 204 235 246 147 178 189 220 231 112 123 154 185 216 227 108 119 150 161 192 223 234 245 126 137 168 179 210 221 102 114 144 156 187 198 229 129 140 171 183 213 225 106 117 148 139 170 181 212 223 104 115 166 177 208 219 100 111 142 154 204 215 246 107 138 150 180 192 242 123 134 165 176 207 219 249 130 161 172 
224 193 201 123 214 112 243 121 102 174 222 183 144 231 172 244 225 186 151 0 214 114 126 157 168 199 210 241 102 153 164 195 206 237 248 129 140 191 222 233 114 125 156 167 198 229 110 121 152 163 194 205 236 117 148 159 190 201 232 243 124 155 186 197 228 239 120 131 162 213 224 105 116 147 138 150 161 192 203 234 245 126 137 168 179 230 241 122 133 164 175 206 217 248 109 140 151 182 194 224 
235 224 212 134 245 143 124 132 113 185 103 214 155 112 203 125 236 197 162 214 0 166 178 208 220 120 131 162 193 205 235 247 128 158 170 201 212 243 124 135 166 197 227 239 120 131 162 173 204 235 116 127 158 169 200 211 242 123 154 165 196 227 238 119 130 161 192 203 234 115 126 157 168 219 230 111 122 153 164 195 206 107 118 149 160 191 202 233 244 145 156 187 218 229 110 121 152 183 194 225 
116 235 243 185 106 194 135 183 144 236 114 245 186 143 214 156 117 228 193 114 166 0 158 189 201 232 243 124 135 185 197 228 239 120 131 162 193 224 235 116 127 158 169 200 211 112 143 154 185 196 227 238 119 150 181 192 223 234 115 126 157 188 219 230 111 122 153 164 195 226 107 118 149 160 191 202 233 134 145 176 187 218 229 110 121 172 183 214 225 106 117 148 159 210 221 102 113 144 155 186 
128 116 104 196 137 205 166 194 155 247 145 126 197 174 245 187 148 239 204 126 178 158 0 131 162 193 224 235 116 127 158 169 200 211 242 103 134 145 176 187 218 119 130 161 172 203 214 245 106 247 238 119 150 161 192 203 234 115 126 157 188 199 230 241 122 153 184 195 226 237 118 129 160 191 222 233 114 126 156 168 199 229 110 141 152 183 195 225 237 118 148 179 191 221 233 114 125 175 187 217 
158 147 135 227 149 236 177 225 186 128 156 137 228 185 107 198 159 120 235 157 208 189 131 0 213 224 105 116 147 198 209 240 101 132 143 174 185 236 247 128 139 170 181 212 223 124 135 166 177 208 219 100 111 162 153 184 195 226 237 118 149 160 191 203 233 245 126 137 168 179 210 221 102 113 144 155 186 217 228 239 120 131 162 174 204 235 116 127 158 170 200 212 243 143 154 185 196 227 239 119 
170 158 166 238 179 247 208 236 197 139 187 168 239 216 137 229 190 132 246 168 220 201 162 213 0 146 177 188 219 230 111 122 153 184 215 226 107 118 149 160 191 242 103 134 145 176 187 218 229 130 141 172 183 214 225 106 117 168 179 210 221 102 113 144 155 206 217 248 109 140 151 182 193 244 125 136 167 178 209 220 101 132 163 174 205 216 227 219 100 111 142 153 184 195 226 237 118 129 160 171 
201 189 197 119 230 128 239 117 228 170 237 179 155 227 168 240 221 162 147 199 120 232 193 224 146 0 228 240 121 152 182 194 225 236 117 148 159 190 221 232 113 124 155 186 197 247 109 140 151 182 193 224 235 136 147 178 189 220 231 112 123 174 185 216 227 108 139 150 181 212 223 104 115 146 157 188 219 100 131 142 173 184 215 226 107 138 169 180 211 222 103 114 145 176 207 218 249 110 141 172 
231 200 228 130 241 139 120 128 239 181 249 210 147 108 199 121 102 174 178 210 131 243 224 105 177 228 0 201 232 243 124 135 166 197 228 239 120 131 162 173 204 235 116 147 158 189 200 231 242 123 154 165 196 227 238 119 130 181 192 223 234 115 126 157 168 219 230 111 122 153 164 195 206 107 138 149 180 191 222 233 114 145 156 187 218 229 110 122 152 183 214 225 106 118 148 160 191 221 102 114 
243 231 239 161 122 170 131 159 120 212 129 221 158 119 210 132 113 205 189 241 162 124 235 116 188 240 201 0 213 244 125 136 167 178 169 200 211 112 123 154 165 196 207 238 249 130 161 172 203 215 245 107 138 149 180 191 222 233 114 125 156 205 197 228 239 120 131 162 173 224 235 116 127 158 169 200 211 112 143 154 185 196 227 238 119 150 181 192 223 234 115 126 157 188 219 230 111 122 153 164 
124 243 120 172 133 181 162 190 132 223 141 102 169 150 241 163 144 216 220 102 193 135 116 147 219 121 232 213 0 145 175 187 218 248 129 141 171 183 214 225 106 137 167 179 210 221 102 113 144 175 206 217 248 109 140 151 182 232 244 125 136 167 178 209 220 121 112 143 154 185 196 227 238 119 130 161 173 203 215 246 126 138 169 180 211 222 103 114 145 176 187 198 229 240 121 132 163 194 225 236 
135 124 131 203 164 212 193 221 162 124 172 153 200 181 103 194 155 116 231 153 205 185 127 198 230 152 243 244 145 0 247 108 139 150 181 193 223 104 135 146 177 189 219 231 112 142 173 204 215 246 108 138 150 181 211 223 104 134 146 177 188 238 100 130 142 173 184 215 226 126 138 169 180 211 222 103 114 165 196 207 238 249 130 141 172 203 214 245 126 137 168 179 210 241 122 133 164 175 186 178 
166 135 162 195 175 243 204 232 174 135 183 164 211 192 134 225 186 128 112 164 235 197 158 209 111 182 124 125 175 247 0 160 191 222 103 114 145 156 187 198 229 110 141 152 183 194 225 237 117 148 179 190 221 233 113 125 156 206 217 248 109 140 152 182 194 244 105 136 148 178 190 221 232 132 144 174 186 217 228 109 120 171 182 213 224 105 116 147 158 209 240 101 132 143 174 185 216 247 128 139 
177 166 173 225 206 124 235 113 205 166 214 195 242 223 145 236 197 159 123 195 247 228 169 240 122 194 135 136 187 108 160 0 172 183 214 225 106 118 148 160 191 202 233 244 125 156 187 198 229 240 121 132 163 194 225 236 117 128 159 170 201 232 113 124 155 166 197 208 239 140 151 182 193 224 235 116 127 178 189 220 231 112 123 154 165 216 227 108 119 150 161 192 203 104 115 146 157 188 199 230 
208 177 204 237 218 135 246 124 216 177 225 206 103 234 176 117 228 170 154 206 128 239 200 101 153 225 166 167 218 139 191 172 0 164 175 206 218 248 110 141 171 202 233 244 125 137 128 159 170 221 232 113 124 155 166 197 208 239 100 131 142 173 184 215 227 107 138 150 180 192 223 234 115 168 179 210 222 102 114 145 156 206 218 248 110 141 152 183 194 244 125 137 167 179 210 221 102 133 164 175 
219 208 235 118 118 166 127 155 116 208 126 237 154 115 207 128 109 201 185 237 158 120 211 132 184 236 197 178 248 150 222 183 164 0 120 131 162 193 224 235 116 127 158 169 200 231 112 123 154 165 196 207 238 119 150 161 192 203 234 245 126 177 188 219 230 111 122 153 164 215 226 107 118 149 160 191 202 103 245 125 137 168 179 210 221 121 133 164 194 206 237 248 129 140 171 182 213 224 105 116 
100 219 116 129 129 177 158 166 128 219 137 248 165 126 237 159 140 212 216 248 170 131 242 143 215 117 228 169 129 181 103 214 175 120 0 222 103 115 145 157 188 218 249 111 141 153 184 195 226 107 138 149 180 191 222 233 114 145 176 187 218 229 110 121 152 203 214 245 106 137 148 179 190 241 102 133 144 175 186 217 228 129 140 171 182 213 224 105 116 167 178 209 220 101 112 143 154 205 236 247 
111 100 127 160 160 208 169 197 158 100 168 129 196 157 249 170 151 243 227 129 201 162 103 174 226 148 239 200 141 193 114 225 206 131 222 0 155 206 217 248 129 140 171 182 213 244 105 136 167 178 209 220 101 132 163 174 205 216 247 109 139 170 201 212 243 105 135 147 178 208 239 120 131 162 174 204 216 247 127 139 170 200 212 243 104 154 166 196 208 239 100 131 142 192 204 235 246 127 138 169 
142 111 158 171 171 219 200 208 170 111 179 140 207 168 130 201 182 104 108 140 212 193 134 185 107 159 120 211 171 223 145 106 218 162 103 155 0 187 198 229 240 141 172 183 214 225 106 117 148 159 190 201 232 243 124 136 166 197 228 239 120 132 162 174 205 235 116 128 158 170 201 231 243 124 154 166 197 208 239 100 131 181 193 223 235 116 127 158 169 219 231 112 123 154 165 196 207 108 119 150 
153 142 169 221 202 120 212 109 201 162 210 191 238 199 141 102 193 138 119 191 243 224 145 236 118 190 131 112 183 104 156 118 248 193 115 206 187 0 179 210 221 102 113 144 155 206 217 248 129 140 171 182 213 244 105 136 147 178 170 201 212 112 124 155 166 197 208 239 100 151 181 193 224 235 116 127 158 169 200 211 242 103 134 145 176 175 186 217 229 109 121 152 163 213 225 105 117 148 159 190 
184 153 200 233 190 131 242 140 231 193 221 202 249 210 172 113 224 169 150 222 124 235 176 247 149 221 162 123 214 135 187 148 110 224 145 217 198 179 0 100 111 162 173 204 215 246 107 138 149 200 231 242 123 134 165 176 207 238 119 130 161 172 203 214 245 126 157 168 199 210 241 102 133 164 195 206 237 248 129 140 171 222 233 114 125 156 167 198 209 110 102 132 144 175 186 217 228 109 120 151 
195 184 212 114 201 162 123 151 243 204 102 233 130 241 183 144 235 180 161 233 135 116 187 128 160 232 173 154 225 146 198 160 141 235 157 248 229 210 100 0 183 214 225 106 117 168 179 210 221 102 113 144 155 206 237 248 129 140 171 182 213 244 125 136 167 178 209 220 101 132 163 174 205 216 247 108 139 170 201 212 243 104 135 146 177 228 239 120 131 162 173 204 215 116 127 158 169 200 211 242 
226 195 243 125 212 173 135 182 124 235 113 244 141 103 214 155 116 211 192 114 166 127 218 139 191 113 204 165 106 177 229 191 171 116 188 129 240 221 111 183 0 135 147 178 189 220 231 112 123 174 185 216 227 108 119 150 181 212 223 104 115 146 157 188 219 100 131 142 173 184 215 226 107 138 169 180 211 222 103 114 145 176 207 218 249 110 141 172 183 214 245 106 137 148 179 210 221 122 133 164 
237 226 123 156 243 204 185 193 135 246 164 125 192 133 114 186 147 222 223 125 197 158 119 170 242 124 235 196 137 189 110 202 202 127 218 140 141 102 162 214 135 0 128 158 170 220 231 112 124 154 166 197 208 239 100 131 142 173 184 215 226 107 118 149 180 191 222 233 114 145 156 187 218 229 110 121 152 183 214 225 106 117 148 160 190 221 102 113 144 156 186 198 229 109 140 171 182 213 225 105 
118 237 154 167 104 215 196 224 126 127 175 136 203 145 126 197 178 103 234 156 227 169 130 181 103 155 116 207 167 219 141 233 233 158 249 171 172 113 173 225 147 128 0 120 131 162 173 204 215 116 127 158 169 200 211 242 103 154 165 196 207 238 249 130 141 192 223 234 115 126 117 148 160 210 221 102 114 144 156 187 198 229 240 121 132 163 174 205 216 247 108 139 150 181 192 223 234 206 217 248 
129 118 166 198 135 246 227 235 157 138 206 167 234 176 156 228 189 114 245 167 239 200 161 212 134 186 147 238 179 231 152 244 244 169 111 182 183 144 204 106 178 158 120 0 123 154 185 196 227 238 119 130 161 192 223 234 115 126 157 168 199 230 111 122 153 164 195 206 237 138 149 180 191 222 233 114 125 176 187 218 229 110 121 152 164 214 225 106 117 148 160 190 202 102 113 144 156 186 198 229 
160 129 196 209 146 108 238 116 168 169 217 178 245 187 168 239 220 145 126 198 120 211 172 223 145 197 158 249 210 112 183 125 125 200 141 213 214 155 215 117 189 170 131 123 0 206 217 248 109 160 191 202 233 244 125 136 167 198 229 240 121 132 163 174 205 236 117 128 159 170 201 212 243 124 155 166 197 208 239 100 131 182 193 224 235 116 127 158 169 220 231 112 123 154 165 196 208 108 119 150 
171 160 208 110 177 158 119 147 199 200 248 229 126 237 199 140 101 196 137 229 131 112 203 124 176 247 189 130 221 142 194 156 137 231 153 244 225 206 246 168 220 220 162 154 206 0 139 170 181 212 223 104 135 166 177 208 219 100 111 142 153 204 235 246 127 138 169 180 211 242 123 134 165 176 207 218 249 130 161 172 203 214 245 106 137 168 199 210 241 102 133 144 175 226 237 118 129 160 171 202 
202 171 239 141 188 169 131 178 230 231 109 240 137 249 210 151 112 207 168 110 162 143 214 135 187 109 200 161 102 173 225 187 128 112 184 105 106 217 107 179 231 231 173 185 217 139 0 151 162 212 224 105 135 147 178 189 220 101 112 143 154 185 216 227 108 119 150 161 192 203 234 245 126 137 168 179 210 222 102 114 145 175 206 237 248 129 141 171 183 214 244 106 137 167 179 210 221 121 133 163 
214 202 119 152 219 200 161 189 241 242 140 121 168 129 241 182 143 238 179 121 173 154 245 166 218 140 231 172 113 204 237 198 159 123 195 136 117 248 138 210 112 112 204 196 248 170 151 0 123 154 165 196 207 108 119 150 161 192 203 234 245 146 177 188 219 230 111 122 153 184 215 226 107 118 149 160 191 222 103 114 145 156 148 179 190 241 121 133 164 175 206 217 248 109 140 151 182 193 224 235 
244 214 131 183 231 211 173 220 122 123 171 132 179 141 102 193 154 249 210 152 204 185 106 177 229 151 242 203 144 215 117 229 170 154 226 167 148 129 149 221 123 124 215 227 109 181 162 123 0 158 189 200 231 242 123 134 165 196 227 238 119 130 161 172 203 234 115 126 157 168 199 210 241 142 153 184 195 226 237 118 130 180 191 222 233 114 126 156 168 218 229 110 122 152 164 195 225 106 118 148 
106 244 162 194 131 242 223 231 153 134 202 163 230 172 152 224 185 130 221 163 235 196 247 208 130 182 123 215 175 246 148 240 221 165 107 178 159 140 200 102 174 154 116 238 160 212 212 154 158 0 241 102 133 164 195 206 237 248 129 140 171 202 233 244 125 136 167 178 209 240 121 132 163 194 205 236 247 128 159 170 201 232 243 124 135 186 197 228 239 120 131 162 174 224 235 116 127 158 170 200 
137 106 192 225 142 104 234 112 184 141 213 174 241 183 164 235 216 141 102 194 116 227 238 219 141 193 154 245 206 108 179 121 232 196 138 209 190 171 231 113 185 166 127 119 191 223 224 165 189 241 0 194 224 236 117 128 159 170 201 212 243 104 135 146 177 208 239 100 131 142 173 184 215 116 127 158 169 200 211 242 103 154 165 196 207 238 249 130 141 192 203 234 245 126 137 168 179 230 241 122 
148 137 204 236 173 134 115 124 195 133 244 205 122 214 195 116 227 172 114 205 127 238 119 100 172 224 165 107 217 138 190 132 113 207 149 220 201 182 242 144 216 197 158 130 202 104 105 196 200 102 194 0 166 217 247 109 140 151 182 193 224 105 136 147 178 189 220 231 112 143 174 185 216 227 108 119 150 161 192 223 234 115 126 157 168 199 210 241 103 133 145 176 187 237 249 129 141 172 183 214 
179 148 235 117 184 146 127 154 226 164 105 216 133 225 206 127 108 183 144 236 158 119 150 111 183 235 196 138 248 150 221 163 124 238 180 101 232 213 123 155 227 208 169 161 233 135 135 207 231 133 224 166 0 158 169 200 231 112 123 154 165 196 207 238 249 150 181 192 223 234 115 126 157 188 219 230 111 122 153 164 195 226 107 118 149 160 191 203 233 114 145 156 187 199 210 221 102 133 164 175 
190 179 246 148 215 196 157 185 237 175 136 117 164 125 237 178 120 234 156 117 169 150 161 162 214 136 227 149 109 181 233 194 155 119 191 132 243 244 134 206 108 239 200 192 244 166 147 108 242 164 236 217 158 0 185 216 227 108 119 150 161 212 223 104 115 146 157 188 199 100 111 142 173 184 215 226 107 138 149 180 191 222 103 114 145 176 207 218 249 110 141 152 183 214 245 106 137 148 179 191 
221 210 127 179 227 227 169 216 118 206 147 128 175 117 248 189 150 245 187 148 200 181 192 153 225 147 238 180 140 211 113 225 166 150 222 163 124 105 165 237 119 100 211 223 125 177 178 119 123 195 117 247 169 185 0 118 129 160 191 222 233 114 125 156 167 218 229 110 121 152 163 194 205 106 117 148 159 190 201 232 243 144 175 186 217 228 109 120 151 182 213 224 105 116 147 158 189 220 101 112 
232 221 158 190 107 238 200 227 129 217 178 159 206 148 129 220 181 126 198 159 211 192 203 184 106 178 119 191 151 223 125 236 197 161 233 174 136 136 176 248 150 131 242 234 136 208 189 150 134 206 128 109 200 216 118 0 130 141 152 143 174 186 216 228 109 120 151 182 193 224 235 116 127 158 169 200 211 112 123 154 165 196 207 238 249 150 161 192 203 234 245 126 137 188 219 230 111 122 153 164 
113 102 169 221 119 119 211 108 160 248 189 170 218 159 140 231 193 137 229 190 242 223 234 195 117 189 130 222 182 104 156 117 208 192 114 205 166 147 207 129 181 142 103 115 167 219 220 161 165 237 159 140 231 227 129 130 0 213 243 105 136 147 178 189 220 120 132 162 174 205 216 247 108 158 170 201 212 243 104 135 146 197 208 239 100 131 142 173 204 215 246 107 138 149 180 191 222 233 114 125 
144 113 219 232 150 130 111 120 191 109 240 201 118 190 191 112 243 168 129 201 123 234 115 226 168 220 181 233 232 134 206 128 239 203 145 216 197 178 238 140 212 173 154 126 198 100 101 192 196 248 170 151 112 108 160 141 213 0 156 206 217 138 188 109 191 158 118 145 176 226 103 245 185 235 175 116 127 197 228 239 160 190 150 122 153 134 125 137 168 179 210 221 102 133 164 194 206 237 248 129 
155 144 231 113 161 161 123 150 222 140 121 212 149 201 202 123 104 179 140 232 154 115 126 237 179 231 192 114 244 146 217 159 100 234 176 247 228 170 119 171 223 184 165 157 229 111 112 203 227 129 201 182 123 119 191 152 243 156 0 194 205 236 117 128 159 190 221 232 113 124 155 166 197 228 109 120 151 162 193 204 235 116 147 158 189 220 231 112 123 154 185 196 227 238 119 150 161 212 223 104 
186 155 111 124 192 173 153 162 233 151 132 243 160 232 233 154 135 210 171 243 165 126 157 118 210 112 223 125 125 177 248 170 131 245 187 109 239 201 130 182 104 215 196 168 240 142 143 234 238 140 212 193 154 150 222 143 105 206 194 0 127 177 189 200 231 242 123 134 165 196 207 238 119 130 161 172 203 234 115 126 157 168 199 210 241 122 153 164 195 206 237 248 129 180 191 222 233 114 125 156 
197 186 123 155 203 203 165 193 114 182 163 104 191 243 244 166 146 221 183 124 196 157 188 149 221 123 234 156 136 188 109 201 142 126 218 139 120 212 161 213 115 226 207 199 121 153 154 245 119 171 243 224 165 161 233 174 136 217 205 127 0 139 150 181 192 242 104 135 146 177 164 175 186 217 248 109 140 151 182 194 224 236 117 128 159 170 201 212 243 124 155 166 197 208 239 100 131 162 193 204 
228 197 154 186 234 234 196 223 125 213 174 155 202 144 125 216 177 122 213 155 227 188 199 160 102 174 115 205 167 238 140 232 173 177 229 170 132 112 172 244 146 107 238 230 132 204 185 146 130 202 104 105 196 212 114 186 147 138 236 177 139 0 217 248 109 140 152 182 194 244 105 136 148 178 209 221 101 132 144 174 186 217 228 109 140 171 201 213 244 105 136 147 178 209 240 101 132 143 174 185 
239 228 165 217 115 115 226 104 156 244 205 186 233 175 116 227 189 133 225 186 238 219 230 191 113 185 126 197 178 100 152 113 184 188 110 201 162 124 203 125 157 118 249 111 163 235 216 177 161 233 135 136 207 223 125 216 178 188 117 189 150 217 0 190 201 102 113 144 155 186 197 228 239 140 151 182 193 224 235 116 127 178 209 220 101 112 143 154 185 216 227 108 139 150 181 192 223 104 135 146 
120 239 196 228 126 126 238 116 168 105 216 197 244 186 127 108 219 164 106 197 119 230 241 203 144 216 157 228 209 130 182 124 215 219 121 212 174 155 214 136 188 149 130 122 174 246 227 188 172 244 146 147 238 104 156 228 189 109 128 200 181 248 190 0 145 156 187 198 229 130 141 172 183 214 225 106 117 168 179 210 221 102 113 144 155 206 217 248 109 140 151 182 193 244 105 136 147 178 189 220 
131 120 207 109 157 157 119 146 198 136 247 228 125 217 139 119 231 175 117 228 130 111 122 233 155 227 168 239 220 142 194 155 227 230 152 243 205 166 245 167 219 180 141 153 205 127 108 219 203 125 177 178 249 115 167 109 220 191 159 231 192 109 201 145 0 248 128 140 171 182 213 224 105 116 127 158 169 200 211 242 103 154 165 196 207 238 249 130 141 192 203 234 245 126 137 168 180 230 241 122 
162 131 107 120 188 169 149 158 229 147 128 239 156 228 169 150 131 206 148 239 161 122 153 245 206 108 219 120 121 173 244 166 107 111 203 105 235 197 126 178 100 191 192 164 236 138 119 230 234 136 208 189 150 146 218 120 120 158 190 242 242 140 102 156 248 0 220 231 112 143 174 185 216 227 108 119 150 201 212 243 104 135 122 114 145 176 187 218 229 110 121 152 163 194 205 236 247 128 139 170 
173 162 119 151 219 199 161 189 110 178 159 120 187 109 181 162 142 217 139 120 192 153 184 126 217 139 230 131 112 184 105 197 138 122 214 135 116 208 157 209 131 222 223 195 117 169 150 111 115 167 239 220 181 157 229 151 132 118 221 123 104 152 113 187 128 220 0 130 138 145 152 180 187 214 221 229 236 244 101 108 116 143 150 158 165 192 180 207 214 241 249 106 113 121 128 136 143 170 177 185 
204 173 150 162 230 211 192 200 121 189 170 131 198 120 212 192 173 248 170 131 203 164 195 137 248 150 111 162 143 215 136 208 150 153 245 147 128 239 168 220 142 233 234 206 128 180 161 122 126 178 100 231 192 188 110 182 162 145 232 134 135 182 144 198 140 231 130 0 200 227 235 242 249 107 134 141 149 176 183 191 198 205 213 220 227 105 112 119 127 154 161 169 176 203 210 218 225 233 240 247 
215 204 161 193 111 242 203 231 152 220 201 162 229 151 242 204 185 109 181 162 234 195 226 168 109 181 122 173 154 226 148 239 180 164 106 178 158 100 199 101 173 114 115 237 159 211 192 153 157 209 131 112 223 199 121 193 174 176 113 165 146 194 155 229 171 112 138 200 0 148 155 163 170 197 205 232 239 246 104 111 119 146 153 160 168 175 183 190 217 224 232 109 116 124 131 138 146 173 180 188 
246 235 192 224 122 103 234 131 183 231 212 193 240 182 104 104 215 160 212 213 115 226 237 179 140 212 153 224 185 126 178 140 192 215 137 208 170 151 210 132 184 145 126 138 170 242 203 184 168 240 142 143 234 100 152 224 205 226 124 196 177 244 186 130 182 143 145 227 148 0 238 115 122 129 137 144 152 159 166 174 201 188 216 223 230 238 245 102 110 117 125 152 159 166 194 201 208 216 223 230 
108 116 203 105 153 134 115 142 194 112 243 224 121 213 135 135 227 171 223 224 126 107 118 210 151 223 164 235 196 138 190 151 223 226 148 239 201 181 241 163 215 156 117 149 201 123 234 215 199 121 173 174 115 111 163 235 216 103 155 207 164 105 197 141 213 174 152 235 155 238 0 157 165 192 199 207 214 221 229 236 113 121 128 155 163 170 177 185 192 219 227 234 241 249 106 133 141 148 155 163 
138 127 234 116 164 145 126 173 225 123 104 235 133 224 146 146 108 202 104 105 157 118 129 221 182 104 195 116 227 169 221 182 234 107 179 120 231 193 102 174 226 187 148 180 212 134 245 226 210 132 184 185 126 142 194 116 247 245 166 238 175 136 228 172 224 185 180 242 163 115 157 0 227 235 242 249 107 134 141 149 156 163 171 198 186 213 240 247 105 112 119 127 134 161 169 176 183 191 198 225 
150 158 245 147 195 176 157 185 237 154 135 116 163 105 177 177 119 213 115 116 168 149 160 102 193 115 206 127 238 180 232 193 115 118 190 131 243 224 133 205 107 218 160 191 243 165 126 107 241 163 215 216 157 173 205 127 108 185 197 119 186 148 239 183 105 216 187 249 170 122 165 227 0 147 155 162 169 177 184 191 199 226 233 241 248 125 133 140 147 174 182 189 197 204 211 219 226 103 111 138 
200 169 146 158 226 187 188 215 117 165 166 127 194 116 208 188 169 244 166 147 219 160 191 113 244 146 107 158 119 211 132 224 168 149 241 162 124 235 164 216 138 229 210 222 124 176 137 118 142 194 116 227 188 184 106 158 158 235 228 130 217 178 140 214 116 227 214 107 197 129 192 235 147 0 216 224 231 108 115 123 130 157 165 172 179 207 214 221 229 236 243 101 108 135 143 170 177 185 192 199 
211 161 157 189 107 218 219 227 148 196 197 158 225 147 219 219 181 106 177 138 230 191 222 144 125 157 138 169 130 222 144 235 179 160 102 174 154 116 195 247 169 110 221 233 155 207 168 149 153 205 127 108 219 215 117 169 170 175 109 161 248 209 151 225 127 108 221 134 205 137 199 242 155 216 0 176 183 190 217 225 232 240 247 104 112 119 126 154 141 168 176 183 190 198 205 213 220 227 104 112 
242 192 188 200 118 229 230 108 160 207 208 169 236 158 100 231 211 136 208 150 111 202 233 155 136 188 149 200 161 103 174 116 210 191 133 204 166 127 206 108 180 121 102 114 166 218 179 160 184 236 158 119 230 226 148 200 201 116 120 172 109 221 182 106 158 119 229 141 232 144 207 249 162 224 176 0 226 103 110 118 125 132 140 147 154 182 189 216 204 231 238 246 103 130 137 145 152 160 167 174 
104 203 199 231 149 110 111 119 190 238 239 200 117 189 111 111 242 148 219 161 122 233 114 186 167 219 180 211 173 114 186 127 222 202 144 216 197 158 237 139 211 152 114 125 197 249 210 191 195 247 169 150 111 107 159 211 212 127 151 203 140 101 193 117 169 150 236 149 239 152 214 107 169 231 183 226 0 126 153 160 168 195 202 210 217 224 232 239 246 124 151 138 165 173 180 188 195 222 229 237 
134 103 230 132 160 141 122 169 221 139 100 231 129 220 142 142 104 198 100 192 153 134 126 217 178 100 191 112 203 165 217 178 102 103 175 247 208 169 248 170 222 183 144 176 208 130 222 222 226 128 200 161 122 138 190 112 243 197 162 234 151 132 224 168 200 201 244 176 246 159 221 134 177 108 190 103 126 0 215 223 230 238 245 102 110 137 144 152 159 166 193 201 208 235 243 100 107 115 122 130 
146 115 111 143 191 172 153 181 233 150 131 112 160 101 173 173 135 229 111 203 164 145 156 228 209 131 222 143 215 196 228 189 114 245 186 127 239 200 129 201 103 214 156 187 239 161 102 103 237 159 211 192 153 149 201 123 104 228 193 115 182 144 235 179 211 212 101 183 104 166 229 141 184 115 217 110 153 215 0 116 123 194 202 229 216 243 101 108 116 143 150 157 165 172 180 187 214 221 229 106 
177 146 122 174 202 183 164 211 113 181 142 123 171 112 184 185 146 240 142 234 195 176 168 239 220 142 233 154 246 207 109 220 145 125 217 139 100 211 140 212 114 225 187 218 100 172 114 114 118 170 242 223 164 180 232 154 135 239 204 126 194 174 116 210 242 243 108 191 111 174 236 149 191 123 225 118 160 223 116 0 119 126 134 141 149 176 203 210 217 225 232 240 247 124 131 159 146 173 181 188 
188 176 153 185 233 214 195 223 125 192 173 154 202 143 215 215 177 121 154 245 206 187 199 120 101 173 114 185 126 238 120 231 156 137 228 170 131 242 171 243 145 106 198 229 131 203 145 145 130 201 103 234 195 191 243 165 146 160 235 157 224 186 127 221 103 104 116 198 119 201 113 156 199 130 232 125 168 230 123 119 0 209 216 223 231 238 246 103 110 137 145 152 159 187 194 201 209 236 243 101 
219 188 184 216 114 225 226 104 175 223 204 165 233 154 246 227 208 132 204 126 107 218 229 131 132 184 145 196 138 249 171 112 206 168 129 200 181 103 222 104 176 117 229 110 182 214 175 156 180 232 154 115 226 222 144 196 197 190 116 168 236 217 178 102 154 135 143 205 146 188 121 163 226 157 240 132 195 238 194 126 209 0 109 116 143 151 178 185 192 200 207 215 222 249 106 114 121 129 156 143 
230 219 195 227 145 106 107 115 186 234 215 196 113 185 127 108 219 163 215 137 118 229 110 162 163 215 156 227 169 130 182 123 218 179 140 212 193 134 233 135 207 148 240 121 193 245 206 148 191 243 165 126 107 103 175 207 208 150 147 199 117 228 209 113 165 122 150 213 153 216 128 171 233 165 247 140 202 245 202 134 216 109 0 198 206 213 240 248 105 132 139 147 154 162 169 176 184 211 218 226 
111 230 226 108 156 117 118 146 217 115 246 207 125 196 138 119 100 175 246 168 149 110 141 174 174 226 187 238 180 141 213 154 248 210 171 243 223 145 114 146 218 160 121 152 224 106 237 179 222 124 196 157 118 114 186 238 239 122 158 210 128 109 220 144 196 114 158 220 160 223 155 198 241 172 104 147 210 102 229 141 223 116 198 0 138 145 153 160 167 195 202 209 217 198 206 213 240 248 105 112 
122 111 237 119 187 148 149 157 229 127 107 238 156 227 169 150 111 205 107 179 160 121 152 204 205 107 218 119 211 172 224 165 110 221 182 104 235 176 125 177 249 190 132 164 235 137 248 190 233 135 207 168 149 145 217 249 100 153 189 241 159 140 101 155 207 145 165 227 168 230 163 186 248 179 112 154 217 110 216 149 231 143 206 138 0 202 209 217 224 101 108 116 123 131 138 145 172 180 207 214 
153 122 118 170 218 179 160 207 109 177 138 119 167 108 180 181 142 236 138 230 191 172 183 235 216 138 229 150 222 203 105 216 141 121 213 154 116 175 156 228 110 221 163 214 116 168 129 241 114 186 238 199 160 176 228 150 131 134 220 122 170 171 112 206 238 176 192 105 175 238 170 213 125 207 119 182 224 137 243 176 238 151 213 145 202 0 141 149 156 164 191 198 205 233 240 247 105 112 119 127 
164 153 129 181 229 210 171 219 121 188 150 150 198 139 211 211 173 117 150 241 202 183 195 116 227 169 110 181 103 214 116 227 152 133 224 166 127 186 167 239 141 102 174 225 127 199 141 121 126 197 249 210 191 207 109 161 142 125 231 153 201 201 143 217 249 187 180 112 183 245 177 240 133 214 126 189 232 144 101 203 246 178 240 153 209 141 0 231 238 116 123 130 138 145 152 160 167 194 202 209 
195 164 160 212 110 221 182 100 152 219 180 161 209 150 222 223 184 128 180 122 233 214 225 127 219 180 122 192 114 245 147 108 183 164 105 196 158 217 198 120 172 113 205 106 158 210 171 133 156 228 130 241 203 218 120 192 173 137 112 164 212 213 154 248 130 218 207 119 190 102 185 247 140 221 154 216 239 152 108 210 103 185 248 160 217 149 231 0 171 178 185 193 200 227 235 242 249 107 114 122 
206 195 191 223 121 102 213 111 163 230 192 192 240 181 103 104 215 159 192 133 244 225 237 158 100 211 152 223 145 126 158 119 194 194 116 208 169 229 209 131 183 144 216 117 169 241 183 164 168 239 141 103 233 249 151 203 204 168 123 195 243 244 185 109 141 229 214 127 217 110 192 105 147 229 141 204 246 159 116 217 110 192 105 167 224 156 238 171 0 110 118 125 132 159 167 174 182 189 196 204 
237 206 222 104 152 113 244 142 213 111 242 203 140 192 134 115 246 171 242 164 145 106 118 170 111 222 183 234 176 137 209 150 244 206 167 239 219 109 110 162 214 156 247 148 220 102 214 175 218 120 192 133 114 110 182 234 215 179 154 206 124 105 216 140 192 110 241 154 224 117 219 112 174 236 168 231 124 166 143 225 137 200 132 195 101 164 116 178 110 0 141 148 155 182 190 197 205 212 219 227 
248 237 103 115 183 144 125 153 225 123 103 234 152 223 165 146 127 201 123 175 156 117 148 200 142 103 214 115 187 168 240 161 125 237 178 100 231 121 102 173 245 186 108 160 231 133 244 206 229 131 203 145 145 141 213 245 246 210 185 237 155 136 227 151 203 121 249 161 232 125 227 119 182 243 176 238 151 193 150 232 145 207 139 202 108 191 123 185 118 141 0 191 218 225 233 240 247 124 132 139 
129 248 114 146 194 155 136 184 105 153 134 246 182 234 176 157 138 213 134 206 187 148 179 212 153 114 225 126 198 179 101 192 137 248 209 131 112 152 132 204 106 198 139 190 112 144 106 217 110 162 234 176 156 152 224 126 107 221 196 248 166 147 108 182 234 152 106 169 109 152 234 127 189 101 183 246 138 201 157 240 152 215 147 209 116 198 130 193 125 148 191 0 111 138 125 152 160 167 175 182 
140 129 145 157 225 186 167 215 117 165 146 126 194 115 207 188 169 244 165 217 218 159 191 243 184 145 106 157 229 210 132 203 167 129 220 142 123 163 144 215 137 229 150 202 123 175 137 248 122 174 245 187 187 183 105 137 138 102 227 129 197 178 139 193 245 163 113 176 116 159 241 134 197 108 190 103 165 208 165 247 159 222 154 217 123 205 138 200 132 155 218 111 0 180 188 195 203 230 237 244 
171 140 156 208 106 237 178 246 148 215 176 177 225 166 218 199 180 124 176 248 229 210 221 143 195 176 118 188 240 241 143 104 179 140 101 192 154 213 175 116 148 109 181 102 154 226 167 109 152 224 126 237 199 214 116 188 149 133 238 180 208 209 150 244 126 194 121 203 124 166 249 161 204 135 198 130 173 235 172 124 187 249 162 198 131 233 145 227 159 182 225 138 180 0 120 127 135 162 169 177 
182 171 187 219 117 248 209 107 159 226 188 188 236 177 249 230 211 155 207 109 110 221 233 154 226 207 148 219 121 122 174 115 210 171 112 204 165 225 186 127 179 140 192 113 165 237 179 140 164 235 137 249 210 245 147 219 180 164 119 191 239 240 181 105 137 205 128 210 131 194 106 169 211 143 205 137 180 243 180 131 194 106 169 206 138 240 152 235 167 190 233 125 188 120 0 190 197 224 232 239 
213 182 198 100 148 129 220 138 190 107 219 219 117 208 110 241 222 167 219 140 121 102 114 185 237 218 160 230 132 133 185 146 221 182 143 235 196 105 217 158 210 171 223 144 196 118 210 151 195 116 168 129 221 106 158 230 191 194 150 222 100 101 192 136 168 236 136 218 138 201 133 176 219 170 213 145 188 100 187 159 201 114 176 213 145 247 160 242 174 197 240 152 195 127 190 0 149 157 164 191 
244 213 229 111 159 140 101 149 201 119 230 230 128 219 141 122 103 197 249 151 152 113 125 196 118 249 191 111 163 164 216 157 102 213 154 246 207 117 228 169 221 182 234 156 208 129 221 182 225 127 179 141 102 137 189 111 222 206 161 233 131 132 223 147 180 247 143 225 146 208 141 183 226 177 220 152 195 107 214 146 209 121 184 240 172 105 167 249 182 205 247 160 203 135 197 149 0 109 116 143 
105 224 110 142 210 171 112 180 101 149 130 111 178 100 172 133 134 209 130 182 183 144 175 227 129 110 221 122 194 175 247 188 133 224 205 127 108 148 109 200 122 213 206 186 108 160 121 193 106 158 230 172 133 148 220 122 233 237 212 114 162 143 104 178 230 128 170 233 173 216 148 191 103 185 227 160 222 115 221 173 236 129 211 248 180 112 194 107 189 212 124 167 230 162 224 157 109 0 198 206 
136 105 141 153 221 182 143 191 113 161 142 103 190 111 203 164 165 240 161 194 194 155 187 239 160 141 102 153 225 186 128 199 164 105 236 138 119 159 120 211 133 225 217 198 119 171 133 224 118 170 241 183 164 179 101 153 114 248 223 125 193 174 135 189 241 139 177 240 180 223 155 198 111 192 104 167 229 122 229 181 243 156 218 105 207 119 202 114 196 219 132 175 237 169 232 164 116 198 0 158 
147 117 152 184 102 213 155 222 144 192 172 114 221 142 214 195 176 101 172 224 225 186 217 119 171 172 114 164 236 178 139 230 175 116 247 169 150 190 151 242 164 105 248 229 150 202 163 235 148 200 122 214 175 191 112 164 125 129 104 156 204 185 146 220 122 170 185 247 188 230 163 225 138 199 112 174 237 130 106 188 101 143 226 112 214 127 209 122 204 227 139 182 244 177 239 191 143 206 158 0 

0 131 170 129 172 112 222 115 158 220 113 176 218 111 174 217 109 172 215 127 170 233 125 168 231 123 166 229 122 164 227 120 182 225 138 180 223 136 178 221 134 177 239 132 175 237 130 173 235 128 191 234 146 189 232 144 187 230 142 185 228 140 183 246 139 181 244 137 199 242 135 197 240 153 195 238 151 194 236 149 192 104 147 190 102 145 208 100 143 206 249 141 204 247 159 202 245 157 200 113 
131 0 150 193 125 235 195 107 170 213 125 168 230 143 186 248 141 204 116 179 221 134 197 239 152 214 107 170 213 125 188 230 143 205 248 161 223 116 179 241 134 196 239 152 214 107 170 232 125 188 100 143 205 118 161 223 116 179 241 134 196 109 152 214 127 189 232 145 187 100 162 205 118 161 223 136 198 241 154 216 109 171 214 127 189 232 145 207 100 162 225 118 180 243 136 198 241 153 216 109 
170 150 0 232 145 207 100 163 206 118 181 223 136 199 241 154 216 129 191 234 147 190 102 165 207 120 182 245 138 200 113 156 218 111 173 236 129 191 104 147 209 122 165 227 140 182 245 138 200 113 156 218 131 173 236 148 191 104 166 209 122 164 227 139 182 245 157 200 113 175 218 131 193 236 148 211 104 166 209 122 184 227 139 202 114 157 220 113 175 238 130 193 236 148 211 123 166 229 141 184 
129 193 232 0 102 145 207 120 162 225 138 180 113 155 218 111 173 236 129 191 104 146 209 121 164 227 139 182 245 137 200 112 155 218 130 173 236 148 191 104 166 209 121 164 227 139 182 245 157 200 112 175 237 130 193 236 148 211 103 166 228 121 184 246 139 202 114 157 220 112 175 237 130 193 105 148 211 123 166 228 141 184 246 139 202 114 157 219 132 175 237 150 193 105 168 210 123 166 228 141 
172 125 145 102 0 101 164 207 119 182 225 137 200 242 155 218 110 173 235 128 191 234 146 209 121 164 226 139 201 244 157 219 112 175 217 130 193 235 148 210 103 166 228 121 184 246 139 201 114 157 219 112 175 237 130 192 105 148 210 123 166 228 141 183 246 139 201 114 157 219 132 175 237 150 192 127 190 102 145 208 120 163 226 118 181 243 136 199 131 174 236 129 192 104 147 210 122 165 227 140 
112 235 207 145 101 0 143 206 118 161 224 136 199 242 154 197 109 172 215 127 190 233 145 208 100 163 225 118 181 224 136 199 241 154 217 109 172 234 127 190 102 145 208 100 163 225 118 181 243 136 199 111 154 216 129 172 234 147 190 102 145 207 120 163 225 138 181 243 156 199 111 174 216 129 172 234 147 209 102 145 207 120 163 225 138 200 243 156 198 111 173 216 129 191 234 147 209 102 165 227 
222 195 100 207 164 143 0 143 205 248 161 223 116 179 221 134 197 109 152 214 127 170 232 145 188 100 143 205 118 161 223 136 179 241 154 196 109 171 214 127 170 232 145 187 100 163 205 118 180 223 136 198 241 154 196 109 171 214 127 189 232 145 207 100 162 225 118 180 243 136 198 241 153 216 129 171 234 146 189 102 145 207 120 162 225 137 180 243 155 198 111 173 216 128 171 234 146 189 102 164 
115 107 163 120 207 206 143 0 143 205 248 160 223 136 198 241 153 196 109 171 214 127 189 232 144 207 100 162 225 118 180 223 135 198 110 153 216 128 171 234 126 189 102 144 207 119 162 225 137 180 243 155 198 110 173 216 128 171 234 146 189 101 164 207 119 182 225 137 200 242 155 198 110 173 216 128 191 234 146 209 101 164 226 119 182 225 137 200 242 155 217 130 173 235 148 191 103 146 208 121 
158 170 206 162 119 118 205 143 0 142 205 117 160 223 135 198 240 153 196 108 171 214 126 169 101 144 207 119 162 224 137 180 242 155 198 110 173 215 128 171 233 146 189 101 164 207 119 182 224 137 199 242 155 198 110 173 215 128 190 103 146 208 101 164 226 119 181 244 137 199 112 155 217 130 173 235 128 190 103 146 208 121 164 226 139 181 244 156 199 112 174 217 130 172 235 147 190 103 165 208 
220 213 118 225 182 161 248 205 142 0 201 244 156 219 112 174 237 130 192 235 147 210 103 165 228 140 183 246 138 201 114 156 219 112 174 237 149 212 105 167 230 122 185 247 140 203 115 158 221 113 176 239 131 194 106 149 212 124 167 230 142 185 247 140 203 115 158 221 133 196 238 151 194 106 169 212 124 187 229 142 205 247 160 222 115 178 240 148 210 123 166 228 141 184 246 159 201 114 177 219 
113 125 181 138 225 224 161 248 205 201 0 235 148 210 103 166 228 121 184 226 139 201 244 157 219 112 175 237 130 192 105 148 210 123 166 228 121 184 246 139 201 114 157 219 132 175 237 150 192 105 148 210 123 166 228 141 183 246 158 201 114 176 219 132 174 237 150 212 105 167 230 123 185 228 141 203 246 158 221 114 176 239 132 194 107 149 212 124 167 230 123 185 248 140 203 246 158 221 114 176 
176 168 223 180 137 136 223 160 117 244 235 0 235 148 190 103 146 208 121 164 226 139 181 244 156 199 112 174 217 130 172 235 147 190 103 165 208 121 183 226 138 201 244 156 219 112 174 217 130 192 235 147 210 103 165 228 121 183 246 138 201 244 156 219 131 174 237 149 192 104 147 210 122 165 228 140 183 246 158 201 113 176 219 131 194 237 149 192 104 167 210 122 185 228 140 203 245 158 221 113 
218 230 136 113 200 199 116 223 160 156 148 235 0 235 127 190 103 145 208 120 163 226 118 181 113 156 219 131 174 236 149 192 104 147 210 122 165 227 140 183 245 158 201 113 176 219 131 174 236 149 192 104 167 210 122 185 227 140 202 245 158 201 113 176 218 131 193 236 149 211 104 167 229 122 185 247 140 202 245 158 220 133 176 238 151 193 106 149 211 124 167 229 142 184 247 160 202 115 177 220 
111 143 199 155 242 242 179 136 223 219 210 148 235 0 234 147 209 102 165 227 120 183 245 138 200 243 156 218 111 174 236 129 191 104 147 209 122 184 227 140 202 245 158 200 113 175 218 131 193 106 149 211 104 166 229 122 184 247 140 202 115 157 220 132 175 238 150 193 106 148 211 124 166 229 141 184 247 159 202 115 177 220 132 175 238 150 193 106 168 211 123 186 229 141 204 247 159 202 114 177 
174 186 241 218 155 154 221 198 135 112 103 190 127 234 0 104 146 209 122 164 227 120 182 245 138 200 113 155 218 130 173 236 148 191 104 146 209 121 184 227 139 202 245 157 200 112 175 218 150 193 105 148 211 123 166 229 141 184 246 159 202 114 177 220 132 175 237 150 193 105 168 230 123 186 229 141 204 246 159 202 114 177 239 132 195 107 150 212 105 168 230 123 186 248 141 203 116 159 221 205 
217 248 154 111 218 197 134 241 198 174 166 103 190 147 104 0 143 205 118 161 223 116 179 241 134 196 109 152 214 127 170 232 145 188 100 163 205 118 161 223 136 179 241 154 216 109 171 214 127 189 232 145 207 100 162 225 118 180 243 136 198 241 154 216 109 171 234 127 189 102 145 207 120 162 225 137 180 243 136 198 111 153 216 128 171 234 146 189 102 164 207 120 162 225 137 180 243 155 198 111 
109 141 216 173 110 109 197 153 240 237 228 146 103 209 146 143 0 143 185 248 160 203 116 178 221 134 196 239 151 214 107 169 212 125 187 230 142 205 248 160 223 135 178 241 134 196 109 151 214 126 169 232 144 187 100 162 205 117 160 223 135 178 241 153 196 108 171 214 126 189 232 144 187 100 162 205 117 180 223 135 198 241 153 216 108 171 233 126 189 232 144 207 249 162 225 117 180 242 135 198 
172 204 129 236 173 172 109 196 153 130 121 208 145 102 209 205 143 0 142 185 248 160 203 115 158 221 133 176 239 151 214 106 169 231 124 187 249 162 205 117 180 223 135 198 240 153 215 108 171 214 126 189 231 144 206 249 162 224 117 180 242 135 197 240 153 215 128 171 233 146 189 101 164 206 119 162 224 137 180 242 155 197 110 172 215 128 190 233 146 188 101 164 206 119 181 224 137 199 242 155 
215 116 191 129 235 215 152 109 196 192 184 121 208 165 122 118 185 142 0 142 204 117 160 222 135 178 240 133 195 108 151 213 126 169 231 144 186 249 162 204 137 179 242 154 197 110 172 215 147 190 103 145 208 121 163 226 119 181 244 156 199 112 174 217 129 172 235 147 190 103 165 208 120 183 226 138 201 244 156 199 111 174 217 129 192 235 147 210 103 165 228 120 183 245 138 201 244 156 219 111 
127 179 234 191 128 127 214 171 108 235 226 164 120 227 164 161 248 185 142 0 161 224 136 179 242 154 197 109 172 215 127 170 233 145 188 101 163 206 118 181 243 136 199 242 154 217 109 172 234 127 190 102 145 208 120 163 225 118 181 243 156 199 111 174 217 129 192 234 147 209 102 165 227 120 183 245 158 220 113 176 238 131 193 106 149 211 104 167 229 122 184 247 140 202 115 158 220 133 175 238 
170 221 147 104 191 190 127 214 171 147 139 226 163 120 227 223 160 248 204 161 0 204 247 160 222 135 197 240 153 215 108 170 233 126 188 231 144 206 249 161 224 117 179 242 135 197 110 152 215 127 170 233 126 188 101 143 206 119 161 224 136 179 242 154 197 110 152 215 127 170 233 145 188 101 163 206 118 181 224 136 179 242 154 217 109 172 235 127 190 233 145 208 101 163 226 118 181 243 136 199 
233 134 190 146 234 233 170 127 214 210 201 139 226 183 120 116 203 160 117 224 204 0 204 116 159 222 134 177 240 152 195 107 150 213 125 168 231 143 186 249 161 204 116 179 222 134 177 240 152 195 107 170 213 125 188 231 143 206 248 161 224 116 179 222 134 197 239 152 215 107 170 232 125 188 100 143 206 248 161 223 136 179 241 154 197 109 152 214 127 170 232 145 188 100 163 205 118 181 223 136 
125 197 102 209 146 145 232 189 126 103 244 181 118 245 182 179 116 203 160 136 247 204 0 243 136 198 111 154 216 109 172 234 127 189 102 145 207 120 163 225 138 180 243 136 198 111 154 216 148 191 104 166 209 122 164 227 139 182 245 157 200 113 175 218 130 193 236 148 191 104 166 209 122 184 247 139 202 245 157 220 113 175 218 130 193 105 148 211 123 166 229 141 184 246 139 202 114 157 220 132 
168 239 165 121 209 208 145 232 169 165 157 244 181 138 245 241 178 115 222 179 160 116 243 0 243 155 218 111 173 216 128 191 234 146 209 102 164 227 119 182 244 137 200 243 155 218 110 173 236 128 191 103 146 209 121 164 227 139 182 244 157 219 112 175 237 130 193 105 148 211 123 166 228 121 184 246 139 202 114 157 219 132 175 237 150 193 105 168 210 123 166 228 141 184 246 159 201 114 177 219 
231 152 207 164 121 100 188 144 101 228 219 156 113 200 138 134 221 158 135 242 222 159 136 243 0 132 194 107 150 212 105 168 230 123 185 248 141 203 116 159 241 134 196 109 151 214 107 169 232 125 187 100 162 205 118 160 223 135 178 241 134 196 109 171 234 146 189 101 164 207 119 162 244 137 200 112 155 218 130 173 105 148 210 123 166 228 121 184 246 159 202 114 177 219 132 175 237 150 193 105 
123 214 120 227 164 163 100 207 144 140 112 199 156 243 200 196 134 221 178 154 135 222 198 155 132 0 108 170 233 126 188 231 144 206 119 161 244 136 199 111 154 217 110 172 235 127 190 103 145 208 120 163 226 138 181 244 136 199 111 154 217 129 192 235 147 190 102 165 208 120 183 226 138 201 243 156 219 111 174 217 129 192 234 147 210 102 165 227 120 183 245 138 201 113 156 218 111 174 236 129 
166 107 182 139 226 225 143 100 207 183 175 112 219 156 113 109 196 133 240 197 197 134 111 218 194 108 0 127 190 233 145 188 100 163 206 118 181 224 136 199 241 154 216 109 172 234 127 190 232 145 207 120 163 225 138 181 243 136 199 111 154 216 129 172 234 147 190 102 165 207 120 163 225 138 181 243 156 198 111 173 216 129 191 234 147 209 102 165 207 120 182 225 138 200 243 156 218 111 173 236 
229 170 245 182 139 118 205 162 119 246 237 174 131 218 155 152 239 176 133 109 240 177 154 111 107 170 127 0 127 170 232 145 187 100 163 205 118 161 223 136 179 241 154 216 109 171 234 127 189 232 145 207 100 162 225 118 180 243 136 198 111 173 216 129 191 234 146 209 121 164 227 139 182 245 137 200 112 155 218 130 173 236 148 191 104 166 209 121 164 227 139 182 245 157 200 112 175 218 130 193 
122 213 138 245 201 181 118 225 162 138 130 217 174 111 218 214 151 239 195 172 153 240 216 173 150 233 190 127 0 126 189 102 144 207 119 162 225 137 180 243 135 198 110 153 216 128 171 234 146 189 101 164 207 119 162 225 137 200 242 155 218 110 173 216 128 191 234 146 209 101 164 226 139 182 244 157 200 112 175 217 130 193 235 148 191 103 166 209 121 184 246 139 201 244 157 219 112 175 217 130 
164 125 200 137 244 224 161 118 224 201 192 130 236 174 130 127 214 151 108 215 215 152 109 216 212 126 233 170 126 0 146 189 101 164 207 119 182 224 137 199 242 155 217 110 173 215 128 190 233 146 208 101 164 226 119 182 244 137 199 112 155 217 110 173 235 128 190 103 146 208 121 164 226 139 181 244 137 199 112 155 217 130 192 235 148 210 123 165 228 121 183 246 139 201 114 156 219 131 174 237 
227 188 113 200 157 136 223 180 137 114 105 172 149 236 173 170 107 214 151 127 108 195 172 128 105 188 145 232 189 146 0 146 208 101 163 116 198 241 153 216 109 171 234 126 189 102 144 207 119 182 244 137 200 112 155 218 130 173 235 128 191 103 146 209 121 164 227 139 182 244 157 200 112 155 218 130 173 235 148 191 103 166 209 121 184 226 139 182 244 157 200 112 175 217 130 193 235 148 210 103 
120 230 156 112 219 199 136 223 180 156 148 235 192 129 236 232 169 106 213 170 170 107 234 191 168 231 188 145 102 189 146 0 224 137 180 242 155 198 110 153 215 128 171 233 126 189 101 144 207 119 182 224 137 199 242 155 198 110 173 215 128 190 233 146 208 101 164 226 119 181 224 137 199 242 155 217 110 173 235 128 190 103 146 208 101 164 226 119 181 244 137 199 112 155 217 130 172 235 147 190 
182 143 218 155 112 241 179 135 242 219 210 147 104 191 148 145 212 169 126 233 233 150 127 234 230 144 100 187 144 101 208 224 0 224 117 179 222 135 197 110 153 215 128 170 233 126 188 101 144 206 119 161 224 137 179 242 154 197 110 172 215 128 170 233 145 188 101 163 206 119 181 224 156 199 112 174 217 129 192 235 147 210 103 165 228 120 183 226 138 201 244 156 219 111 174 236 129 192 104 147 
225 205 111 218 175 154 241 198 155 112 123 190 147 104 191 188 125 231 169 145 126 213 189 146 123 206 163 100 207 164 101 137 224 0 224 136 199 242 154 197 109 172 215 127 190 102 145 208 100 163 226 118 181 224 136 199 111 154 217 129 172 234 127 190 102 145 208 120 163 225 138 181 243 156 199 111 154 216 129 172 234 147 190 102 165 227 120 183 245 158 200 113 156 218 131 174 236 149 191 104 
138 248 173 130 217 217 154 110 198 174 166 103 210 147 104 100 187 124 231 188 188 125 102 209 185 119 206 163 119 207 163 180 117 224 0 243 156 218 111 174 236 129 191 234 147 209 102 165 227 140 182 245 157 200 113 156 218 131 173 236 148 191 104 166 209 122 184 227 140 182 245 157 200 113 175 218 131 193 236 148 211 104 166 209 122 184 227 139 202 245 157 220 113 175 238 130 213 106 168 211 
180 161 236 173 130 109 196 153 110 237 228 165 122 209 146 163 230 187 144 101 231 168 145 102 248 161 118 205 162 119 116 242 179 136 243 0 113 155 218 130 173 236 148 191 104 166 209 106 169 231 124 187 229 142 205 247 160 222 115 178 240 153 215 108 171 213 126 188 101 144 206 119 162 224 117 179 242 135 197 110 153 215 128 171 233 146 188 101 163 206 119 162 224 137 179 242 154 197 110 172 
223 223 129 236 193 172 109 216 173 149 121 208 165 122 209 205 142 249 186 163 144 231 207 164 141 244 181 118 225 182 198 155 222 199 156 113 0 117 160 222 135 177 240 133 195 108 151 213 126 188 231 124 186 249 142 204 117 159 222 135 177 240 133 195 108 170 213 126 188 231 143 186 249 161 204 117 179 222 134 197 240 152 215 108 170 233 126 188 231 143 206 249 161 224 117 179 242 134 197 109 
136 116 191 148 235 234 171 128 215 212 184 121 227 184 121 118 205 162 249 206 206 143 120 227 203 136 224 161 137 224 241 198 135 242 218 155 117 0 247 159 202 115 177 220 132 195 107 150 213 106 168 231 123 186 229 141 204 116 159 222 134 177 240 132 195 107 150 213 125 168 231 143 186 248 161 204 116 159 222 134 177 239 152 195 127 190 232 145 188 100 163 206 118 181 223 136 198 241 154 216 
178 179 104 191 148 127 214 171 128 105 246 183 140 227 184 161 248 205 162 118 249 186 163 119 116 199 136 223 180 137 153 110 197 154 111 218 160 247 0 116 159 221 134 177 239 152 195 107 170 212 125 188 230 143 186 248 161 203 116 179 221 134 196 109 152 214 107 170 232 125 187 230 143 205 118 161 223 136 178 241 134 196 109 152 214 127 169 232 145 187 100 162 205 118 161 223 136 198 241 153 
221 241 147 104 210 190 127 234 171 167 139 226 183 140 227 223 160 117 204 181 161 249 225 182 159 111 199 136 243 199 216 153 110 197 174 130 222 159 116 0 116 178 241 134 196 239 151 214 107 169 232 125 187 100 142 205 118 160 223 135 178 241 134 196 109 151 214 126 169 232 144 187 100 162 205 117 160 223 135 178 241 153 196 108 171 214 126 189 232 144 187 100 162 205 117 180 242 135 198 110 
134 134 209 166 103 102 170 126 233 230 201 138 245 202 139 136 223 180 137 243 224 161 138 244 241 154 241 179 135 242 109 215 153 109 236 173 135 202 159 116 0 115 178 240 133 196 108 151 214 126 169 231 144 187 249 162 205 117 160 118 180 223 135 178 241 153 216 109 171 234 126 189 102 164 207 119 182 225 137 200 243 155 218 110 173 235 128 191 234 146 209 121 164 227 139 182 244 137 200 112 
177 196 122 209 166 145 232 189 146 122 114 201 158 245 202 179 135 223 179 136 117 204 180 137 134 217 154 241 198 155 171 128 215 172 129 236 177 115 221 178 115 0 219 112 175 237 130 192 105 148 210 123 166 228 121 184 246 139 201 114 176 219 132 175 237 130 192 105 148 210 123 166 228 121 183 246 158 201 114 176 219 132 174 237 150 192 105 167 210 123 185 228 141 203 246 158 221 114 176 219 
239 239 165 121 228 208 145 102 189 185 157 244 201 158 245 241 178 135 242 199 179 116 243 200 196 110 216 154 110 217 234 171 128 215 191 148 240 177 134 241 178 219 0 199 112 174 217 130 172 235 147 190 103 165 208 121 183 246 138 201 244 156 219 112 174 217 130 192 105 147 210 122 165 228 121 183 246 138 201 113 156 219 131 174 237 149 192 105 147 210 122 165 228 140 183 246 178 221 133 176 
132 152 227 164 121 100 187 144 101 247 219 156 113 200 157 154 241 198 154 242 242 179 136 243 109 172 109 216 153 110 126 233 170 127 234 191 133 220 177 134 240 112 199 0 219 131 174 236 149 192 104 147 210 122 165 227 140 183 245 158 201 113 176 219 131 174 236 149 192 104 167 210 122 185 227 140 202 245 158 201 113 176 238 131 194 106 149 211 124 167 229 122 185 247 140 202 115 158 220 133 
175 214 140 227 184 163 100 207 164 140 132 219 176 113 200 216 134 240 197 154 135 222 198 155 151 235 172 109 216 173 189 126 233 190 147 104 195 132 239 196 133 175 112 219 0 218 131 174 236 149 211 104 166 229 122 184 227 140 202 245 158 220 113 175 238 131 193 106 149 211 124 166 229 122 184 247 140 202 115 157 220 133 175 238 150 193 106 148 211 124 166 229 141 184 247 159 202 115 177 220 
237 107 182 139 246 225 163 119 207 203 175 112 219 175 112 109 196 153 110 217 197 134 111 218 214 127 234 171 128 215 102 189 126 102 209 166 108 195 152 239 196 237 174 131 218 0 238 130 193 106 148 211 104 166 229 121 184 247 139 202 114 157 220 132 175 238 150 193 105 148 211 167 229 122 185 228 140 203 245 158 220 113 176 238 151 213 106 169 231 124 187 249 142 204 117 160 222 135 178 240 
130 170 245 182 139 118 205 162 119 115 237 174 131 218 175 171 109 215 172 109 110 177 154 110 107 190 127 234 171 128 144 101 188 145 102 209 151 107 195 151 108 130 217 174 131 238 0 131 193 106 149 211 104 167 229 142 184 247 160 202 115 177 220 133 175 238 151 193 106 168 211 124 186 229 142 184 247 159 202 115 177 220 133 175 238 150 193 106 168 211 124 186 229 142 204 247 159 202 115 177 
173 232 138 245 201 181 118 225 182 158 150 217 174 131 218 214 151 108 215 172 152 240 216 173 169 103 190 127 234 190 207 144 101 208 165 106 213 150 107 214 151 192 130 236 174 130 131 0 131 173 236 148 211 104 166 229 122 184 227 139 202 245 157 220 113 175 238 130 193 106 148 211 123 166 229 122 184 247 139 202 114 157 220 132 175 238 150 193 105 148 211 123 166 229 141 184 246 159 202 114 
235 125 200 157 114 243 180 137 224 221 192 130 236 193 150 127 214 171 147 234 215 152 148 236 232 145 232 189 146 233 119 207 144 100 227 169 126 213 170 107 214 105 172 149 236 193 193 131 0 130 193 105 148 211 123 166 228 141 204 246 159 202 114 177 219 132 175 237 150 212 105 168 230 123 186 228 141 203 246 159 221 114 177 239 132 194 107 150 212 105 168 230 123 185 248 141 203 116 159 221 
128 188 113 200 157 136 223 180 137 113 105 192 149 106 193 189 126 214 190 127 127 195 191 128 125 208 145 232 189 146 182 119 206 163 140 231 188 106 212 169 126 148 235 192 149 106 106 173 130 0 150 212 105 167 230 123 185 228 141 203 246 158 221 114 176 239 132 194 107 150 212 105 167 230 123 185 248 141 203 116 158 221 133 176 239 132 194 107 149 212 124 187 230 142 205 248 160 203 116 178 
191 100 156 112 219 199 136 243 199 176 148 235 192 149 105 232 169 126 103 190 170 107 104 191 187 120 207 145 101 208 244 182 119 226 182 124 231 168 125 232 169 210 147 104 211 148 149 236 193 150 0 149 212 105 167 230 122 185 247 160 203 115 158 221 133 176 239 151 194 106 169 212 124 187 230 142 205 247 160 203 115 178 221 110 172 215 128 170 233 145 188 101 163 206 119 181 244 156 199 111 
234 143 218 175 112 111 198 155 242 239 210 147 104 211 148 145 232 189 145 102 233 170 166 103 100 163 120 207 164 101 137 224 161 118 245 187 124 231 188 125 231 123 190 147 104 211 211 148 105 212 149 0 145 188 101 163 206 118 181 224 136 199 242 154 197 109 172 215 127 190 233 145 208 100 163 226 118 181 224 136 199 241 154 217 129 172 234 127 190 233 145 208 120 163 225 118 181 243 136 199 
146 205 131 237 175 154 241 198 155 131 123 210 167 104 211 207 144 231 208 145 126 213 209 146 162 226 163 100 207 164 200 137 224 181 157 229 186 123 230 187 144 166 103 210 166 104 104 211 148 105 212 145 0 125 188 100 143 206 118 161 223 116 179 241 134 197 109 152 214 127 170 232 145 188 100 143 205 118 161 223 136 198 241 154 196 109 172 214 127 170 232 145 207 100 163 225 118 180 243 136 
189 118 173 130 237 216 154 110 198 194 166 103 210 166 123 100 187 144 121 208 188 125 122 209 205 138 225 162 119 226 112 199 137 224 200 142 249 186 143 100 187 228 165 122 229 166 167 104 211 167 105 188 125 0 145 207 100 162 225 118 180 223 136 198 241 153 216 109 171 234 127 189 102 144 207 119 162 225 118 180 243 135 198 111 153 216 128 171 234 146 189 102 144 207 119 162 225 137 200 243 
232 161 236 193 130 129 196 173 110 106 228 165 122 229 166 162 100 206 163 120 101 188 164 121 118 181 138 225 162 119 155 242 179 136 113 205 142 229 186 142 249 121 208 165 122 229 229 166 123 230 167 101 188 145 0 184 246 139 201 114 157 219 132 175 237 150 193 105 168 210 123 185 228 141 184 246 159 201 114 176 219 132 194 237 150 212 105 167 210 123 185 228 141 203 246 159 221 114 176 239 
144 223 148 236 192 172 109 216 173 149 141 228 185 122 229 225 162 249 226 163 143 231 227 164 160 244 181 118 225 182 218 155 242 199 156 247 204 141 248 205 162 184 121 227 184 121 142 229 166 123 230 163 100 207 184 0 183 246 158 201 114 176 219 132 194 237 149 212 105 167 210 123 185 228 140 203 115 158 221 114 176 239 131 194 106 149 212 124 167 230 142 185 248 140 203 167 229 122 185 247 
187 116 191 148 105 234 171 128 215 212 183 121 227 184 141 118 205 162 119 225 206 143 139 227 223 136 243 180 137 244 130 198 154 111 218 160 117 204 161 118 205 246 183 140 227 184 184 122 228 185 122 206 143 100 246 183 0 104 167 229 122 184 227 140 202 245 158 220 133 176 238 131 193 106 149 211 104 167 229 142 184 247 159 202 115 177 220 133 175 238 151 193 106 168 211 124 186 229 142 184 
230 179 104 211 148 147 214 171 128 124 246 183 140 247 184 180 117 224 181 118 119 206 182 139 135 199 136 243 200 137 173 110 197 154 131 222 159 116 203 160 117 139 246 183 140 247 247 184 141 228 185 118 206 162 139 246 104 0 104 147 209 122 164 227 139 182 245 157 200 113 175 218 131 173 236 148 211 104 166 229 122 184 227 139 202 245 157 220 113 175 238 130 193 105 148 211 123 166 229 121 
142 241 166 103 210 190 127 234 190 167 158 246 202 140 246 243 160 117 244 181 161 248 245 182 178 111 199 136 242 199 235 173 110 217 173 115 222 159 116 223 160 201 138 245 202 139 160 227 204 141 247 181 118 225 201 158 167 104 0 103 166 228 121 184 246 139 202 114 157 220 132 175 237 150 193 105 148 211 123 166 228 141 203 246 159 202 114 177 219 132 175 237 150 212 105 168 230 123 186 228 
185 134 209 166 123 102 189 146 103 230 201 138 245 202 159 136 223 180 156 243 224 161 157 244 241 154 111 198 155 112 128 215 172 129 236 178 135 222 179 135 118 114 201 158 245 202 202 139 246 203 160 224 161 118 114 201 229 147 103 0 123 185 228 141 203 246 159 201 114 176 219 132 194 237 150 212 105 167 230 123 185 228 141 203 246 158 221 114 176 239 132 194 107 149 212 105 167 230 123 185 
228 196 122 228 166 145 232 189 146 142 114 201 158 115 202 198 135 242 199 156 136 224 200 157 134 217 154 111 218 155 191 128 215 172 148 240 177 134 221 178 180 176 244 201 158 114 115 202 159 246 203 136 223 180 157 114 122 209 166 123 0 122 185 228 140 203 246 158 221 113 176 239 131 194 106 149 212 105 167 230 122 185 247 160 203 115 158 221 133 176 238 151 194 106 169 212 124 187 229 142 
140 109 164 121 228 207 145 101 208 185 176 244 201 157 114 241 178 135 112 199 179 116 113 219 196 129 216 173 110 217 103 190 128 234 191 153 240 177 134 241 223 219 156 113 220 157 177 245 202 158 115 199 116 223 219 176 184 122 228 185 122 0 138 181 243 156 199 111 174 216 129 172 234 147 190 102 165 207 120 182 225 138 200 243 156 218 111 174 216 129 191 234 147 209 122 165 227 120 182 245 
183 152 227 184 141 120 207 164 101 247 219 156 113 220 177 154 241 197 174 111 242 179 175 112 109 192 129 216 173 110 146 233 170 127 104 215 133 240 196 134 135 132 219 176 113 220 220 157 114 221 158 242 179 136 132 219 227 164 121 228 185 138 0 118 180 243 136 198 241 154 216 109 171 234 127 189 102 145 207 120 162 225 137 180 243 136 198 111 153 216 129 191 234 146 189 102 164 207 120 182 
246 214 139 246 183 163 100 207 164 140 132 219 176 132 220 216 153 240 217 174 154 222 218 175 171 235 172 129 216 173 209 146 233 190 166 108 195 132 109 196 178 175 112 219 175 132 133 220 177 114 221 154 241 198 175 132 140 227 184 141 228 181 118 0 157 200 112 175 218 130 173 235 148 191 103 166 228 141 203 246 159 202 114 177 219 132 194 237 150 212 105 168 230 123 185 228 141 203 246 159 
139 127 182 139 246 225 162 119 226 203 174 131 218 175 132 109 196 153 129 217 197 134 130 237 234 147 234 191 128 235 121 208 145 102 209 171 108 195 152 109 241 237 174 131 238 175 175 113 219 176 133 197 134 241 237 194 202 139 246 203 140 243 180 157 0 176 219 132 194 107 150 212 105 167 230 123 185 248 141 203 116 158 221 133 176 239 132 194 107 149 212 124 167 230 142 185 248 160 203 116 
181 189 245 202 139 138 225 182 119 115 237 174 131 238 175 171 108 215 172 129 110 197 193 130 146 190 147 234 191 128 164 101 188 145 122 213 170 107 214 151 153 130 217 174 131 238 238 175 132 239 176 109 197 153 150 237 245 182 139 246 203 156 243 200 176 0 176 219 131 194 106 149 212 124 167 230 142 185 247 160 203 115 158 221 133 176 238 151 194 106 169 212 124 187 229 142 185 247 160 203 
244 232 157 114 201 181 118 225 181 158 150 237 193 150 237 234 171 128 235 192 152 239 236 193 189 102 190 146 234 190 227 164 101 208 184 126 213 150 107 214 216 192 130 236 193 150 151 238 175 132 239 172 109 216 193 149 158 245 202 159 246 199 136 112 219 176 0 145 188 101 144 206 119 161 224 136 179 242 154 197 110 172 215 127 170 233 145 188 101 163 206 118 181 224 136 199 242 154 217 110 
137 145 200 157 114 243 180 137 244 221 212 149 236 193 150 127 214 171 147 234 215 152 148 105 101 165 102 209 146 103 139 226 163 120 227 188 126 213 170 126 109 105 192 149 106 193 193 130 237 194 151 215 152 109 105 212 220 157 114 201 158 111 198 175 132 219 145 0 145 188 100 163 206 118 181 224 136 199 241 154 216 109 172 215 127 190 102 145 207 120 163 225 118 181 243 136 199 111 154 216 
199 187 113 220 157 156 243 200 137 133 105 192 149 106 193 189 126 233 190 147 127 215 191 148 164 208 165 121 209 146 182 119 206 163 140 101 188 125 232 169 171 148 105 192 149 105 106 193 150 107 194 127 214 171 168 105 133 200 157 114 221 174 241 218 194 131 188 145 0 145 207 120 163 225 138 180 243 155 198 111 173 216 129 171 234 146 189 102 164 207 120 182 225 138 200 243 155 198 111 173 
242 100 175 112 219 199 136 242 199 196 167 104 211 148 105 102 189 146 103 209 170 107 104 211 207 120 207 164 101 208 244 181 119 225 182 144 231 168 125 232 234 210 147 104 211 148 168 106 212 150 106 190 127 234 210 167 176 113 220 176 113 216 154 130 107 194 101 188 145 0 164 227 119 182 225 137 200 243 155 218 110 173 235 128 191 103 146 209 101 164 227 119 182 244 137 200 112 155 218 130 
135 162 218 175 132 111 198 155 112 238 230 147 104 211 168 145 232 189 165 102 233 170 166 123 119 183 120 227 164 121 157 224 181 138 245 206 143 231 187 144 126 123 210 167 124 211 211 148 105 212 169 233 170 127 123 210 238 175 132 219 176 129 216 173 150 106 144 100 207 164 0 164 207 119 182 224 137 199 242 155 217 130 173 235 128 190 103 146 208 121 164 226 139 201 244 157 199 112 174 217 
197 205 131 237 175 174 241 198 155 151 123 210 167 124 230 207 144 101 208 165 145 232 209 166 162 226 163 139 226 164 200 137 224 181 157 119 186 143 230 187 189 166 122 210 166 167 124 211 168 105 212 145 232 189 185 123 131 218 175 132 239 172 109 235 212 149 206 163 120 227 164 0 230 142 185 247 140 203 115 158 221 133 176 238 151 194 106 169 212 124 187 230 142 185 247 160 203 115 178 221 
240 118 193 130 237 216 153 110 217 194 185 122 229 166 123 120 187 164 120 227 188 125 122 228 244 138 225 182 139 226 112 199 156 243 200 162 249 186 143 100 102 228 165 122 229 229 186 123 230 167 124 208 145 102 228 185 193 131 237 194 131 234 171 148 105 212 119 206 163 119 207 230 0 210 122 185 227 140 202 245 158 220 113 176 238 131 193 106 149 211 104 167 229 122 184 247 140 202 115 158 
153 161 236 193 150 129 216 173 130 106 228 165 122 229 186 162 100 206 183 120 101 188 184 121 137 201 138 245 182 139 155 242 199 156 113 224 161 248 205 162 164 121 228 185 122 122 229 166 123 230 187 100 188 144 141 228 106 173 150 237 194 147 234 191 167 124 161 118 225 182 119 142 210 0 138 181 243 156 199 111 154 217 129 192 234 147 210 102 165 208 120 183 225 138 201 243 156 218 111 174 
195 223 148 105 192 172 129 216 173 169 141 228 185 141 229 225 162 119 226 183 163 100 247 184 200 243 181 137 244 181 218 155 112 199 175 117 204 161 118 205 207 183 121 227 184 185 142 229 186 123 230 163 100 207 184 140 149 236 193 150 106 190 127 103 230 167 224 181 138 225 182 185 122 138 0 138 181 243 156 198 111 173 236 129 191 234 147 209 102 164 227 120 182 245 138 200 113 156 218 131 
238 136 211 148 127 234 171 128 235 212 203 140 247 184 141 137 205 162 138 245 206 143 139 246 112 156 243 200 157 244 130 217 174 111 218 179 117 204 161 117 119 246 183 140 247 228 184 122 228 185 142 226 143 119 246 203 211 148 105 212 149 102 189 166 123 230 136 224 180 137 224 247 185 181 138 0 137 180 243 155 198 111 173 216 128 191 234 146 209 102 164 207 139 182 245 157 200 112 175 218 
151 198 104 211 190 147 234 191 128 124 246 183 140 247 204 180 117 224 201 158 118 206 202 139 155 219 156 112 200 137 173 110 217 154 131 242 179 116 223 160 182 158 246 202 140 140 247 184 141 248 205 118 205 162 159 115 104 211 148 105 212 165 102 228 185 142 179 136 243 200 137 140 227 243 181 137 0 191 104 166 229 122 184 227 140 202 245 157 200 113 175 238 131 193 106 148 211 104 166 229 
194 241 166 123 102 209 146 234 190 187 158 246 202 159 246 243 180 137 244 220 181 248 245 202 218 111 198 155 112 199 235 173 129 216 193 135 222 159 136 223 225 201 138 245 202 203 159 247 203 141 247 181 118 225 201 158 167 104 211 167 105 207 145 141 248 185 242 199 155 243 199 203 140 156 243 180 191 0 191 104 146 209 121 164 227 120 182 245 157 200 112 175 218 130 173 236 148 191 103 166 
236 154 209 166 145 102 189 146 103 229 221 158 245 202 159 136 223 180 156 113 224 161 157 114 130 174 111 218 175 112 148 235 192 129 236 197 134 222 178 135 137 114 201 158 115 245 202 139 246 203 160 224 161 118 114 221 229 166 123 230 167 120 207 203 141 247 154 241 198 155 242 115 202 199 156 243 104 191 0 191 103 166 228 121 184 226 139 201 244 157 219 112 175 237 130 192 105 148 210 103 
149 216 122 228 208 145 102 209 146 142 114 201 158 115 202 198 135 242 199 176 136 223 220 157 173 217 173 130 217 155 191 128 235 172 148 110 197 134 241 178 200 176 113 201 157 158 115 202 159 116 203 136 223 180 176 114 142 229 166 123 230 182 120 246 203 160 197 154 111 218 155 158 245 111 198 155 166 104 191 0 210 123 185 228 140 203 246 158 201 114 176 219 131 194 107 149 212 124 187 230 
192 109 184 141 120 207 145 101 208 205 176 113 220 177 114 111 198 155 111 238 179 136 113 219 105 129 216 173 130 217 103 190 147 234 211 153 240 177 134 241 243 219 156 113 220 220 177 114 221 158 115 199 136 243 219 176 184 122 228 185 122 225 162 159 116 203 110 216 173 110 217 221 158 154 111 198 229 146 103 210 0 229 122 185 228 140 203 115 158 220 133 176 238 131 194 106 149 212 124 167 
104 171 227 184 163 120 207 164 121 247 239 176 133 220 177 153 241 197 174 131 242 179 175 132 148 192 129 236 193 130 166 103 210 147 104 215 152 239 196 153 155 132 219 176 133 113 220 157 114 221 178 241 198 135 132 239 247 184 141 228 185 138 225 202 158 115 172 109 216 173 130 133 220 217 173 111 122 209 166 123 229 0 135 198 240 153 196 108 171 213 126 189 231 144 206 249 162 224 117 180 
147 214 139 246 226 163 120 226 164 160 132 219 176 132 239 216 153 110 217 193 154 241 218 175 210 234 191 148 235 192 209 146 103 190 166 128 215 152 109 196 218 174 131 238 175 176 133 220 177 133 221 154 241 198 194 131 159 227 203 141 247 200 137 114 221 158 215 172 129 235 173 176 113 129 236 173 184 121 228 185 122 135 0 115 177 240 133 195 108 151 213 126 168 231 144 186 249 142 204 117 
190 127 202 139 118 225 162 119 226 222 194 131 238 175 132 128 216 172 129 106 217 154 130 237 123 147 234 191 148 235 121 208 165 102 209 171 108 195 152 108 110 237 174 131 238 238 175 132 239 176 110 217 154 111 237 194 202 139 246 203 160 243 180 177 133 221 127 215 171 128 235 238 176 192 129 216 227 164 121 228 185 198 115 0 115 177 240 132 195 238 150 213 125 188 126 200 105 160 214 119 
102 189 114 202 181 138 225 182 139 115 107 194 151 238 195 171 108 215 192 149 109 197 193 150 166 210 147 104 191 148 184 101 228 165 122 233 170 127 214 171 173 150 237 194 150 151 238 175 132 239 172 129 196 153 150 106 115 202 159 246 203 156 243 219 176 133 170 127 234 191 128 151 238 234 191 128 140 227 184 140 228 240 177 115 0 132 206 111 166 220 145 200 104 159 214 138 193 247 152 207 
145 232 157 114 243 200 137 225 181 178 149 237 193 150 107 234 171 128 235 211 172 109 105 193 228 102 209 166 103 210 226 164 120 227 184 146 233 190 127 214 235 192 149 106 193 213 150 238 194 132 215 172 109 216 212 149 177 245 202 158 115 218 136 132 239 176 233 190 146 103 190 194 131 147 234 191 202 120 226 203 140 153 240 177 132 0 164 219 123 178 102 157 212 116 171 246 150 205 110 184 
208 145 220 157 136 243 180 137 244 240 212 149 106 193 150 146 233 190 147 104 235 152 148 105 121 165 102 209 166 123 139 226 183 120 227 188 126 232 169 126 128 105 192 149 106 106 193 150 107 194 128 234 172 128 105 212 220 157 114 221 158 111 198 194 132 238 145 102 189 146 103 106 193 210 147 234 245 182 139 246 203 196 133 240 206 164 0 121 195 100 155 210 134 189 243 148 203 127 182 236 
100 207 113 219 199 156 243 200 156 148 124 192 149 106 212 189 126 233 210 167 127 214 211 168 184 227 165 121 209 165 182 119 226 183 139 101 188 145 232 189 191 167 105 211 148 169 106 193 150 107 170 127 214 171 167 124 133 220 177 114 221 174 111 237 194 151 188 145 102 209 146 169 106 102 209 146 157 245 201 158 115 108 195 132 111 219 121 0 114 188 243 147 202 126 181 236 140 195 120 174 
143 100 175 132 131 198 155 242 199 210 167 104 211 168 105 102 189 146 103 229 190 127 123 210 246 120 207 164 121 228 244 181 138 245 202 163 231 188 145 232 234 210 147 124 211 231 168 105 212 149 233 190 127 234 210 167 175 113 219 176 133 216 153 150 107 194 101 207 164 101 208 212 149 165 102 209 200 157 244 201 158 171 108 195 166 123 195 114 0 126 180 235 140 194 119 174 228 133 188 112 
206 162 238 175 174 111 198 155 112 123 230 167 124 211 168 164 232 188 165 122 233 170 166 123 159 183 120 227 184 121 157 244 201 158 245 206 143 100 187 144 146 123 210 167 124 124 211 148 105 212 145 233 170 146 123 230 238 175 132 239 176 129 216 212 149 106 163 120 207 164 121 124 211 208 164 102 113 200 157 114 220 213 151 238 220 178 100 188 126 0 138 193 247 152 207 131 186 240 145 200 
249 225 130 237 236 173 111 217 174 166 123 210 167 123 230 207 144 101 228 184 145 232 229 166 202 245 182 139 246 183 200 137 244 200 157 119 206 163 100 187 209 185 122 229 166 187 124 211 168 124 188 145 232 189 185 142 151 238 175 132 238 191 129 105 212 169 206 163 120 227 164 187 104 120 227 164 175 112 219 176 133 126 213 150 145 102 155 243 180 138 0 130 185 109 164 219 124 198 103 157 
141 118 193 150 129 216 173 130 217 228 185 122 229 186 123 120 207 164 120 247 208 145 141 228 114 138 225 182 139 246 112 199 156 113 220 162 249 206 162 100 121 228 165 122 229 249 186 123 230 187 101 208 145 102 228 185 193 130 237 194 151 234 191 168 124 212 118 225 182 119 226 230 167 183 120 207 238 175 112 219 176 189 126 213 200 157 210 147 235 193 130 0 159 214 118 193 248 152 207 112 
204 180 236 193 192 129 216 173 130 141 248 185 142 229 186 162 249 206 183 140 101 188 184 141 177 201 138 245 201 139 175 112 219 156 113 224 161 118 205 162 164 141 228 185 141 142 229 166 123 230 163 120 207 144 141 248 106 193 150 107 194 147 234 230 167 124 181 118 225 182 139 142 229 225 182 139 131 218 175 131 238 231 168 125 104 212 134 202 140 247 185 159 0 152 206 131 185 240 145 199 
247 243 148 105 104 191 128 235 172 184 140 228 184 141 248 225 162 119 245 202 163 100 246 184 219 113 200 157 244 201 217 155 111 218 175 137 224 181 118 205 227 203 140 247 184 204 142 229 185 142 206 163 100 207 203 140 168 105 212 149 106 209 146 123 230 187 224 181 138 244 201 185 122 138 245 182 193 130 237 194 131 144 231 188 159 116 189 126 194 152 109 214 152 0 144 199 123 178 232 137 
159 136 211 168 147 234 171 148 235 246 203 140 247 204 141 137 225 181 138 115 226 163 139 246 132 156 243 200 157 114 130 217 174 131 238 179 117 223 161 117 139 246 183 140 247 117 204 141 248 205 119 225 163 119 246 203 211 148 105 212 169 122 189 185 142 229 136 243 200 137 244 247 184 201 138 245 106 173 130 107 194 206 144 126 214 171 243 181 119 207 164 118 206 144 0 156 211 135 190 122 
202 198 123 210 210 147 234 191 147 159 246 203 160 247 203 180 117 224 201 158 118 205 202 159 175 218 156 112 219 156 193 130 236 174 130 242 179 136 223 180 182 158 246 202 159 160 247 184 141 248 181 118 225 162 159 167 124 211 168 105 212 165 102 228 185 142 199 136 243 200 157 160 247 243 200 157 148 236 192 149 106 249 186 200 138 246 148 236 174 131 219 193 131 199 156 0 196 101 155 230 
245 241 166 123 122 209 146 103 190 201 158 245 202 159 116 243 180 137 244 220 181 118 114 201 237 111 218 175 112 219 235 172 129 236 213 154 242 198 136 242 244 221 178 115 202 222 159 246 203 160 244 181 118 225 221 229 186 123 230 167 124 227 164 141 248 185 242 199 155 112 199 203 140 156 113 200 211 148 105 212 149 162 249 105 193 150 203 140 228 186 124 248 185 123 211 196 0 188 113 167 
157 153 229 166 165 102 189 146 103 114 221 158 115 202 159 155 242 199 156 133 243 181 157 114 150 174 111 218 175 131 148 235 192 149 106 197 134 241 198 135 137 114 221 158 115 135 202 159 116 203 156 243 180 137 114 122 229 166 123 230 187 120 207 203 160 247 154 111 198 155 112 115 202 218 156 112 104 191 148 124 212 224 142 160 247 205 127 195 133 240 198 152 240 178 135 101 188 0 201 105 
200 216 141 228 227 165 102 208 165 177 114 221 177 114 221 198 135 242 219 175 136 223 220 177 193 236 173 130 217 174 210 147 104 191 168 110 197 154 241 198 200 176 133 220 177 178 115 202 159 116 199 136 243 200 176 185 142 229 186 123 229 182 120 246 203 160 217 154 111 218 174 178 115 111 218 175 166 103 210 187 124 117 204 214 152 110 182 120 188 145 103 207 145 232 190 155 113 201 0 193 
113 109 184 141 140 227 164 121 208 219 176 113 220 177 205 111 198 155 111 238 199 136 132 219 105 129 236 193 130 237 103 190 147 104 211 172 109 216 153 110 112 219 176 133 220 240 177 114 221 178 111 199 136 243 239 247 184 121 228 185 142 245 182 159 116 203 110 216 173 130 217 221 158 174 131 218 229 166 103 230 167 180 117 119 207 184 236 174 112 200 157 112 199 137 122 230 167 105 193 0 

4356 0 47 2819
4775 0 98 3902
4476 0 98 3274
4182 0 98 3310
2900 0 98 4539
3729 0 98 2857
4299 0 98 3426
2686 0 98 4326
4777 0 98 3904
3690 0 98 2819
4320 1 99 3448
3898 1 99 3027
3476 1 99 2605
4178 1 99 3306
3425 1 99 2554
4127 1 99 3255
3705 1 99 2833
4665 1 99 3792
4243 1 99 3041
3491 1 99 2620
3459 2 0 2588
3428 3 0 2557
3396 4 0 2525
3365 5 0 4674
3003 6 0 4642
2972 7 0 4611
2940 8 0 4579
2909 9 0 4548
2877 10 1 4517
2846 11 1 4485
2814 12 1 4454
2783 13 1 4422
2752 14 1 4391
2967 15 1 4606
3266 16 1 4905
3565 17 1 2694
3864 18 2 2993
4164 19 2 3622
4793 20 2 3920
2579 21 2 4219
2879 22 2 4518
3178 23 2 4817
3477 24 2 2936
4106 25 2 3234
4405 26 3 3533
4705 27 3 3832
5004 28 3 4131
3120 29 3 4759
3420 30 3 2548
3719 31 3 2847
4018 32 3 3476
4317 33 3 3775
4946 34 3 4073
2733 35 4 4372
3032 36 4 4671
3331 37 4 2790
3630 38 4 3089
4260 39 4 3387
4559 40 4 3686
4858 41 4 3985
2644 42 4 4614
2943 43 5 4913
2521 43 5 4161
5003 44 5 4130
4581 44 5 3708
4331 45 5 3459
4239 45 5 3367
4208 46 5 3336
3456 46 5 2585
3424 47 5 2553
4854 47 6 3981
4823 98 6 3950
4070 98 6 3199
4039 99 6 3167
3287 99 6 4595

30530

0 514 32
1 943 27
2 622 42
3 677 41
4 338 26
5 551 37
6 371 22
7 387 36
8 404 21
9 261 40
10 278 25
11 749 40
12 469 25
13 486 44
14 957 28
15 776 43
16 497 28
17 552 37
18 272 22
19 743 40
20 464 25
21 935 40
22 655 25
23 475 40
24 945 29
25 666 44
26 387 29
27 858 43
28 578 28
29 398 43
30 868 32
31 589 47
32 310 32
33 851 25
34 571 39
35 292 24
36 763 39
37 582 24
38 303 39
39 774 28
40 494 43
41 965 28
42 785 42
43 505 27
44 976 46
45 697 31
46 417 46
47 888 31
48 609 46
49 330 31
50 899 49
51 620 34
52 340 49
53 811 34
54 532 49
55 253 38
56 723 23
57 543 38
58 263 22
59 734 37
60 455 22
61 926 41
62 745 26
63 466 41
64 936 26
65 731 23
66 452 38
67 922 23
68 742 38
69 462 23
70 933 41
71 654 22
72 375 37
73 845 26
74 566 41
75 287 26
76 856 49
77 577 33
78 298 48
79 768 37
80 489 22
81 960 37
82 680 22
83 500 37
84 970 22
85 691 36
86 412 25
87 883 30
88 702 45
89 423 30
90 893 45
91 614 33
92 335 48
93 806 33
94 526 48
95 346 37
96 816 22
97 537 37
98 258 21
99 729 36
