100 229 3

0 241 109 128 126 125 104 102 101 100 138 215 123 161 219 107 145 203 241 188 226 134 172 210 118 156 194 141 179 237 125 163 221 109 167 244 152 190 228 136 174 232 120 158 216 104 161 199 237 145 183 131 169 207 114 153 210 248 136 234 122 179 218 125 163 201 109 187 225 133 171 228 116 155 212 100 158 196 234 142 180 238 126 223 222 110 168 206 244 151 190 137 175 233 121 159 217 105 162 240 
241 0 101 100 249 137 175 232 231 119 177 215 103 161 199 146 184 242 130 168 226 114 172 249 137 195 233 141 179 217 125 202 110 148 206 244 132 190 228 175 213 101 159 197 235 143 181 128 166 224 112 170 208 246 154 231 119 177 215 123 161 199 107 184 242 130 188 226 114 172 210 118 156 194 102 140 197 235 123 221 109 167 205 243 150 188 227 174 232 120 158 215 104 161 199 127 185 223 111 169 
109 101 0 100 138 176 234 122 179 217 106 203 241 149 187 225 176 194 232 179 217 105 163 201 109 147 185 132 171 228 116 174 212 100 158 196 104 142 180 238 126 164 222 149 207 245 133 191 229 137 175 122 160 198 106 144 202 240 128 225 113 171 209 247 155 193 101 178 236 124 162 220 108 166 204 131 189 227 135 173 211 119 157 104 142 200 238 126 184 222 110 207 245 153 191 229 137 175 233 121 
128 100 100 0 220 108 166 244 132 189 227 135 173 211 119 197 104 142 200 238 126 184 222 169 208 246 153 191 229 137 175 233 121 159 217 105 163 201 239 186 224 132 170 228 116 154 212 139 197 235 123 181 219 127 165 112 150 188 246 134 192 230 118 215 103 161 199 237 145 183 221 168 226 114 152 210 248 156 194 121 179 217 105 163 201 109 147 244 132 170 228 116 174 212 100 197 235 143 181 219 
126 249 138 220 0 116 154 192 100 138 196 123 181 219 107 165 203 111 149 226 134 172 230 118 156 214 102 140 198 236 143 181 220 127 165 113 151 208 247 135 192 230 138 216 104 162 200 107 145 183 241 169 227 115 172 210 249 156 194 142 180 218 125 164 162 200 238 185 243 131 169 227 115 153 211 139 196 234 122 180 218 126 164 111 149 188 245 133 191 229 117 234 232 231 210 118 156 213 101 199 
125 137 176 108 116 0 224 172 210 248 155 193 101 139 177 125 163 220 109 147 204 242 150 228 135 174 212 119 157 215 103 181 239 127 165 222 111 168 206 154 192 249 137 176 233 121 159 107 145 203 241 129 186 224 132 170 208 116 154 212 100 138 196 123 181 219 127 165 203 111 149 246 134 172 230 118 156 214 102 199 237 145 183 241 129 167 225 113 151 209 247 155 193 231 138 216 234 122 160 218 
104 175 234 166 154 224 0 191 229 137 175 102 160 198 106 144 182 240 128 225 224 112 170 208 246 154 192 139 177 235 123 161 219 107 164 242 130 188 226 134 172 210 118 195 103 141 199 237 125 183 221 168 206 244 152 190 248 136 174 121 159 217 105 163 201 239 146 224 112 170 208 116 154 192 100 177 235 123 181 219 107 165 203 110 148 187 244 132 190 228 116 214 102 159 197 235 143 181 239 167 
102 232 122 244 192 172 191 0 197 235 123 181 219 127 165 203 111 149 187 245 133 191 229 156 214 102 160 198 149 147 205 133 191 229 117 174 212 120 158 106 144 182 239 128 185 223 111 209 247 135 193 231 138 176 214 162 220 108 146 203 241 130 187 115 173 211 249 156 195 102 140 238 126 164 222 110 167 205 243 191 229 137 175 213 120 158 216 144 202 240 128 185 224 131 169 247 155 193 231 139 
101 231 179 132 100 210 229 197 0 207 245 133 191 229 137 175 213 121 159 106 144 202 240 128 186 224 132 209 247 155 193 101 139 177 235 162 220 108 166 204 242 150 188 246 134 172 230 118 156 213 101 199 237 125 183 221 128 167 205 152 190 248 136 193 232 120 177 105 163 201 239 147 185 242 130 228 116 154 212 100 157 195 234 181 219 127 165 203 111 149 187 134 192 230 118 176 214 102 159 237 
100 119 217 189 138 248 137 235 207 0 194 101 139 197 235 183 221 109 166 205 112 150 188 136 174 231 120 158 215 103 161 239 147 185 223 130 168 226 114 152 210 248 156 194 232 140 178 105 163 201 109 147 185 243 131 228 116 174 212 100 158 196 104 181 219 127 165 223 111 149 207 134 192 230 138 176 175 213 101 198 236 124 182 220 128 166 204 151 209 247 135 193 231 119 177 104 162 200 238 146 
138 177 106 227 196 155 175 123 245 194 0 117 155 193 101 139 197 235 123 220 109 166 204 112 150 188 246 174 212 119 157 215 103 141 199 146 184 222 130 168 206 114 152 249 137 176 233 121 179 217 105 203 241 148 186 244 132 170 228 156 213 101 139 197 235 143 181 219 127 165 203 111 149 207 245 192 230 138 176 214 122 160 198 145 183 241 129 167 225 113 171 248 156 194 232 140 178 236 124 162 
215 215 203 135 123 193 102 181 133 101 117 0 175 213 121 218 106 144 202 240 128 186 224 171 209 247 155 193 101 139 177 124 123 181 219 107 164 202 110 188 246 134 172 229 118 175 213 141 199 237 144 183 221 128 166 114 152 210 248 136 193 231 120 217 105 163 201 239 146 185 242 170 228 116 154 212 100 157 195 123 181 219 127 165 203 110 148 246 134 192 230 118 175 214 121 159 197 105 143 201 
123 103 241 173 181 101 160 219 191 139 155 175 0 181 219 127 165 203 111 188 246 134 192 230 118 176 214 122 160 198 106 144 201 239 128 225 113 171 209 247 115 114 152 249 137 195 233 121 179 217 124 202 240 148 186 244 132 170 228 155 213 101 159 197 235 143 181 128 166 204 112 150 208 246 134 231 119 177 215 123 161 199 107 184 222 130 168 226 114 152 210 157 195 233 141 179 217 125 163 110 
161 161 149 211 219 139 198 127 229 197 193 213 181 0 239 186 224 132 170 228 116 154 211 249 157 195 233 141 179 237 125 203 110 148 186 244 132 190 228 175 213 101 159 197 105 143 181 128 167 224 112 150 208 246 154 192 230 138 176 234 122 160 218 145 203 241 149 187 225 133 171 118 156 194 102 140 178 236 124 221 109 167 205 243 151 189 247 174 212 120 158 216 104 142 200 127 185 223 131 169 
219 199 187 119 107 177 106 165 137 235 101 121 219 239 0 245 153 191 229 176 214 122 160 218 106 144 202 129 187 225 113 171 209 247 155 102 140 178 236 124 162 220 108 205 243 131 189 227 135 173 211 119 157 214 102 140 198 236 144 222 129 167 206 113 151 209 247 175 232 121 178 216 104 162 200 148 186 243 131 169 227 115 153 101 139 196 234 123 121 159 217 144 202 240 148 186 224 132 170 117 
107 146 225 197 165 125 144 203 175 183 139 218 127 186 245 0 139 118 176 214 102 160 198 145 183 241 129 167 225 113 171 248 136 194 232 140 178 216 124 201 109 147 205 243 131 189 227 174 212 100 158 196 234 142 180 127 165 223 111 169 207 245 153 230 118 176 214 122 160 198 106 183 241 129 187 225 113 171 209 117 155 193 101 139 196 235 123 220 108 166 204 242 150 188 226 173 231 119 157 215 
145 184 176 104 203 163 182 111 213 221 197 106 165 224 153 139 0 197 235 162 181 219 127 165 203 110 149 246 134 172 230 118 175 214 102 199 237 145 183 241 129 167 224 152 151 208 246 154 192 230 138 216 123 161 199 107 145 203 241 188 226 114 172 210 118 156 194 141 179 237 125 163 221 109 167 245 152 190 228 136 174 232 120 198 105 143 181 239 127 185 223 170 208 116 154 192 100 138 176 124 
203 242 194 142 111 220 240 149 121 109 235 144 203 132 191 118 197 0 144 202 240 128 186 113 171 209 117 155 193 101 139 236 124 162 220 108 146 204 242 149 188 226 133 171 229 117 155 103 141 198 236 144 143 141 199 127 165 223 111 149 206 244 152 230 138 176 233 121 160 217 105 183 241 129 186 225 113 170 208 156 194 102 140 178 235 123 181 109 147 205 243 150 188 227 134 212 120 158 215 104 
241 130 232 200 149 109 128 187 159 166 123 202 111 170 229 176 235 144 0 111 149 206 244 132 190 228 136 214 102 159 198 105 143 181 239 127 185 223 111 169 207 115 153 100 138 176 234 122 180 218 106 203 241 149 187 225 133 171 209 156 214 102 140 198 236 124 182 220 128 166 204 112 150 207 245 173 231 119 177 215 103 160 199 146 184 242 130 168 225 114 171 249 137 195 233 141 179 217 124 202 
188 168 179 238 226 147 225 245 106 205 220 240 188 228 176 214 162 202 111 0 208 115 153 101 139 196 235 123 180 218 126 204 242 150 188 245 133 171 229 157 215 103 160 198 237 144 182 130 168 206 113 152 209 247 135 233 121 179 217 124 162 200 108 146 184 242 130 188 226 114 172 249 157 195 233 141 179 237 125 222 110 148 206 244 152 190 228 175 213 121 159 197 105 143 201 128 186 224 112 170 
226 226 217 126 134 204 224 133 144 112 109 128 246 116 214 102 181 240 149 208 0 103 161 199 107 145 183 119 248 156 194 102 140 178 236 163 221 109 167 205 243 151 189 136 174 212 120 158 216 104 142 239 127 185 223 131 169 207 115 192 100 138 176 234 122 160 218 165 203 241 149 187 245 133 171 118 156 194 102 140 198 236 124 221 109 167 205 113 151 189 247 174 232 120 158 216 104 162 200 147 
134 114 105 184 172 242 112 191 202 150 166 186 134 154 122 160 219 128 206 115 103 0 229 137 175 233 121 159 216 104 162 240 135 162 160 159 177 176 174 232 231 229 228 246 245 243 242 150 148 147 165 164 162 161 179 217 216 215 213 212 230 229 227 135 134 132 131 149 148 146 145 203 201 200 218 217 215 214 232 120 119 118 136 135 133 151 150 188 187 205 204 202 201 219 218 106 104 123 121 120 
172 172 163 222 230 150 170 229 240 188 204 224 192 211 160 198 127 186 244 153 161 229 0 204 242 130 188 116 173 211 100 157 195 103 141 238 126 165 222 110 168 206 244 192 230 118 175 213 121 159 197 105 143 201 239 127 185 223 131 208 116 154 192 100 248 247 155 232 140 178 216 124 162 200 108 205 243 131 189 227 115 173 211 158 196 234 142 180 238 126 164 111 149 207 245 153 191 229 137 214 
210 249 201 169 118 228 208 156 128 136 112 171 230 249 218 145 165 113 132 101 199 137 204 0 151 189 247 135 193 231 119 216 124 162 200 108 146 184 242 169 227 115 153 211 249 157 195 142 180 218 126 164 222 110 148 245 133 191 229 117 175 213 121 198 106 144 182 240 128 186 224 151 209 247 155 193 231 139 177 215 123 161 219 107 145 203 241 188 226 134 172 210 118 156 213 141 179 237 125 183 
118 137 109 208 156 135 246 214 186 174 150 209 118 157 106 183 203 171 190 139 107 175 242 151 0 157 195 143 181 239 127 184 222 110 168 246 134 192 230 137 175 214 121 199 107 145 202 241 129 186 224 172 210 248 156 194 101 139 177 125 163 221 109 166 204 243 150 228 136 174 212 120 158 215 103 201 239 127 185 223 130 168 206 154 192 230 138 176 233 122 160 107 145 203 241 148 187 225 132 210 
156 195 147 246 214 174 154 102 224 231 188 247 176 195 144 241 110 209 228 196 145 233 130 189 157 0 183 221 129 167 225 152 210 248 136 194 232 140 178 237 236 214 122 160 198 106 144 241 130 168 225 113 151 209 247 195 233 140 178 236 124 162 220 148 186 243 132 189 227 115 173 101 159 197 104 142 180 238 126 224 112 150 207 245 153 191 229 177 215 122 161 218 106 144 202 130 187 226 114 171 
194 233 185 153 102 212 192 160 132 120 246 155 214 233 202 129 149 117 136 235 183 121 188 247 195 183 0 242 130 188 226 114 172 210 118 156 194 101 140 197 235 123 181 109 107 165 203 111 149 187 245 172 230 118 176 214 102 160 198 145 183 221 129 167 225 113 151 248 247 155 193 231 139 177 215 162 220 108 146 204 242 149 187 115 173 211 249 157 195 102 141 238 126 164 222 110 167 206 244 191 
141 141 132 191 140 119 139 198 209 158 174 193 122 141 129 167 246 155 214 123 119 159 116 135 143 221 242 0 150 207 245 133 191 229 137 175 213 121 159 106 144 202 240 128 186 224 132 209 247 155 193 101 139 177 235 162 220 108 166 204 242 150 188 246 134 172 230 118 176 214 102 199 237 125 183 221 239 238 126 223 111 169 207 245 153 191 249 176 214 122 160 218 106 144 202 129 187 225 133 171 
179 179 171 229 198 157 177 149 247 215 212 101 160 179 187 225 134 193 102 180 248 216 173 193 181 129 130 150 0 227 115 173 211 249 157 234 142 180 238 126 164 222 110 207 245 133 191 229 137 175 213 160 198 106 144 202 240 128 186 224 131 169 207 115 153 191 249 177 234 123 161 218 106 164 202 149 188 226 133 171 229 117 155 103 141 198 236 125 182 220 128 166 204 112 150 208 246 134 192 119 
237 217 228 137 236 215 235 147 155 103 119 139 198 237 225 113 172 101 159 218 156 104 211 231 239 167 188 207 227 0 194 121 159 217 105 163 201 239 147 224 132 170 228 116 154 212 100 197 235 123 181 219 107 165 203 150 188 246 134 192 230 118 176 103 141 199 237 145 183 221 129 206 114 152 210 248 136 194 232 179 217 105 163 201 109 147 185 243 131 188 227 115 172 210 248 196 104 142 180 237 
125 125 116 175 143 103 123 205 193 161 157 177 106 125 113 171 230 139 198 126 194 162 100 119 127 225 226 245 115 194 0 129 167 205 113 190 248 136 174 232 120 178 216 163 201 239 147 185 243 131 169 224 112 150 208 246 153 191 229 177 215 123 161 199 106 145 183 130 188 226 114 171 210 117 155 233 141 179 217 125 163 220 108 206 244 132 190 228 135 173 212 159 197 105 143 181 239 127 184 112 
163 202 174 233 181 181 161 133 101 239 215 124 144 203 171 248 118 236 105 204 102 240 157 216 184 152 114 133 173 121 129 0 112 170 208 246 154 192 100 177 215 123 161 219 107 145 203 241 149 187 225 133 171 228 116 214 212 100 138 196 234 142 180 127 165 203 111 149 207 245 133 230 118 176 214 102 160 198 106 184 182 240 128 186 224 112 170 247 155 193 101 139 177 235 123 220 108 146 204 242 
221 110 212 121 220 239 219 191 139 147 103 123 201 110 209 136 175 124 143 242 140 135 195 124 222 210 172 191 211 159 167 112 0 190 228 175 213 101 159 197 105 143 181 238 127 165 222 110 168 206 244 192 249 137 175 233 121 159 217 145 202 240 129 186 224 132 170 117 155 194 101 139 197 235 123 181 219 127 165 203 111 149 207 134 172 230 118 156 174 173 211 158 196 104 142 200 238 126 184 111 
109 148 100 159 127 127 107 229 177 185 141 181 239 148 247 194 214 162 181 150 178 162 103 162 110 248 210 229 249 217 205 170 190 0 247 155 193 231 139 216 124 162 200 108 146 204 242 189 227 115 173 211 119 157 195 142 180 238 126 164 222 110 168 245 153 191 229 137 175 233 121 159 217 105 162 201 239 146 184 112 170 208 116 154 192 249 138 235 123 181 219 107 164 203 110 188 226 134 172 230 
167 206 158 217 165 165 164 117 235 223 199 219 128 186 155 232 102 220 239 188 236 160 141 200 168 136 118 137 157 105 113 208 228 247 0 103 141 199 237 145 183 221 129 206 114 152 190 248 136 194 232 179 217 105 163 201 109 147 185 132 170 228 116 154 212 100 158 235 143 181 219 127 165 223 111 188 246 134 172 230 118 176 214 161 199 237 145 183 241 129 167 114 152 210 248 136 194 232 140 178 
244 244 196 105 113 222 242 174 162 130 146 107 225 244 102 140 199 108 127 245 163 159 238 108 246 194 156 175 234 163 190 246 175 155 103 0 200 238 146 224 131 169 207 115 153 211 249 196 234 123 180 218 126 164 202 149 188 245 133 171 229 117 155 160 198 106 144 182 240 128 186 113 171 209 247 155 193 101 139 217 124 162 220 108 146 204 242 189 227 135 173 211 119 157 215 142 180 238 126 184 
152 132 104 163 151 111 130 212 220 168 184 164 113 132 140 178 237 146 185 133 221 177 126 146 134 232 194 213 142 201 248 154 213 193 141 200 0 154 192 100 138 176 233 161 219 107 145 203 241 148 187 134 172 210 118 156 213 102 140 197 235 123 181 219 127 165 203 150 149 207 245 133 191 229 137 214 102 160 198 106 144 182 240 167 225 113 171 209 247 155 193 140 139 177 234 122 161 218 106 204 
190 190 142 201 208 168 188 120 108 226 222 202 171 190 178 216 145 204 223 171 109 176 165 184 192 140 101 121 180 239 136 192 101 231 199 238 154 0 211 158 197 235 142 180 238 126 164 112 169 207 245 153 191 229 137 175 233 121 159 217 105 163 201 128 186 224 132 170 208 116 154 101 139 197 235 123 181 219 127 204 242 150 188 226 134 172 230 118 156 214 102 159 198 236 143 221 129 167 224 113 
228 228 180 239 247 206 226 158 166 114 130 110 209 228 236 124 183 242 111 229 167 174 222 242 230 178 140 159 238 147 174 100 159 139 237 146 192 211 0 178 216 124 162 109 147 185 243 131 189 227 115 212 100 158 196 234 142 180 238 165 223 111 149 207 245 153 191 118 176 214 122 160 198 106 144 241 129 187 225 113 171 209 247 155 193 101 139 177 235 123 180 108 146 204 242 150 188 226 133 211 
136 175 238 186 135 154 134 106 204 152 168 188 247 175 124 201 241 149 169 157 205 232 110 169 137 237 197 106 126 224 232 177 197 216 145 224 100 158 178 0 184 222 110 168 206 114 152 249 137 175 233 121 179 217 105 202 240 148 186 224 132 170 208 155 213 101 139 197 235 143 181 108 166 204 242 150 188 246 134 231 119 157 215 103 161 199 237 184 222 130 168 206 114 152 210 137 195 233 121 179 
174 213 126 224 192 192 172 144 242 210 206 246 115 213 162 109 129 188 207 215 243 231 168 227 175 236 235 144 164 132 120 215 105 124 183 131 138 197 216 184 0 171 228 156 214 102 160 198 196 234 122 220 108 165 203 241 149 187 225 173 230 118 156 214 102 140 198 126 183 222 110 167 205 113 151 126 164 222 110 168 206 244 152 229 137 175 213 121 159 197 105 202 240 128 186 224 132 170 208 155 
232 101 164 132 230 249 210 182 150 248 114 134 114 101 220 147 167 226 115 103 151 229 206 115 214 214 123 202 222 170 178 123 143 162 221 169 176 235 124 222 171 0 205 243 150 189 227 174 212 120 158 196 104 142 199 127 185 223 111 169 207 114 152 230 138 176 234 122 160 217 106 163 201 239 147 185 243 131 169 116 115 153 211 249 157 195 233 180 218 126 164 222 110 148 206 133 191 229 117 175 
120 159 222 170 138 137 118 239 188 156 152 172 152 159 108 205 224 133 153 160 189 228 244 153 121 122 181 240 110 228 216 161 181 200 129 207 233 142 162 110 228 205 0 152 209 247 155 193 231 139 177 124 162 220 108 146 204 242 150 228 116 173 211 119 157 195 103 141 199 237 125 183 221 109 167 114 152 190 248 136 174 232 120 217 105 143 201 239 147 185 223 170 208 116 154 212 100 138 196 234 
158 197 149 228 216 176 195 128 246 194 249 229 249 197 205 243 152 171 100 198 136 246 192 211 199 160 109 128 207 116 163 219 238 108 206 115 161 180 109 168 156 243 152 0 189 227 135 213 121 159 197 104 142 181 238 186 224 112 169 208 246 153 191 139 177 215 123 161 218 106 144 242 130 188 226 133 171 210 117 195 103 141 179 236 125 182 220 168 206 244 152 190 247 135 173 231 119 177 215 103 
216 235 207 116 104 233 103 185 134 232 137 118 137 105 243 131 151 229 138 237 174 245 230 249 107 198 107 186 245 154 201 107 127 146 114 153 219 238 147 206 214 150 209 189 0 196 234 141 179 218 125 203 241 149 187 245 133 171 228 156 214 102 160 198 236 143 181 129 167 205 113 151 208 247 135 232 120 178 216 123 162 200 107 185 243 131 169 227 115 172 210 158 196 234 142 180 237 125 164 111 
104 143 245 154 162 121 141 223 172 140 176 175 195 143 131 189 208 117 176 144 212 243 118 157 145 106 165 224 133 212 239 145 165 204 152 211 107 126 185 114 102 189 247 227 196 0 202 129 167 225 113 151 209 247 155 232 140 178 216 124 103 161 199 146 184 222 130 168 226 114 152 249 137 195 233 141 179 217 125 202 110 148 186 244 132 170 228 203 221 200 108 146 204 242 130 227 115 173 211 249 
161 181 133 212 200 159 199 111 230 178 233 213 233 181 189 227 246 155 234 182 120 242 175 195 202 144 203 132 191 100 147 203 222 242 190 249 145 164 243 152 160 227 155 135 234 202 0 177 215 122 160 199 106 144 202 240 128 186 224 152 209 247 155 193 231 139 177 124 163 220 108 146 204 242 150 228 116 173 211 119 157 195 103 141 199 237 125 183 221 129 167 114 113 151 189 246 135 192 230 178 
199 128 191 139 107 107 237 209 118 105 121 141 121 128 227 174 154 103 122 130 158 150 213 142 241 241 111 209 229 197 185 241 110 189 248 196 203 112 131 249 198 174 193 213 141 129 177 0 234 142 180 218 126 164 222 149 187 245 133 191 229 117 175 102 160 198 106 144 182 240 128 225 113 151 209 247 155 193 231 139 177 215 123 161 218 106 145 242 150 188 226 133 171 210 117 195 103 141 179 237 
237 166 229 197 145 145 125 247 156 163 179 199 179 167 135 212 192 141 180 168 216 148 121 180 129 130 149 247 137 235 243 149 168 227 136 234 241 169 189 137 196 212 231 121 179 167 215 234 0 122 160 107 145 183 241 129 187 225 113 210 248 136 194 232 140 178 216 163 221 109 147 205 243 131 189 116 174 212 100 158 196 104 142 239 127 165 223 111 169 207 245 192 230 138 176 214 122 160 218 145 
145 224 137 235 183 203 183 135 213 201 217 237 217 224 173 100 230 198 218 206 104 147 159 218 186 168 187 155 175 123 131 187 206 115 194 123 148 207 227 175 234 120 139 159 218 225 122 142 122 0 108 166 204 242 150 247 135 173 231 119 157 215 103 200 238 127 184 222 130 168 206 153 192 249 137 195 233 121 179 107 164 202 240 148 186 244 132 229 117 155 213 101 159 197 235 182 221 128 166 204 
183 112 175 123 241 241 221 193 101 109 105 144 124 112 211 158 138 236 106 113 142 165 197 126 224 225 245 193 213 181 169 225 244 173 232 180 187 245 115 233 122 158 177 197 125 113 160 180 160 108 0 154 212 100 158 196 234 142 180 107 165 203 111 149 187 245 133 230 118 176 214 102 100 139 196 124 182 220 108 166 204 111 149 247 135 173 231 119 176 214 102 200 238 146 184 222 129 168 206 207 
131 170 122 181 169 129 168 231 199 147 203 183 202 150 119 196 216 144 203 152 239 164 105 164 172 113 172 101 160 219 224 133 192 211 179 218 134 153 212 121 220 196 124 104 203 151 199 218 107 166 154 0 246 134 192 119 157 215 103 161 199 237 145 183 241 129 167 224 113 170 208 156 194 232 140 178 235 123 161 109 147 185 243 131 188 227 115 212 120 158 196 103 142 180 237 125 183 221 109 167 
169 208 160 219 227 186 206 138 237 185 241 221 240 208 157 234 123 143 241 209 127 162 143 222 210 151 230 139 198 107 112 171 249 119 217 126 172 191 100 179 108 104 162 142 241 209 106 126 145 204 212 246 0 153 211 249 157 195 233 180 218 106 164 202 110 148 186 133 191 229 117 175 213 101 159 237 144 182 220 128 166 224 112 209 247 135 193 231 139 177 215 123 161 219 107 145 203 241 149 226 
207 246 198 127 115 224 244 176 125 243 148 128 148 246 214 142 161 141 149 247 185 161 201 110 248 209 118 177 106 165 150 228 137 157 105 164 210 229 158 217 165 142 220 181 149 247 144 164 183 242 100 134 153 0 191 119 176 215 103 160 198 106 144 222 130 168 225 113 152 209 247 195 233 140 178 217 124 162 220 148 186 244 132 189 227 115 173 101 159 197 104 142 180 238 126 204 112 150 207 246 
114 154 106 165 172 132 152 214 183 131 186 166 186 154 102 180 199 199 187 135 223 179 239 148 156 247 176 235 144 203 208 116 175 195 163 202 118 137 196 105 203 199 108 238 187 155 202 222 241 150 158 192 211 191 0 178 235 123 181 109 167 205 243 150 189 246 134 212 120 158 215 104 142 199 237 185 223 131 169 207 114 152 210 138 176 234 122 160 217 106 163 241 149 187 225 133 171 228 116 194 
153 231 144 112 210 170 190 162 221 228 244 114 244 192 140 127 107 127 225 233 131 217 127 245 194 195 214 162 202 150 246 214 233 142 201 149 156 175 234 202 241 127 146 186 245 232 240 149 129 247 196 119 249 119 178 0 223 131 169 227 115 153 211 138 196 234 122 180 218 126 164 111 149 187 245 133 191 229 117 214 102 140 198 236 235 123 181 108 166 204 242 150 188 246 134 211 119 157 215 103 
210 119 202 150 249 208 248 220 128 116 132 152 132 230 198 165 145 165 133 121 169 216 185 133 101 233 102 220 240 188 153 212 121 180 109 188 213 233 142 240 149 185 204 224 133 140 128 187 187 135 234 157 157 176 235 223 0 155 213 140 178 236 124 162 220 108 166 243 151 189 227 135 173 231 119 157 215 103 160 199 237 144 182 130 168 206 114 152 209 247 135 233 121 179 217 124 162 201 108 186 
248 177 240 188 156 116 136 108 167 174 170 210 170 138 236 223 203 223 171 179 207 215 223 191 139 140 160 108 128 246 191 100 159 238 147 245 102 121 180 148 187 223 242 112 171 178 186 245 225 173 142 215 195 215 123 131 155 0 232 120 158 216 104 201 239 127 185 223 131 169 207 154 192 100 138 196 234 122 180 107 165 203 241 149 187 225 133 230 118 156 214 102 140 198 236 183 221 109 167 205 
136 215 128 246 194 154 174 146 205 212 228 248 228 176 144 111 241 111 209 217 115 213 131 229 177 178 198 166 186 134 229 138 217 126 185 133 140 159 238 186 225 111 150 169 228 216 224 133 113 231 180 103 233 103 181 169 213 232 0 140 197 235 124 181 219 107 165 243 151 189 227 134 172 230 118 216 104 142 199 237 145 183 221 169 207 114 153 191 248 136 194 122 179 218 106 163 201 109 147 225 
234 123 225 134 142 212 121 203 152 100 156 136 155 234 222 169 188 149 156 124 192 212 208 117 125 236 145 204 224 192 177 196 145 164 132 171 197 217 165 224 173 169 228 208 156 124 152 191 210 119 107 161 180 160 109 227 140 120 140 0 146 184 242 130 168 226 114 171 209 247 155 233 141 179 217 124 163 220 108 206 244 132 190 228 135 173 211 159 197 105 143 181 238 126 165 112 170 208 246 153 
122 161 113 192 180 100 159 241 190 158 213 193 213 122 129 207 226 206 214 162 100 230 116 175 163 124 183 242 131 230 215 234 202 222 170 229 235 105 223 132 230 207 116 246 214 103 209 229 248 157 165 199 218 198 167 115 178 158 197 146 0 158 196 234 142 180 238 165 203 111 149 207 245 133 191 118 176 214 122 160 198 106 144 241 129 167 225 113 151 209 247 194 232 140 178 236 215 103 161 238 
179 199 171 230 218 138 217 130 248 196 101 231 101 160 167 245 114 244 102 200 138 229 154 213 221 162 221 150 169 118 123 142 240 110 228 117 123 163 111 170 118 114 173 153 102 161 247 117 136 215 203 237 106 106 205 153 236 216 235 184 158 0 218 145 203 241 149 187 225 133 171 118 156 194 102 140 198 236 124 221 109 167 205 113 151 189 247 135 193 231 119 177 215 122 161 238 146 184 222 130 
218 107 209 118 125 196 105 187 136 104 139 120 159 218 206 153 172 152 140 108 176 227 192 121 109 220 129 188 207 176 161 180 129 168 116 155 181 201 149 208 156 152 211 191 160 199 155 175 194 103 111 145 164 144 243 211 124 104 124 242 196 218 0 125 183 221 109 207 114 152 190 248 136 194 232 160 217 106 144 201 239 147 185 133 171 209 116 154 212 100 138 236 124 181 219 108 165 203 111 189 
125 184 247 215 164 123 163 115 193 181 197 217 197 145 113 230 210 230 198 146 234 135 100 198 166 148 167 246 115 103 199 127 186 245 154 160 219 128 207 155 214 230 119 139 198 146 193 102 232 200 149 183 202 222 150 138 162 201 181 130 234 145 125 0 203 241 149 187 225 132 171 118 156 214 102 140 197 236 143 221 109 167 205 113 151 189 246 174 232 120 178 216 104 161 199 147 185 223 131 169 
163 242 155 103 162 181 201 173 232 219 235 105 235 203 151 118 118 138 236 184 122 134 248 106 204 186 225 134 153 141 106 165 224 153 212 198 127 186 245 213 102 138 157 177 236 184 231 160 140 238 187 241 110 130 189 196 220 239 219 168 142 203 183 203 0 209 247 194 232 120 178 216 124 162 200 108 146 204 242 130 188 226 133 211 249 157 195 233 141 179 236 164 222 110 168 206 244 152 190 117 
201 130 193 161 200 219 239 211 120 127 143 163 143 241 209 176 156 176 124 242 160 132 247 144 243 243 113 172 191 199 145 203 132 191 100 106 165 224 153 101 140 176 195 215 143 222 139 198 178 127 245 129 148 168 246 234 108 127 107 226 180 241 221 241 209 0 105 143 181 238 127 184 222 110 168 206 114 152 190 137 175 233 121 159 217 105 143 240 148 186 224 132 170 228 116 194 101 139 177 235 
109 188 101 199 238 127 146 249 177 165 181 201 181 149 247 214 194 233 182 130 218 131 155 182 150 132 151 230 249 237 183 111 170 229 158 144 203 132 191 139 198 234 103 123 181 130 177 106 216 184 133 167 186 225 134 122 166 185 165 114 238 149 109 149 247 105 0 197 105 143 201 239 127 185 223 170 208 246 154 192 100 138 176 123 161 219 107 165 203 241 149 226 114 172 210 118 156 194 102 140 
187 226 178 237 185 165 224 156 105 223 219 239 128 187 175 122 141 121 220 188 165 149 232 240 228 189 248 118 177 145 130 149 117 137 235 182 150 170 118 197 126 122 141 161 129 168 124 144 163 222 230 224 133 113 212 180 243 223 243 171 165 187 207 187 194 143 197 0 235 123 161 108 147 204 242 150 188 226 134 212 119 157 195 103 141 199 237 184 222 110 168 206 114 152 190 137 175 233 121 159 
225 114 236 145 243 203 112 195 163 111 127 146 166 225 232 160 179 160 128 226 203 148 140 128 136 227 247 176 234 183 188 207 155 175 143 240 149 208 176 235 183 160 199 218 167 226 163 182 221 130 118 113 191 152 120 218 151 131 151 209 203 225 114 225 232 181 105 235 0 222 129 167 186 184 222 170 208 115 154 192 249 137 195 123 161 219 107 145 202 240 148 226 134 172 229 117 156 213 101 179 
133 172 124 183 131 111 170 102 201 149 165 185 204 133 121 198 237 217 166 114 241 146 178 186 174 115 155 214 123 221 226 245 194 233 181 128 207 116 214 143 222 217 237 106 205 114 220 240 109 168 176 170 229 209 158 126 189 169 189 247 111 133 152 132 120 238 143 123 222 0 149 246 134 172 230 118 176 214 102 199 237 145 183 221 129 167 205 113 151 209 247 135 193 231 138 216 124 162 200 108 
171 210 162 221 169 149 208 140 239 207 203 242 112 171 178 106 125 105 204 172 149 145 216 224 212 173 193 102 161 129 114 133 101 121 219 186 245 154 122 181 110 106 125 144 113 152 108 128 147 206 214 208 117 247 215 164 227 207 227 155 149 171 190 171 178 127 201 161 129 149 0 194 233 140 178 126 164 202 110 148 205 243 131 189 227 115 173 211 119 157 195 142 180 238 126 184 222 110 168 245 
228 118 220 168 227 246 116 238 147 134 111 170 150 118 216 183 163 183 112 249 187 203 124 151 120 101 231 199 218 206 171 230 139 159 127 113 133 101 160 108 167 163 183 242 151 249 146 225 205 153 102 156 175 195 104 111 135 154 134 233 207 118 248 118 216 184 239 108 167 246 194 0 216 104 162 200 108 146 184 131 169 227 115 153 211 249 137 234 142 180 218 126 164 202 110 187 245 133 171 229 
116 156 108 226 115 134 154 126 185 192 149 228 208 156 104 241 221 241 150 157 245 201 162 209 158 159 139 237 106 114 210 118 197 217 165 171 191 139 198 166 205 201 221 130 208 137 204 113 243 192 100 194 213 233 142 149 173 192 172 141 245 156 136 156 124 222 127 147 186 134 233 216 0 143 181 109 127 165 203 111 149 207 245 172 230 118 176 214 102 160 198 145 183 241 129 167 225 113 171 248 
155 194 166 114 153 172 192 164 242 230 207 116 246 194 162 129 109 129 207 195 133 200 200 247 215 197 177 125 164 152 117 176 235 105 223 209 229 197 106 204 113 239 109 188 247 195 242 151 131 249 139 232 101 140 199 187 231 100 230 179 133 194 194 214 162 110 185 204 184 172 140 104 143 0 240 128 186 224 132 209 117 155 193 101 100 248 156 234 122 179 217 125 163 201 109 206 244 132 190 228 
212 102 204 152 211 230 100 222 130 138 245 154 134 102 200 187 167 186 245 233 171 218 108 155 103 104 215 183 202 210 155 214 123 162 111 247 137 235 144 242 151 147 167 226 135 233 150 209 189 137 196 140 159 178 237 245 119 138 118 217 191 102 232 102 200 168 223 242 222 230 178 162 181 240 0 207 245 153 191 229 137 175 232 160 198 106 144 182 240 128 186 113 171 209 117 155 193 171 209 117 
100 140 131 210 139 118 177 110 228 176 192 212 231 140 148 225 245 225 173 141 118 217 205 193 201 142 162 221 149 248 233 102 181 201 188 155 214 123 241 150 126 185 114 133 232 141 228 247 116 195 124 178 237 217 185 133 157 196 216 124 118 140 160 140 108 206 170 150 170 118 126 200 109 128 207 0 133 171 210 157 195 103 141 198 237 125 182 110 168 206 244 152 190 247 135 174 231 119 177 215 
158 197 189 248 196 156 235 167 116 175 230 100 119 178 186 113 152 113 231 179 156 215 243 231 239 180 220 239 188 136 141 160 219 239 246 193 102 181 129 188 164 243 152 171 120 179 116 155 174 233 182 235 144 124 223 191 215 234 104 163 176 198 217 197 146 114 208 188 208 176 164 108 127 186 245 133 0 186 193 199 146 113 112 150 168 206 157 234 111 168 194 161 109 127 106 243 229 208 116 134 
196 235 227 156 234 214 123 205 154 213 138 157 177 236 243 171 190 170 119 237 194 214 131 139 127 238 108 238 226 194 179 198 127 146 134 101 160 219 187 246 222 131 190 210 178 217 173 193 212 121 220 123 182 162 131 229 103 122 142 220 214 236 106 236 204 152 246 226 115 214 202 146 165 224 153 171 186 0 190 109 206 166 176 143 201 219 166 141 120 107 145 143 201 239 186 134 160 237 184 144 
234 123 135 194 122 102 181 243 212 101 176 195 215 124 131 209 228 208 177 125 102 232 189 177 185 126 146 126 133 232 217 106 165 184 172 139 198 127 225 134 110 169 248 117 216 125 211 231 100 179 108 161 220 220 169 117 160 180 199 108 122 124 144 143 242 190 154 134 154 102 110 184 203 132 191 210 193 190 0 146 172 230 177 164 190 248 163 170 109 135 142 227 103 149 175 150 227 246 173 160 
142 221 173 121 180 199 219 191 100 198 214 123 123 221 169 117 136 156 215 222 140 120 227 215 223 224 204 223 171 179 125 184 203 112 230 217 106 204 113 231 168 116 136 195 123 202 119 139 158 107 166 109 128 148 207 214 199 107 237 206 160 221 201 221 130 137 192 212 192 199 148 131 111 209 229 157 199 109 146 0 127 236 144 182 240 239 127 153 230 118 137 175 173 152 119 157 104 131 149 167 
180 109 211 179 218 237 107 229 157 236 122 181 161 109 227 155 174 194 103 110 198 119 115 123 130 112 242 111 229 217 163 182 111 170 118 124 144 242 171 119 206 115 174 103 162 110 157 177 196 164 204 147 166 186 114 102 237 165 145 244 198 109 239 109 188 175 100 119 249 237 205 169 149 117 137 195 146 206 172 127 0 175 174 105 143 201 109 127 183 221 109 115 134 101 237 244 171 237 164 191 
238 167 119 217 126 145 165 137 195 124 160 219 199 167 115 193 232 102 160 148 236 118 173 161 168 150 149 169 117 105 220 240 149 208 176 162 182 150 209 157 244 153 232 141 200 148 195 215 104 202 111 185 224 244 152 140 144 203 183 132 106 167 147 167 226 233 138 157 137 145 243 227 207 155 175 103 113 166 230 236 175 0 217 125 143 221 117 222 149 101 146 192 140 237 141 147 193 180 182 181 
126 205 157 105 164 183 203 175 234 182 198 127 107 205 153 101 120 140 199 206 124 136 211 219 206 207 187 207 155 163 108 128 207 116 214 220 240 188 247 215 152 211 120 179 107 186 103 123 142 240 149 243 112 132 210 198 182 241 221 190 144 205 185 205 133 121 176 195 195 183 131 115 245 193 232 141 112 176 177 144 174 217 0 128 225 113 132 118 137 194 240 164 111 208 207 221 168 194 212 140 
223 243 104 163 111 241 110 213 181 220 145 165 184 243 101 139 198 178 146 244 221 135 158 107 154 245 115 245 103 201 206 186 134 154 161 108 167 226 155 103 229 249 217 236 185 244 141 161 239 148 247 131 209 189 138 236 130 149 169 228 241 113 133 113 211 159 123 103 123 221 189 153 172 101 160 198 150 143 164 182 105 125 128 0 195 142 212 230 228 176 182 240 108 225 113 210 165 164 170 114 
222 150 142 201 149 129 148 120 219 128 183 203 222 151 139 196 105 235 184 152 109 133 196 145 192 153 173 153 141 109 244 224 172 192 199 146 225 134 193 161 137 157 105 125 243 132 199 218 127 186 135 188 247 227 176 235 168 187 207 135 129 151 171 151 249 217 161 141 161 129 227 211 230 100 198 237 168 201 190 240 143 143 225 195 0 106 125 182 201 109 107 157 175 221 168 167 114 231 230 224 
110 188 200 109 188 167 187 158 127 166 241 110 130 189 196 235 143 123 242 190 167 151 234 203 230 191 211 191 198 147 132 112 230 249 237 204 113 172 101 199 175 195 143 182 131 170 237 106 165 244 173 227 135 115 234 123 206 225 114 173 167 189 209 189 157 105 219 199 219 167 115 249 118 248 106 125 206 219 248 239 201 221 113 142 106 0 198 126 132 111 129 227 213 200 218 110 239 238 126 203 
168 227 238 147 245 225 244 216 165 204 129 148 168 247 234 123 181 181 130 228 205 150 142 241 138 229 249 249 236 185 190 170 118 138 145 242 171 230 139 237 213 233 201 220 169 228 125 145 223 132 231 115 193 173 122 181 114 133 153 211 225 247 116 246 195 143 107 237 107 205 173 137 176 156 144 182 157 166 163 127 109 117 132 212 125 198 0 186 224 113 111 208 187 225 192 171 209 117 155 102 
206 174 126 244 133 113 132 144 203 151 167 246 226 174 123 220 239 109 168 175 113 188 180 188 176 177 157 176 125 243 228 247 156 235 183 189 209 118 177 184 121 180 239 168 227 203 183 242 111 229 119 212 231 101 160 108 152 230 191 159 113 135 154 174 233 240 165 184 145 113 211 234 214 234 182 110 234 141 170 153 127 222 118 230 182 126 186 0 211 127 244 152 150 168 167 193 231 127 185 231 
244 232 184 132 191 151 190 202 111 209 225 134 114 212 121 108 127 147 225 213 151 187 238 226 233 215 195 214 182 131 135 155 174 123 241 227 247 156 235 222 159 218 147 206 115 221 221 150 169 117 176 120 139 159 217 166 209 118 248 197 151 193 212 232 141 148 203 222 202 151 119 142 102 122 240 168 111 120 109 230 183 149 137 228 201 132 224 211 0 197 184 131 157 215 221 208 246 201 117 194 
151 120 222 170 229 209 228 240 149 247 113 192 152 120 159 166 185 205 114 121 189 205 126 134 122 122 102 122 220 188 173 193 173 181 129 135 155 214 123 130 197 126 185 244 172 200 129 188 207 155 214 158 177 197 106 204 247 156 136 105 209 231 100 120 179 186 241 110 240 209 157 180 160 179 128 206 168 107 135 118 221 101 194 176 109 111 113 127 197 0 197 195 123 220 148 150 208 116 173 101 
190 158 110 228 117 247 116 128 187 135 171 230 210 158 217 204 223 243 171 159 247 204 164 172 160 161 141 160 128 227 212 101 211 219 167 173 193 102 180 168 105 164 223 152 210 108 167 226 245 213 102 196 215 104 163 242 135 214 194 143 247 119 138 178 236 224 149 168 148 247 195 218 198 217 186 244 194 145 142 137 109 146 240 182 107 129 111 244 184 197 0 140 119 117 175 201 149 206 248 164 
137 215 207 116 234 155 214 185 134 193 248 118 157 216 144 242 170 150 249 197 174 202 111 210 107 218 238 218 166 115 159 139 158 107 114 211 140 159 108 206 202 222 170 190 158 146 114 133 192 101 200 103 123 142 241 150 233 102 122 181 194 177 236 216 164 132 226 206 226 135 142 126 145 125 113 152 161 143 227 175 115 192 164 240 157 227 208 152 131 195 140 0 212 230 209 199 107 236 163 150 
175 104 245 174 232 193 102 224 192 231 156 175 195 104 202 150 208 188 137 105 232 201 149 118 145 106 126 106 204 172 197 177 196 164 152 119 139 198 146 114 240 110 208 247 196 204 113 171 230 159 238 142 161 180 149 188 121 140 179 238 232 215 124 104 222 170 114 114 134 193 180 164 183 163 171 190 109 201 103 173 134 140 111 108 175 213 187 150 157 123 119 212 0 117 246 153 160 237 106 167 
233 161 153 212 231 231 159 131 230 119 194 214 233 142 240 188 116 227 195 143 120 219 207 156 203 144 164 144 112 210 105 235 104 203 210 157 177 236 204 152 128 148 116 135 234 242 151 210 138 197 146 180 219 238 187 246 179 198 218 126 140 122 181 161 110 228 172 152 172 231 238 202 241 201 209 247 127 239 149 152 101 237 208 225 221 200 225 168 215 220 117 230 117 0 232 147 146 243 210 208 
121 199 191 100 210 138 197 169 118 177 232 121 141 200 148 226 154 134 233 201 158 218 245 213 241 202 222 202 150 248 143 123 142 110 248 215 234 143 242 210 186 206 154 173 142 130 189 117 176 235 184 237 107 126 225 134 217 236 106 165 178 161 219 199 168 116 210 190 229 138 126 110 129 109 117 135 106 186 175 119 237 141 207 113 168 218 192 167 221 148 175 209 246 232 0 175 182 247 115 126 
159 127 229 197 118 216 235 247 176 104 140 159 179 127 186 173 192 212 141 128 216 106 153 141 148 130 110 129 208 196 181 220 200 188 136 142 122 221 150 137 224 133 212 231 180 227 246 195 214 182 222 125 145 204 133 211 124 183 163 112 236 238 108 147 206 194 118 137 117 216 184 187 167 206 155 174 243 134 150 157 244 147 221 210 167 110 171 193 208 150 201 199 153 147 175 0 155 103 109 100 
217 185 137 235 156 234 143 155 214 162 178 197 217 185 224 231 100 120 179 186 104 104 191 179 187 187 167 187 246 104 239 108 238 226 194 180 161 129 188 195 132 191 100 119 237 115 135 103 122 221 129 183 203 112 171 119 162 221 201 170 215 146 165 185 244 101 156 175 156 124 222 245 225 244 193 231 229 160 227 104 171 193 168 165 114 239 209 231 246 208 149 107 160 146 182 155 0 214 141 148 
105 223 175 143 213 122 181 193 102 200 236 105 125 223 132 119 138 158 217 224 162 123 229 237 225 226 206 225 134 142 127 146 126 134 232 238 218 167 226 233 170 229 138 177 125 173 192 141 160 128 168 221 241 150 228 157 201 109 109 208 103 184 203 223 152 139 194 233 213 162 110 133 113 132 171 119 208 237 246 131 237 180 194 164 231 238 117 127 201 116 206 236 237 243 247 103 214 0 114 231 
162 111 233 181 101 160 239 231 159 238 124 143 163 131 170 157 176 215 124 112 200 121 137 125 132 114 244 133 192 180 184 204 184 172 140 126 106 224 133 121 208 117 196 215 164 211 230 179 218 166 206 109 149 207 116 215 108 167 147 246 161 222 111 131 190 177 102 121 101 200 168 171 171 190 209 177 116 184 173 149 164 182 212 170 230 126 155 185 117 173 248 163 106 210 115 109 141 114 0 114 
240 169 121 219 199 218 167 139 237 146 162 201 110 169 117 215 124 104 202 170 147 120 214 183 210 171 191 171 119 237 112 242 111 230 178 184 204 113 211 179 155 175 234 103 111 249 178 237 145 204 207 167 226 246 194 103 186 205 225 153 238 130 189 169 117 235 140 159 179 108 245 229 248 228 117 215 134 144 160 167 191 181 140 114 224 203 102 231 194 101 164 150 167 208 126 100 148 231 114 0 

0 115 125 245 105 170 236 210 205 187 110 105 178 224 107 121 116 161 207 122 192 198 113 198 204 210 185 179 205 239 190 243 218 133 206 110 163 177 132 146 101 226 240 143 224 128 174 164 119 180 155 129 143 114 187 221 195 126 124 229 224 107 181 136 201 104 161 120 213 246 221 196 131 105 139 204 108 201 195 118 203 138 212 245 188 218 212 147 141 190 137 186 122 195 229 183 216 140 213 109 
115 0 201 184 166 207 208 162 247 210 228 163 118 243 158 211 237 121 194 189 124 185 199 233 117 162 172 246 149 203 205 179 142 105 142 243 237 145 159 153 187 137 191 232 167 209 223 158 152 123 149 143 209 226 204 187 169 124 248 215 213 172 123 208 241 157 112 236 140 142 215 178 133 238 102 155 106 238 102 156 138 212 194 247 105 139 164 119 213 168 201 235 237 121 234 212 147 161 156 248 
125 201 0 209 243 194 247 202 118 194 248 151 217 199 245 172 189 187 162 144 217 101 166 160 214 240 175 169 104 197 120 245 180 194 188 242 145 238 236 234 208 203 146 211 185 219 233 137 119 212 147 161 195 198 133 179 224 120 146 191 237 133 178 224 120 165 211 107 133 178 224 120 165 211 107 152 198 244 120 165 211 107 152 198 244 139 185 231 107 152 198 244 139 185 231 126 172 218 113 139 
245 184 209 0 193 239 135 180 226 102 148 193 239 135 180 226 122 167 213 239 135 180 226 122 167 213 109 154 200 246 122 167 213 109 154 200 246 141 187 233 108 154 200 245 141 187 232 128 174 219 245 141 187 232 128 174 219 115 161 206 232 128 174 219 115 161 206 102 148 193 219 115 161 206 102 147 193 239 134 180 206 102 147 193 239 134 180 226 121 167 213 239 134 180 226 121 167 213 108 154 
105 166 243 193 0 234 130 176 221 247 143 188 234 130 175 221 117 162 208 234 130 175 221 117 162 208 104 149 195 221 117 162 208 104 149 195 241 136 182 208 104 149 195 241 136 182 228 123 169 195 240 136 182 227 123 169 214 110 156 182 227 123 169 214 110 156 201 247 143 188 214 110 156 201 247 143 188 234 130 175 201 247 143 188 234 130 175 221 117 162 188 234 129 175 221 116 162 208 103 149 
170 207 194 239 234 0 125 171 216 112 158 184 229 125 171 216 112 158 203 249 145 171 216 112 158 203 249 145 190 236 132 157 203 249 144 190 236 131 177 223 118 144 190 236 131 177 223 118 164 210 105 131 177 223 118 164 210 105 151 197 242 138 164 210 105 151 197 242 138 184 229 125 151 196 242 138 183 229 125 170 216 112 138 183 229 125 170 216 112 157 203 249 125 170 216 112 157 203 249 144 
236 208 247 135 130 125 0 166 211 107 133 179 224 120 166 211 107 153 198 244 120 166 211 107 153 198 244 140 185 231 107 153 198 244 140 185 231 127 172 218 114 139 185 231 126 172 218 113 159 205 100 126 172 218 113 159 205 100 146 192 237 113 159 205 100 146 192 237 133 179 224 100 146 192 237 133 179 224 120 166 211 237 133 178 224 120 165 211 107 152 198 224 120 165 211 107 152 198 244 139 
210 162 202 180 176 171 166 0 207 102 148 194 220 115 161 207 102 148 194 239 135 181 206 102 148 193 239 135 180 226 122 167 213 239 135 180 226 122 167 213 109 154 200 226 122 167 213 109 154 200 246 141 187 213 109 154 200 246 141 187 233 128 174 200 245 196 111 157 203 248 144 190 235 131 157 202 248 144 189 235 131 176 222 118 144 189 235 131 176 222 118 163 209 105 131 176 222 118 163 209 
205 247 118 226 221 216 211 207 0 172 218 113 139 185 230 126 172 217 113 159 204 100 126 172 217 113 159 204 100 146 191 237 113 159 204 100 146 191 237 133 178 224 120 146 191 237 133 178 224 120 165 211 106 132 178 224 119 165 211 106 152 198 243 119 165 211 106 152 198 243 139 185 230 106 152 198 243 139 185 230 126 172 217 243 139 185 230 126 171 217 113 158 204 230 126 171 217 113 158 204 
187 210 194 102 247 112 107 102 172 0 161 207 103 129 174 220 116 161 207 103 148 194 240 115 161 207 102 148 194 239 135 181 226 102 148 194 239 135 181 226 122 168 213 239 135 181 226 122 168 213 109 155 200 226 122 168 213 109 155 200 246 142 187 233 109 154 200 246 141 187 233 128 174 220 246 141 187 233 128 174 220 115 161 207 233 128 174 220 115 161 207 102 148 194 220 115 161 207 102 148 
110 228 248 148 143 158 133 148 218 161 0 202 248 143 189 215 111 156 202 248 143 189 235 130 176 202 248 143 189 235 130 176 222 117 163 189 235 130 176 222 117 163 209 104 150 176 221 227 123 168 214 110 155 201 247 142 188 214 110 155 201 247 142 188 234 129 175 201 246 142 188 233 129 175 220 116 162 188 233 129 175 220 116 162 207 103 149 175 220 116 162 207 103 149 194 240 136 181 207 103 
105 163 151 193 188 184 179 194 113 207 202 0 203 248 144 170 216 111 157 203 248 144 190 235 131 177 203 248 144 190 235 131 177 222 118 164 190 235 131 176 222 118 163 209 105 150 176 222 118 163 209 105 150 196 242 137 163 209 105 150 196 242 137 183 229 124 150 196 242 137 183 229 124 170 216 111 137 183 228 124 170 215 111 157 202 248 144 170 215 111 157 202 248 144 189 235 131 157 202 248 
178 118 217 239 234 229 224 220 139 103 248 203 0 244 139 185 231 126 152 198 243 139 185 230 126 172 217 113 139 185 230 126 172 217 113 159 204 100 126 172 217 113 159 204 100 146 191 237 113 159 204 100 146 191 237 133 178 224 100 145 191 237 132 178 224 119 165 211 106 132 178 224 119 165 211 106 152 170 216 112 157 203 249 125 170 216 112 157 203 249 144 190 236 112 157 203 249 144 190 236 
224 243 199 135 130 125 120 115 185 129 143 248 244 0 107 153 198 244 140 185 231 127 172 218 244 140 185 231 127 172 218 114 159 205 231 127 172 218 114 159 205 101 146 192 218 113 159 205 100 146 192 237 133 179 224 100 146 192 237 133 179 224 120 166 211 237 133 179 224 120 166 211 107 153 198 224 120 165 211 107 152 198 244 139 185 211 107 152 198 244 139 185 231 126 172 198 244 139 185 231 
107 158 245 180 175 171 166 161 230 174 189 144 139 107 0 148 193 239 135 180 226 122 167 193 239 135 180 226 122 167 213 109 154 200 226 122 167 213 109 154 200 246 141 187 213 109 154 200 246 141 187 233 128 174 200 245 141 187 232 128 174 219 115 161 187 232 128 174 219 115 161 206 102 148 174 219 115 161 206 102 148 193 239 135 161 206 102 148 193 239 135 180 226 122 167 193 239 134 180 226 
121 211 172 226 221 216 211 207 126 220 215 170 185 153 148 0 189 234 130 176 221 117 163 208 104 150 176 221 117 163 208 104 150 195 241 137 162 208 104 149 195 241 136 182 228 123 149 195 241 136 182 228 123 169 215 110 136 182 228 123 169 215 110 156 202 247 123 169 215 110 156 202 247 143 188 234 110 156 201 247 143 188 234 130 175 221 117 143 188 234 130 175 221 117 162 208 104 130 175 221 
116 237 189 122 117 112 107 102 172 116 111 216 231 198 193 189 0 229 125 171 216 112 158 203 249 125 171 216 112 158 203 249 145 190 236 112 158 203 249 145 190 236 132 177 223 249 144 190 236 131 177 223 118 164 210 236 131 177 223 118 164 210 105 151 197 242 118 164 210 105 151 197 242 138 184 229 105 151 197 242 138 184 229 125 171 216 242 138 183 229 125 170 216 112 157 203 229 125 170 216 
161 121 187 167 162 158 153 148 217 161 156 111 126 244 239 234 229 0 120 166 212 107 153 199 244 140 186 211 107 153 198 244 140 185 231 127 172 198 244 140 185 231 127 172 218 114 159 185 231 127 172 218 114 159 205 101 146 192 218 114 159 205 101 146 192 238 133 179 205 100 146 192 237 133 179 224 120 166 192 237 133 179 224 120 166 211 107 153 179 177 183 228 124 170 215 111 137 183 228 124 
207 194 162 213 208 203 198 194 113 207 202 157 152 140 135 130 125 120 0 224 119 165 211 106 132 178 224 119 165 211 106 152 198 243 119 165 211 106 152 198 243 139 185 230 106 152 198 243 139 185 230 126 172 217 113 139 184 230 126 171 217 113 158 204 100 126 171 217 113 158 204 100 145 191 237 113 158 204 100 145 191 237 132 178 224 100 145 191 237 132 178 224 119 165 211 236 132 178 223 119 
122 189 144 239 234 249 244 239 159 103 248 203 198 185 180 176 171 166 224 0 115 160 206 102 147 193 219 115 160 206 101 147 193 238 134 180 206 101 147 193 238 134 180 225 121 167 212 238 134 180 225 121 167 212 108 154 199 225 121 167 212 108 154 199 245 141 186 212 108 153 199 245 140 186 232 127 173 199 245 140 186 232 127 173 219 114 160 186 232 127 173 219 114 160 206 101 147 173 219 114 
192 124 217 135 130 145 120 135 204 148 143 248 243 231 226 221 216 212 119 115 0 155 201 247 142 188 214 110 155 201 247 142 188 234 129 175 201 247 142 188 234 129 175 221 116 162 188 233 129 175 220 116 162 207 103 149 175 220 116 162 207 103 149 194 240 136 162 207 103 149 194 240 136 181 227 123 149 194 240 136 181 227 123 168 214 110 155 181 227 122 168 214 109 155 201 246 142 168 214 109 
198 185 101 180 175 171 166 181 100 194 189 144 139 127 122 117 112 107 165 160 155 0 165 210 106 132 177 223 119 164 210 106 151 197 243 119 164 210 106 151 197 243 138 184 230 106 151 197 243 138 184 230 125 171 217 243 138 184 230 125 171 217 112 158 204 229 125 171 216 112 158 203 249 145 190 216 112 158 203 249 145 190 236 132 177 223 249 145 190 236 132 177 223 119 164 210 236 132 177 223 
113 199 166 226 221 216 211 206 126 240 235 190 185 172 167 163 158 153 211 206 201 165 0 154 200 226 121 167 213 108 154 200 245 141 187 213 108 154 200 245 141 187 232 128 173 199 245 141 186 232 128 173 219 115 160 206 232 128 173 219 115 160 206 102 147 193 219 115 160 206 102 147 193 239 134 180 206 102 147 193 238 134 180 225 121 167 193 238 134 180 225 121 167 212 108 154 180 225 121 167 
198 233 160 122 117 112 107 102 172 115 130 235 230 218 193 208 203 199 106 102 247 210 154 0 230 126 172 217 113 159 204 100 146 172 217 113 159 204 100 146 191 237 133 159 204 100 146 191 237 133 178 224 120 165 191 237 133 178 224 120 165 211 107 152 178 224 119 165 211 106 152 198 243 139 165 211 106 152 198 243 139 185 230 126 152 198 243 139 185 230 126 172 217 113 139 185 230 126 172 217 
204 117 214 167 162 158 153 148 217 161 176 131 126 244 239 104 249 244 132 147 142 106 200 230 0 121 167 213 108 154 200 245 141 187 232 108 154 200 245 141 187 232 128 174 219 115 141 186 232 128 173 219 115 160 206 102 128 173 219 115 160 206 102 147 193 239 115 160 206 102 147 193 239 134 180 226 102 147 193 239 134 180 225 121 167 212 238 134 180 225 121 167 212 108 154 199 225 121 167 212 
210 162 240 213 208 203 198 193 113 207 202 177 172 140 135 150 125 140 178 193 188 132 226 126 121 0 162 208 103 149 195 240 136 182 227 103 149 195 240 136 182 227 123 169 214 240 136 182 227 123 169 214 110 156 201 227 123 168 214 110 155 201 247 142 188 214 110 155 201 247 142 188 234 129 175 201 247 142 188 234 129 175 221 116 162 208 234 129 175 221 116 162 208 103 149 195 220 116 162 207 
185 172 175 109 104 249 244 239 159 102 248 203 217 185 180 176 171 186 224 219 214 177 121 172 167 162 0 203 249 144 190 236 131 177 223 118 164 190 235 131 177 222 118 164 209 105 151 177 222 118 164 209 105 151 196 242 138 164 209 105 151 196 242 138 183 229 125 151 196 242 138 183 229 125 170 216 112 157 183 229 124 170 216 111 157 203 248 144 170 216 111 157 203 248 144 190 235 131 157 203 
179 246 169 154 149 145 140 135 204 148 143 248 113 231 226 221 216 211 119 115 110 223 167 217 213 208 203 0 244 139 185 231 126 172 218 113 139 185 231 126 172 218 113 159 205 100 126 172 217 113 159 204 100 146 191 237 133 159 204 100 146 191 237 133 178 224 120 146 191 237 133 178 224 120 165 211 107 133 178 224 120 165 211 107 152 198 244 119 165 211 106 152 198 243 139 185 230 106 152 198 
205 149 104 200 195 190 185 180 100 194 189 144 139 127 122 117 112 107 165 160 155 119 213 113 108 103 249 244 0 242 138 183 209 105 151 196 242 138 183 229 124 170 216 242 137 183 229 124 170 216 111 157 203 229 124 170 216 111 157 203 248 144 190 216 111 157 203 248 144 190 235 131 177 202 248 144 189 235 131 176 222 118 163 189 235 131 176 222 118 163 209 105 150 176 222 118 163 209 105 150 
239 203 197 246 221 236 231 226 146 239 235 190 185 172 167 163 158 153 211 206 201 164 108 159 154 149 144 139 242 0 133 178 204 100 146 191 237 133 178 224 120 165 191 237 133 178 224 120 165 211 107 152 178 224 119 165 211 106 152 198 243 139 165 211 106 152 198 243 139 185 230 126 152 198 243 139 185 230 126 172 217 113 139 185 230 126 172 217 113 159 204 100 146 171 217 113 158 204 100 145 
190 205 120 122 117 132 107 122 191 135 130 235 230 218 213 208 203 198 106 101 247 210 154 204 200 195 190 185 138 133 0 174 219 115 141 186 232 128 173 219 115 160 206 102 128 173 219 115 160 206 102 147 193 239 115 160 206 102 147 193 239 134 180 226 102 147 193 239 134 180 225 121 167 212 108 134 180 225 121 167 212 108 154 199 245 121 167 212 108 154 199 245 141 186 232 108 154 199 245 141 
243 179 245 167 162 157 153 167 237 181 176 131 126 114 109 104 249 244 152 147 142 106 200 100 245 240 236 231 183 178 174 0 214 240 136 182 227 123 169 214 110 156 201 227 123 168 214 110 155 201 247 142 188 214 110 155 201 247 142 188 234 129 175 221 247 142 188 234 129 175 221 116 162 208 234 129 175 221 116 162 208 103 149 195 220 116 162 207 103 149 194 240 136 181 207 103 149 194 240 136 
218 142 180 213 208 203 198 213 113 226 222 177 172 159 154 150 145 140 198 193 188 151 245 146 141 136 131 126 209 204 219 214 0 105 151 177 222 118 164 209 105 151 196 242 138 164 209 105 151 196 242 138 183 229 125 170 196 242 138 183 229 125 170 216 112 157 183 229 124 170 216 111 157 203 248 144 170 216 111 157 203 248 144 190 235 131 157 203 248 144 190 235 131 177 222 118 144 190 235 131 
133 105 194 109 104 249 244 239 159 102 117 222 217 205 200 195 190 185 243 238 234 197 141 172 187 182 177 172 105 100 115 240 105 0 176 222 117 163 209 104 130 176 222 117 163 209 104 150 196 241 117 163 209 104 150 196 241 137 183 228 104 150 196 241 137 183 228 124 170 215 241 137 182 228 124 169 215 111 156 202 228 124 169 215 111 156 202 248 143 189 215 111 156 202 248 143 189 235 130 176 
206 142 188 154 149 144 140 135 204 148 163 118 113 231 226 241 236 231 119 134 129 243 187 217 232 227 223 218 151 146 141 136 151 176 0 217 113 158 204 230 126 171 217 113 158 204 100 145 191 217 112 158 204 249 145 191 236 132 178 204 249 145 191 236 132 178 223 119 165 191 236 132 178 223 119 165 210 106 152 197 223 119 164 210 106 151 197 243 138 184 210 106 151 197 243 138 184 230 125 171 
110 243 242 200 195 190 185 180 100 194 189 164 159 127 122 137 112 127 165 180 175 119 213 113 108 103 118 113 196 191 186 182 177 222 217 0 108 153 199 245 140 166 212 108 153 199 245 140 186 232 127 153 199 245 140 186 232 127 173 219 114 140 186 231 127 173 218 114 160 205 101 147 173 218 114 160 205 101 147 192 238 134 160 205 101 147 192 238 134 179 225 121 147 192 238 134 179 225 121 166 
163 237 145 246 241 236 231 226 146 239 235 190 204 172 167 162 158 172 211 206 201 164 108 159 154 149 164 139 242 237 232 227 222 117 113 108 0 149 194 240 116 161 207 103 148 194 240 135 181 227 122 148 194 240 135 181 227 122 168 214 109 135 181 227 122 168 214 109 155 201 246 122 168 214 109 155 201 246 142 187 233 109 155 200 246 142 187 233 129 174 220 246 142 187 233 129 174 220 116 161 
177 145 238 141 136 131 127 122 191 135 130 235 100 218 213 208 203 198 106 101 247 210 154 204 200 195 190 185 138 133 128 123 118 163 158 153 149 0 189 235 131 176 222 248 144 189 235 131 176 222 118 163 209 235 130 176 222 117 163 209 104 150 196 222 117 163 209 104 150 196 241 137 183 209 104 150 196 241 137 183 228 124 170 196 241 137 183 228 124 170 215 111 157 182 228 124 169 215 111 156 
132 159 236 187 182 177 172 167 237 181 176 131 126 114 109 104 249 244 152 147 142 106 200 100 245 240 235 231 183 178 173 169 164 209 204 199 194 189 0 235 131 176 222 118 163 209 235 131 176 222 118 163 209 105 150 196 222 118 163 209 105 150 196 242 137 183 209 105 150 196 242 137 183 229 124 170 196 241 137 183 228 124 170 215 111 157 183 228 124 170 215 111 157 202 248 144 189 215 111 157 
146 153 234 233 208 223 218 213 133 226 222 176 172 159 154 149 145 140 198 193 188 151 245 146 141 136 131 126 229 224 219 214 209 104 230 245 240 235 235 0 126 172 217 113 159 204 100 146 171 217 113 158 204 100 145 191 237 132 158 204 100 145 191 237 132 178 224 119 145 191 237 132 178 224 119 165 211 106 132 178 224 119 165 211 106 152 198 243 139 165 210 106 152 197 243 139 184 230 126 152 
101 187 208 108 104 118 114 109 178 122 117 222 217 205 200 195 190 185 243 238 234 197 141 191 187 182 177 172 124 120 115 110 105 130 126 140 116 131 131 126 0 167 212 108 154 199 245 121 167 212 108 154 199 245 141 186 232 108 154 199 245 141 186 232 128 173 219 115 140 186 232 127 173 219 114 160 206 101 127 173 219 114 160 206 101 147 193 238 114 160 206 101 147 193 238 134 180 225 101 147 
226 137 203 154 149 144 139 154 224 168 163 118 113 101 246 241 236 231 139 134 129 243 187 237 232 227 222 218 170 165 160 156 151 176 171 166 161 176 176 172 167 0 156 202 247 143 189 234 110 156 202 247 143 189 234 130 176 221 247 143 189 234 130 176 221 117 163 208 234 130 176 221 117 163 208 104 150 195 221 117 162 208 104 149 195 241 136 182 208 104 149 195 241 136 182 228 123 169 215 241 
240 191 146 200 195 190 185 200 120 213 209 163 159 146 141 136 132 127 185 180 175 138 232 133 128 123 118 113 216 191 206 201 196 222 217 212 207 222 222 217 212 156 0 197 243 138 184 230 125 171 197 243 138 184 230 125 171 217 112 158 184 229 125 171 216 112 158 203 249 145 171 216 112 158 203 249 145 190 236 132 158 203 249 145 190 236 132 177 223 119 164 190 236 132 177 223 119 164 210 105 
143 232 211 245 241 236 231 226 146 239 104 209 204 192 187 182 177 172 230 225 221 184 128 159 174 169 164 159 242 237 102 227 242 117 113 108 103 248 118 113 108 202 197 0 238 133 179 225 120 171 216 112 158 203 249 145 171 216 112 158 203 249 144 190 236 131 157 203 249 144 190 236 131 177 223 118 144 190 236 131 177 223 118 164 210 105 131 177 223 118 164 210 105 151 197 242 118 164 209 105 
224 167 185 141 136 131 126 122 191 135 150 105 100 218 213 228 223 218 106 121 116 230 173 204 219 214 209 205 137 133 128 123 138 163 158 153 148 144 163 159 154 247 243 238 0 133 179 224 120 166 211 107 153 198 244 120 166 211 107 153 198 244 140 185 231 107 153 198 244 140 185 231 127 172 218 244 139 185 231 126 172 218 113 159 205 231 126 172 218 113 159 205 100 146 192 218 113 159 205 100 
128 209 219 187 182 177 172 167 237 181 176 150 146 113 109 123 249 114 152 167 162 106 199 100 115 240 105 100 183 178 173 168 164 209 204 199 194 189 209 204 199 143 138 133 133 0 194 220 115 161 207 102 148 194 239 135 181 206 102 148 193 239 135 180 226 122 167 193 239 135 180 226 122 167 213 109 154 180 226 122 167 213 109 154 200 246 141 167 213 109 154 200 246 141 187 232 128 174 200 245 
174 223 233 232 228 223 218 213 133 226 221 176 191 159 154 149 144 159 198 212 188 151 245 146 141 136 151 126 229 224 219 214 209 104 100 245 240 235 235 100 245 189 184 179 179 194 0 215 110 156 202 247 143 189 234 130 156 202 247 143 189 234 130 176 221 117 143 188 234 130 175 221 117 162 208 104 149 175 221 117 162 208 104 149 195 241 136 162 208 104 149 195 241 136 182 228 123 149 195 241 
164 158 137 128 123 118 113 109 178 122 227 222 237 205 200 195 190 185 243 238 233 197 141 191 186 182 177 172 124 120 115 110 105 150 145 140 135 131 131 146 121 234 230 225 224 220 215 0 105 151 197 242 138 184 229 125 171 216 242 138 184 229 125 171 216 112 158 203 249 125 171 216 112 158 203 249 145 190 236 112 158 203 249 145 190 236 132 177 223 249 144 190 236 131 177 223 118 164 210 236 
119 152 119 174 169 164 159 154 224 168 123 118 113 100 246 241 236 231 139 134 129 243 186 237 232 227 222 217 170 165 160 155 151 196 191 186 181 176 176 171 167 110 125 120 120 115 110 105 0 146 192 238 133 179 225 120 166 212 237 133 179 117 163 208 104 150 195 241 137 163 208 104 150 195 241 137 182 228 124 169 195 241 137 182 228 124 169 215 111 156 182 228 123 169 215 110 156 202 247 143 
180 123 212 219 195 210 205 200 120 213 168 163 159 146 141 136 131 127 185 180 175 138 232 133 128 123 118 113 216 211 206 201 196 241 217 232 227 222 222 217 212 156 171 171 166 161 156 151 146 0 249 125 171 217 112 158 204 249 145 191 236 112 158 204 249 145 191 236 132 178 223 119 145 190 236 132 177 223 119 164 210 106 132 177 223 119 164 210 106 151 197 243 119 164 210 106 151 197 243 138 
155 149 147 245 240 105 100 246 165 109 214 209 204 192 187 182 177 172 230 225 220 184 128 178 173 169 164 159 111 107 102 247 242 117 112 127 122 118 118 113 108 202 197 216 211 207 202 197 192 249 0 120 166 212 107 153 199 244 140 186 231 107 153 199 244 140 186 231 127 173 218 244 140 186 231 127 173 218 114 160 205 231 127 172 218 114 159 205 101 146 192 218 114 159 205 101 146 192 238 133 
129 143 161 141 136 131 126 141 211 155 110 105 100 237 233 228 223 218 126 121 116 230 173 224 219 214 209 204 157 152 147 142 138 163 158 153 148 163 163 158 154 247 243 112 107 102 247 242 238 125 120 0 181 207 103 148 194 240 135 181 227 122 168 194 239 135 181 226 122 168 213 109 155 181 226 122 168 213 109 155 200 246 142 168 213 109 155 200 246 142 187 233 129 155 200 246 142 187 233 129 
143 209 195 187 182 177 172 187 106 200 155 150 146 133 128 123 118 114 172 167 162 125 219 120 115 110 105 100 203 178 193 188 183 209 204 199 194 209 209 204 199 143 138 158 153 148 143 138 133 171 166 181 0 202 248 143 189 235 130 176 222 117 143 189 235 130 176 222 117 163 209 104 130 176 222 117 163 208 104 150 195 241 137 163 208 104 150 195 241 137 182 228 124 150 195 241 137 182 228 124 
114 226 198 232 227 223 218 213 132 226 201 196 191 179 174 169 164 159 217 212 207 171 115 165 160 156 151 146 229 224 239 214 229 104 249 245 240 235 105 100 245 189 184 203 198 194 189 184 179 217 212 207 202 0 243 138 184 230 125 171 217 112 158 204 230 125 171 217 112 158 204 249 145 234 110 155 201 247 142 188 234 129 175 221 247 142 188 234 129 175 221 116 162 208 234 129 175 221 116 162 
187 204 133 128 123 118 113 109 178 122 247 242 237 224 200 215 210 205 113 108 103 217 160 191 206 201 196 191 124 119 115 110 125 150 145 140 135 130 150 145 141 234 230 249 244 239 234 229 225 112 107 103 248 243 0 125 171 217 112 158 204 249 145 191 217 112 158 204 249 145 191 236 132 178 128 171 197 208 110 203 158 223 206 141 246 110 155 150 164 237 192 206 149 159 133 139 157 112 187 209 
221 187 179 174 169 164 159 154 224 168 142 137 133 100 245 110 236 101 139 154 149 243 206 237 102 227 242 237 170 165 160 155 170 196 191 186 181 176 196 191 186 130 125 145 120 135 130 125 120 158 153 148 143 138 125 0 122 176 150 105 210 145 199 153 116 181 196 241 125 100 212 143 153 226 181 116 197 223 158 204 100 102 148 162 120 114 239 182 148 245 207 150 211 126 218 236 179 134 132 106 
195 169 224 219 214 210 205 200 119 213 188 163 178 146 141 136 131 146 184 199 175 138 232 133 128 123 138 133 216 211 206 201 196 241 236 232 227 222 222 237 232 176 171 171 166 181 156 171 166 204 199 194 189 184 171 122 0 144 190 216 112 157 203 249 144 190 236 131 177 203 248 144 190 235 131 177 222 118 164 190 235 131 177 222 118 164 209 105 151 196 222 118 164 209 105 151 196 242 138 183 
126 124 120 115 110 105 100 246 165 109 214 209 224 192 187 182 177 192 230 225 220 184 128 178 173 168 164 159 111 106 102 247 242 137 132 127 122 117 118 132 108 221 217 216 211 206 202 216 212 249 244 240 235 230 217 176 144 0 185 231 126 152 198 244 139 185 231 126 172 218 113 139 185 231 126 172 218 113 159 205 100 146 172 218 113 159 205 100 146 192 237 133 159 204 100 146 191 237 133 178 
124 248 146 161 156 151 146 141 211 155 110 105 100 237 232 228 223 218 126 121 116 230 173 224 219 214 209 204 157 152 147 142 138 183 178 173 168 163 163 158 154 247 112 112 107 102 247 242 237 145 140 135 130 125 112 150 190 185 0 198 244 139 185 231 107 152 198 244 139 185 231 126 172 218 244 139 185 231 126 172 218 113 159 205 231 160 205 231 127 173 218 114 160 205 101 147 192 218 114 160 
229 215 191 206 182 197 192 187 106 200 155 150 145 133 128 123 118 114 171 167 162 125 219 120 115 110 105 100 203 198 193 188 183 228 204 219 214 209 209 204 199 143 158 158 153 148 143 138 133 191 186 181 176 171 158 105 216 231 198 0 122 168 214 109 155 181 227 122 168 214 109 155 201 246 142 168 214 109 155 201 246 142 188 233 129 155 201 246 142 188 233 129 175 220 116 142 187 233 129 174 
224 213 237 232 227 242 237 233 152 246 201 196 191 179 174 169 164 159 217 212 207 171 115 165 160 155 151 146 248 243 239 234 229 104 249 114 109 104 105 100 245 189 184 203 198 193 189 184 179 236 231 227 222 217 204 210 112 126 244 122 0 163 209 105 150 196 242 118 163 209 105 150 196 241 137 183 228 104 150 109 214 180 212 165 159 244 247 111 176 249 224 230 102 148 185 175 185 111 216 230 
107 172 133 128 123 138 113 128 198 142 247 242 237 224 219 215 210 205 113 108 103 217 160 211 206 201 196 191 144 139 134 129 125 150 145 140 135 150 150 145 141 234 229 249 244 239 234 229 117 112 107 122 117 112 249 145 157 152 139 168 163 0 116 229 143 112 181 175 209 144 138 211 170 235 100 244 226 240 195 190 152 119 165 191 236 132 178 223 119 165 210 106 152 178 223 119 165 210 106 152 
181 123 178 174 169 164 159 174 243 187 142 137 132 120 115 110 105 101 158 154 149 112 206 107 102 247 242 237 190 165 180 175 170 196 191 186 181 196 196 191 186 130 125 144 140 135 130 125 163 158 153 168 143 158 145 199 203 198 185 214 209 116 0 232 127 153 199 245 140 186 232 127 173 219 114 140 186 231 127 173 218 114 160 205 101 127 173 218 114 160 205 101 147 192 238 114 160 205 101 147 
136 208 224 219 214 210 205 200 119 233 188 183 178 166 161 156 151 146 204 199 194 158 102 152 147 142 138 133 216 211 226 221 216 241 236 231 227 222 242 237 232 176 171 190 185 180 176 171 208 204 199 194 189 204 191 153 249 244 231 109 105 229 232 0 142 208 103 149 195 240 136 182 227 103 149 194 240 136 181 227 123 168 214 229 215 239 192 175 228 242 177 159 134 247 123 196 170 107 140 174 
201 241 120 115 110 105 100 245 165 109 234 229 224 211 187 202 197 192 100 245 240 204 147 178 193 188 183 178 111 106 102 247 112 137 132 127 122 117 137 132 128 221 216 236 231 226 221 216 104 249 244 239 235 230 217 116 144 139 107 155 150 143 127 142 0 127 169 123 177 167 173 156 241 137 230 165 100 220 242 157 242 158 203 237 176 228 175 204 186 220 202 113 225 215 108 231 227 100 136 108 
104 157 165 161 156 151 146 196 211 154 129 124 119 237 232 247 242 238 126 141 136 229 193 224 239 214 229 224 157 152 147 142 157 183 178 173 168 163 183 178 173 117 112 131 107 122 117 112 150 145 140 135 130 125 112 181 190 185 152 181 196 112 153 208 127 0 120 205 101 127 121 194 109 166 198 144 129 171 182 113 159 141 232 207 162 207 170 227 150 187 235 124 118 213 210 178 157 121 142 113 
161 112 211 206 201 197 192 111 106 200 175 150 165 133 128 123 118 133 171 186 162 125 219 119 115 110 125 120 203 198 193 188 183 228 223 218 214 209 209 224 219 163 158 157 153 167 143 158 195 191 186 181 176 171 158 196 236 231 198 227 242 181 199 103 169 120 0 131 106 211 134 219 182 176 178 192 103 248 127 192 206 240 195 229 223 186 121 226 240 179 232 187 181 176 111 204 218 102 246 200 
120 236 107 102 247 242 237 157 152 246 201 196 211 179 174 169 164 179 217 212 207 171 115 165 160 155 151 146 248 243 239 234 229 124 119 114 109 104 105 119 115 208 203 203 198 193 188 203 241 236 231 226 222 217 204 241 131 126 244 122 118 175 245 149 123 205 131 0 113 246 248 116 118 223 158 231 115 141 175 125 238 189 183 197 113 233 100 204 238 134 118 152 221 247 186 171 128 103 224 120 
213 140 133 148 143 138 133 203 198 141 246 242 106 224 219 215 210 205 113 108 103 216 160 211 206 201 196 191 144 139 134 129 124 170 165 160 155 150 150 145 140 234 249 249 244 239 234 249 137 132 127 122 117 112 249 125 177 172 139 168 163 209 140 195 177 101 106 113 0 194 189 195 130 179 122 176 170 105 206 200 116 110 144 106 192 174 168 163 106 143 161 124 146 179 225 215 209 184 178 152 
246 142 178 193 188 184 179 248 243 187 142 137 132 120 115 110 105 100 158 153 149 112 206 106 102 247 242 237 190 185 180 175 170 215 191 205 201 196 196 191 186 130 145 144 140 135 130 125 163 178 173 168 163 158 145 100 203 218 185 214 209 144 186 240 167 127 211 246 194 0 233 148 241 176 249 184 127 193 167 110 124 139 231 206 200 214 129 163 248 148 241 144 178 101 186 240 104 189 144 197 
221 215 224 219 214 229 224 144 139 233 188 183 178 166 161 156 151 146 204 199 194 158 102 152 147 142 138 133 235 230 225 221 216 241 236 101 246 241 242 237 232 176 171 190 185 180 175 171 208 223 218 213 209 204 191 212 248 113 231 109 105 138 232 136 173 121 134 248 189 233 0 144 190 216 112 157 203 249 144 190 236 131 177 203 249 144 190 236 131 177 223 118 164 190 236 131 177 223 118 164 
196 178 120 115 110 125 100 190 185 128 233 229 224 211 206 202 197 192 100 245 240 203 147 198 193 188 183 178 131 126 121 116 111 137 132 147 122 137 137 132 127 221 216 236 231 226 221 216 104 119 244 109 104 249 236 143 144 139 126 155 150 211 127 182 156 194 219 116 195 148 144 0 185 231 127 153 198 244 140 185 231 127 172 218 114 139 185 231 126 172 218 113 159 205 100 126 172 218 113 159 
131 133 165 161 156 151 146 235 230 174 129 124 119 107 102 247 242 237 145 140 136 249 193 243 239 234 229 224 177 152 167 162 157 182 178 173 168 183 183 178 173 117 112 131 127 122 117 112 150 145 140 155 130 145 132 153 190 185 172 201 196 170 173 227 241 109 182 118 130 241 190 185 0 226 102 148 193 239 135 180 226 122 167 213 109 135 180 226 122 167 213 109 154 200 246 121 167 213 108 154 
105 238 211 206 201 196 192 131 106 220 175 170 165 153 148 143 138 133 191 186 181 145 239 139 134 129 125 120 202 198 212 208 203 228 223 218 214 209 229 224 219 163 158 177 172 167 162 158 195 190 186 181 176 234 178 226 235 231 218 246 241 235 219 103 137 166 176 223 179 176 216 231 226 0 144 190 236 131 157 203 249 144 190 236 131 177 223 118 144 190 236 131 177 223 118 164 210 105 131 177 
139 102 107 102 247 242 237 157 152 246 220 216 211 198 174 188 184 179 237 232 227 190 134 165 180 175 170 165 248 243 108 234 248 124 119 114 109 104 124 119 114 208 203 223 218 213 208 203 241 236 231 226 222 110 128 181 131 126 244 142 137 100 114 149 230 198 178 158 122 249 112 127 102 144 0 237 133 178 224 100 145 191 237 132 178 224 119 165 211 237 132 178 224 119 165 211 106 152 198 224 
204 155 152 147 143 138 133 202 198 141 116 111 106 224 219 234 229 224 113 127 123 216 180 211 226 201 216 211 144 139 134 129 144 169 165 160 155 150 170 165 160 104 249 118 244 109 104 249 137 132 127 122 117 155 171 116 177 172 139 168 183 244 140 194 165 144 192 231 176 184 157 153 148 190 237 0 163 209 104 130 176 222 117 163 209 104 150 196 241 117 163 209 104 150 196 241 137 183 228 104 
108 106 198 193 188 183 179 248 243 187 162 137 152 120 115 110 105 120 158 173 149 112 206 106 102 247 112 107 189 185 180 175 170 215 210 205 201 196 196 211 206 150 145 144 139 154 149 145 182 177 173 168 163 201 197 197 222 218 185 214 228 226 186 240 100 129 103 115 170 127 203 198 193 236 133 163 0 239 135 181 226 102 148 194 239 135 181 226 122 168 213 109 135 180 226 122 167 213 109 154 
201 238 244 239 234 229 224 144 139 233 188 183 170 165 161 156 151 166 204 199 194 158 102 152 147 142 157 133 235 230 225 221 216 111 106 101 246 241 241 106 101 195 190 190 185 180 175 190 228 223 218 213 208 247 208 223 118 113 231 109 104 240 231 136 220 171 248 141 105 193 249 244 239 131 178 209 239 0 130 176 221 247 143 189 234 130 176 221 117 163 208 234 130 176 221 117 163 208 104 150 
195 102 120 134 130 125 120 189 185 128 233 228 216 211 206 201 197 192 100 245 240 203 147 198 193 188 183 178 131 126 121 116 111 156 152 147 142 137 137 132 127 221 236 236 231 226 221 236 124 119 114 109 104 142 110 158 164 159 126 155 150 195 127 181 242 182 127 175 206 167 144 140 135 157 224 104 135 130 0 175 220 116 162 207 103 149 194 240 136 181 227 123 168 214 110 136 181 227 123 168 
118 156 165 180 175 170 166 235 230 174 129 124 112 107 102 247 242 237 145 140 136 249 193 243 239 234 229 224 176 172 167 162 157 202 197 192 187 183 183 178 173 117 132 131 126 122 117 112 169 164 160 155 150 188 203 204 190 205 172 201 109 190 173 227 157 113 192 125 200 110 190 185 180 203 100 130 181 176 175 0 230 125 151 197 242 138 184 229 125 171 216 112 158 203 249 145 190 236 112 158 
203 138 211 206 201 216 211 131 126 220 175 170 157 152 148 143 138 133 191 186 181 145 238 139 134 129 124 120 222 217 212 208 203 228 223 238 233 228 228 224 219 162 158 177 172 167 162 158 195 210 205 200 195 234 158 100 235 100 218 246 214 152 218 123 242 159 206 238 116 124 236 231 226 249 145 176 226 221 220 230 0 104 150 196 241 137 183 228 124 150 196 241 137 202 248 144 189 235 111 157 
138 212 107 102 247 112 237 176 172 115 220 215 203 198 193 188 184 179 237 232 227 190 134 185 180 175 170 165 118 113 108 103 248 124 119 134 109 124 124 119 114 208 203 223 218 213 208 203 241 106 231 246 241 129 223 102 131 146 113 142 180 119 114 168 158 141 240 189 110 139 131 127 122 144 191 222 102 247 116 125 104 0 106 151 197 243 138 164 210 105 151 197 242 138 184 229 125 190 236 132 
212 194 152 147 143 138 133 222 217 161 116 111 249 244 239 234 229 224 132 127 123 236 180 230 225 221 216 211 163 139 154 149 144 169 164 160 155 170 170 165 160 104 249 118 113 109 104 249 137 132 127 142 137 175 206 148 177 172 159 188 212 165 160 214 203 232 195 183 144 231 177 172 167 190 237 117 148 143 162 151 150 106 0 110 156 202 247 143 169 215 110 156 202 247 143 189 234 130 156 202 
245 247 198 193 188 183 178 118 243 207 162 157 125 139 135 130 125 120 178 173 168 132 225 126 121 116 111 107 189 185 199 195 190 215 210 205 200 196 215 211 206 149 145 164 159 154 149 145 182 177 172 168 163 221 141 162 222 218 205 233 165 191 205 229 237 207 229 197 106 206 203 218 213 236 132 163 194 189 207 197 196 151 110 0 226 122 167 213 109 154 180 226 122 167 213 109 154 200 246 141 
188 105 244 239 234 229 224 144 139 233 207 202 170 185 161 175 171 166 224 219 214 177 121 152 167 162 157 152 235 230 245 220 235 111 106 101 246 241 111 106 101 195 190 210 205 200 195 190 228 223 218 213 208 247 246 120 118 113 231 129 159 236 101 215 176 162 223 113 192 200 249 114 109 131 178 209 239 234 103 242 241 197 156 226 0 189 223 107 231 225 200 246 149 218 236 116 236 162 177 210 
218 139 139 134 130 125 120 189 185 128 103 248 216 211 206 221 216 211 100 114 110 223 167 198 212 208 203 198 131 126 121 116 131 156 151 147 142 137 157 152 147 241 236 105 231 246 241 236 124 119 114 109 104 142 110 114 164 159 160 155 244 132 127 239 228 207 186 233 174 214 144 139 135 177 224 104 135 130 149 138 137 243 202 122 189 0 247 143 189 234 130 176 221 117 143 189 234 138 183 229 
212 164 185 180 175 170 165 235 230 174 149 144 112 107 102 117 242 107 145 160 155 249 193 243 238 234 248 244 176 172 167 162 157 202 197 192 187 183 183 198 193 136 132 131 126 141 136 132 169 164 159 155 150 188 155 239 209 205 205 201 247 178 173 192 175 170 121 100 168 129 190 185 180 223 119 150 181 176 194 184 183 138 247 167 223 247 0 245 140 186 232 127 173 219 245 140 186 232 127 173 
147 119 231 226 221 216 211 131 126 220 175 170 157 152 148 143 138 153 191 186 181 145 238 139 134 129 144 119 222 217 212 207 203 248 243 238 233 228 228 243 238 182 177 177 172 167 162 177 215 210 205 200 195 234 150 182 105 100 231 246 111 223 218 175 204 227 226 204 163 163 236 231 226 118 165 196 226 221 240 229 228 164 143 213 107 143 245 0 135 181 227 122 168 194 240 135 181 227 122 168 
141 213 107 121 117 112 107 176 171 115 220 215 203 198 193 188 183 179 237 232 227 190 134 185 180 175 170 165 118 113 108 103 248 143 138 134 129 124 124 139 114 208 223 223 218 213 208 223 111 106 101 246 241 129 164 148 151 146 127 142 176 119 114 228 186 150 240 238 106 248 131 126 122 144 211 241 122 117 136 125 124 210 169 109 231 189 140 135 0 192 107 228 111 181 214 110 242 126 112 130 
190 168 152 167 162 157 152 222 217 161 116 111 249 244 239 234 229 177 132 127 122 236 180 230 225 221 216 211 163 159 154 149 144 189 184 179 174 170 170 165 160 104 119 118 113 109 104 249 156 151 146 142 137 175 237 245 196 192 173 188 249 165 160 242 220 187 179 134 143 148 177 172 167 190 237 117 168 163 181 171 150 105 215 154 225 234 186 181 192 0 133 179 224 120 166 191 237 133 178 224 
137 201 198 213 188 203 198 118 113 207 162 157 144 139 135 130 125 183 178 173 168 132 225 126 121 116 111 106 209 204 199 194 190 215 210 225 220 215 215 210 206 149 164 164 159 154 149 144 182 197 192 187 182 221 192 207 222 237 218 233 224 210 205 177 202 235 232 118 161 241 223 218 213 236 132 163 213 208 227 216 196 151 110 180 200 130 232 227 107 133 0 233 129 154 200 246 141 187 233 128 
186 235 244 239 234 249 224 163 158 102 207 202 190 185 180 175 170 228 224 219 214 177 121 172 167 162 157 152 105 100 245 240 235 111 106 121 246 111 111 106 101 195 190 210 205 200 195 190 228 243 218 233 228 116 206 150 118 133 114 129 230 106 101 159 113 124 187 152 124 144 118 113 109 131 178 209 109 234 123 112 241 197 156 226 246 176 127 122 228 179 233 0 124 169 215 241 137 182 228 124 
122 237 139 134 129 125 120 209 204 148 103 248 236 231 226 221 216 124 119 114 109 223 167 217 212 208 203 198 150 146 141 136 131 156 151 147 142 157 157 152 147 241 236 105 100 246 241 236 123 119 114 129 124 162 149 211 164 159 160 175 102 152 147 134 225 118 181 221 146 178 164 159 154 177 224 104 135 130 168 158 137 242 202 122 149 221 173 168 111 224 129 124 0 241 144 158 121 135 110 238 
195 121 185 180 175 170 165 105 230 194 149 144 112 126 122 117 112 170 165 160 155 119 212 113 108 103 248 243 176 171 186 181 177 202 197 192 187 182 202 197 193 136 132 151 146 141 136 131 169 164 159 155 150 208 159 126 209 204 205 220 148 178 192 247 215 213 176 247 179 101 190 205 200 223 119 150 180 176 214 203 202 138 247 167 218 117 219 194 181 120 154 169 241 0 233 117 186 192 108 106 
229 234 231 226 221 216 211 131 126 220 194 189 157 172 167 162 157 215 211 206 201 164 108 139 154 149 144 139 222 217 232 207 222 248 243 238 233 228 248 243 238 182 177 197 192 187 182 177 215 210 205 200 195 234 133 218 105 100 101 116 185 223 238 123 108 210 111 186 225 186 236 100 246 118 165 196 226 221 110 249 248 184 143 213 236 143 245 240 214 166 200 215 144 233 0 132 177 223 119 164 
183 212 126 121 116 112 107 176 171 115 240 235 203 198 193 208 203 111 236 101 246 210 154 185 199 195 190 185 118 113 108 103 118 143 138 134 129 124 144 139 134 228 223 242 218 232 228 223 110 106 101 246 241 129 139 236 151 146 147 142 175 119 114 196 231 178 204 171 215 240 131 126 121 164 211 241 122 117 136 145 144 229 189 109 116 189 140 135 110 191 246 241 158 117 132 0 188 234 130 175 
216 147 172 167 162 157 152 222 217 161 136 131 249 244 239 104 229 137 132 147 142 236 180 230 225 220 235 230 163 158 154 149 144 189 184 179 174 169 189 184 180 123 119 118 113 128 123 118 156 151 146 142 137 175 157 179 196 191 192 187 185 165 160 170 227 157 218 128 209 104 177 172 167 210 106 137 167 163 181 190 189 125 234 154 236 234 186 181 242 237 141 137 121 186 177 188 0 229 125 170 
140 161 218 213 208 203 198 118 113 207 181 157 144 139 134 130 125 183 178 173 168 132 225 126 121 116 131 106 209 204 199 194 190 235 230 225 220 215 215 230 225 169 164 164 159 174 149 164 202 197 192 187 182 221 112 134 242 237 218 233 111 210 205 107 100 121 102 103 184 189 223 218 213 105 152 183 213 208 227 236 235 190 130 200 162 138 232 227 126 133 187 182 135 192 223 234 229 0 120 166 
213 156 113 108 103 249 244 163 158 102 207 202 190 185 180 175 170 228 223 219 214 177 121 172 167 162 157 152 105 100 245 240 235 130 125 121 116 111 111 126 101 215 210 209 205 200 195 210 247 243 238 233 228 116 187 132 138 133 114 129 216 106 101 140 136 142 246 224 178 144 118 113 108 131 198 228 109 104 123 112 111 236 156 246 177 183 127 122 112 178 233 228 110 108 119 130 125 120 0 208 
109 248 139 154 149 144 139 209 204 148 103 248 236 231 226 221 216 124 119 114 109 223 167 217 212 207 203 198 150 145 141 136 131 176 171 166 161 156 157 152 147 241 105 105 100 245 241 236 143 138 133 129 124 162 209 106 183 178 160 174 230 152 147 174 108 113 200 120 152 197 164 159 154 177 224 104 154 150 168 158 157 132 202 141 210 229 173 168 130 224 128 124 238 106 164 175 170 166 208 0 

3713 0 75 4844
3539 0 75 5000
3441 0 75 4571
4329 0 75 2951
2515 1 76 3640
4524 1 76 3147
2523 1 76 3649
4009 1 76 2961
4370 2 76 2993
2826 2 76 4283
3325 2 76 4455
4942 2 76 3567
4974 3 76 3930
4289 3 77 2912
4789 3 77 3413
3577 3 77 4707
3938 4 77 2559
4235 4 77 2857
4735 4 77 3690
2734 4 77 4191
3095 5 77 4224
3068 5 77 4196
3567 5 78 4698
4067 5 78 2689
4428 6 78 3051
4928 6 78 3553
3914 6 78 2534
4413 6 78 3367
4774 7 78 3399
2774 7 78 3901
3273 7 78 4733
4102 7 78 2723
4134 8 79 2756
2645 8 79 3771
3144 8 79 4273
3644 8 79 4775
4334 9 79 2956
4833 9 79 3458
2833 9 79 4290
3661 9 79 4792
4351 10 80 2974
4851 10 80 3476
2850 10 80 3977
3350 10 80 4479
4040 11 80 2661
4539 11 80 3493
2868 11 80 3995
3367 11 80 4497
4057 12 80 2678
4556 12 81 3180
2556 12 81 3682
3056 12 81 4184
3745 13 81 4877
4245 13 81 2867
4745 13 81 3699
3073 13 81 4201
3434 14 81 4894
4262 14 81 2885
4762 14 81 3387
2761 14 82 3888
3451 15 82 4581
3951 15 82 2572
4450 15 82 3404
2779 15 82 3906
3469 16 82 4599
3751 16 82 4882
4250 16 82 3203
2579 16 83 3705
2611 17 83 4067
3439 17 83 4569
3939 17 83 2560
4438 17 83 3392
4799 18 83 3424
2799 18 83 3926
3298 18 83 4428
3798 18 83 2749
4626 18 84 3250
4658 19 84 3283
2658 19 84 4115
3486 19 84 4617
3986 19 84 2607
4486 19 84 3109
4518 20 84 3472
2846 20 84 3973
3346 20 84 4475
3845 20 84 4977
4345 20 85 3298
4706 21 85 3330
2705 21 85 3832
3205 21 85 4334
3704 21 85 2655
4204 21 85 3156
4565 22 85 3189
2565 22 85 4021
3393 22 85 4523
3893 22 86 2513
4392 22 86 3015
4424 23 86 3378
2753 23 86 3880
3252 23 86 4381
3752 23 86 4883
4251 23 86 3204
4612 24 86 3236
2612 24 86 3738
3111 24 87 4240
3611 24 87 2561
4111 24 87 3063
4472 75 87 3095
4971 75 87 3927
2971 75 87 4429
3799 75 87 4931
4299 75 87 2921
4989 76 87 3614
2988 76 87 4116
3488 76 88 4618
3987 76 88 2608
4487 76 88 3440
2677 77 88 4133
3505 77 88 4635
4005 77 88 2626
4504 77 88 3128
2504 77 88 3629
3194 78 88 4322
3693 78 89 2643
4193 78 89 2815
4692 78 89 3647
3021 78 89 4149
3710 79 89 4842
4210 79 89 2832
3553 79 89 5014
4382 79 89 3005
4881 79 90 3506
3071 80 90 4199
3571 80 90 2520
4399 80 90 3022
4898 80 90 3524
2898 80 90 4026
3588 81 90 4718
4087 81 90 2709
4587 81 90 3211
2587 81 91 3713
3086 81 91 4545
3776 82 91 2726
4604 82 91 3228
2604 82 91 3730
3104 82 91 4232
3603 82 91 4734
4293 83 91 2915
4792 83 91 3748
3121 83 91 4249
3620 83 92 4751
4120 83 92 2742
4620 83 92 3574
4981 84 92 3606
2980 84 92 4438
3480 84 92 4940
3979 84 92 2931
4808 84 92 3432
2807 84 92 4265
3168 85 93 4297
3668 85 93 2618
4167 85 93 2789
4667 85 93 3621
2995 85 93 4123
3495 85 93 4625
4185 86 93 2807
4684 86 93 3309
2684 86 93 3810
3183 86 93 4642
2827 86 94 3954
3327 86 94 4456
4017 87 94 2638
4516 87 94 3140
2516 87 94 3641
3015 87 94 4474
3515 87 94 4975
4343 87 94 2966
2533 88 94 3659
3033 88 95 4161
3532 88 95 4662
4032 88 95 2653
4531 88 95 3155
2531 88 95 3987
3221 89 95 4350
3720 89 95 2670
4549 89 95 3172
2548 89 95 3674
3048 89 96 4176
3547 89 96 4678
4237 90 96 2859
4737 90 96 3692
2736 90 96 4193
3236 90 96 4695
4064 90 96 2686
4564 90 96 3188
2754 91 96 3880
3253 91 96 4382
3753 91 97 4884
4252 91 97 3205
2581 91 97 3707
3080 91 97 4209
3770 92 97 4902
4270 92 97 2892
4769 92 97 3394
2769 92 97 3896
3268 92 97 4398
3768 92 98 2718
4458 93 98 3411
2786 93 98 3913
3286 93 98 4415
3785 93 98 4917
4285 93 98 2907
4784 93 98 3409
2974 94 98 4432
3474 94 98 4934
3973 94 98 2925
4802 94 99 3427
2801 94 99 3928
3301 94 99 4430
3991 95 99 2612
4490 95 99 3114
4990 95 99 3946
3318 95 99 4448
3489 95 99 4949
4317 95 99 2940
4678 96 0 3633
4711 97 0 3665
2572 98 0 3698
2604 99 0 3730

30510

0 431 30
1 819 32
2 616 42
3 749 36
4 450 23
5 347 45
6 402 27
7 458 44
8 870 30
9 668 43
10 329 25
11 839 42
12 599 28
13 359 41
14 770 27
15 530 44
16 290 26
17 581 48
18 341 30
19 752 47
20 512 33
21 272 46
22 782 32
23 444 49
24 954 31
25 714 48
26 473 34
27 885 21
28 645 33
29 405 20
30 915 36
31 576 23
32 336 35
33 403 23
34 913 39
35 574 22
36 334 38
37 844 25
38 604 37
39 265 24
40 775 40
41 535 23
42 946 39
43 706 26
44 466 42
45 976 25
46 637 41
47 397 28
48 907 40
49 667 26
50 328 43
51 838 29
52 598 42
53 358 28
54 770 45
55 530 27
56 289 44
57 799 30
58 461 43
59 971 29
60 731 46
61 392 28
62 902 45
63 662 31
64 422 47
65 572 47
66 332 34
67 841 20
68 503 33
69 263 49
70 773 36
71 434 48
72 944 34
73 704 47
74 464 33
75 974 20
76 635 32
77 395 49
78 905 35
79 665 22
80 326 34
81 836 21
82 596 37
83 356 20
84 866 36
85 626 23
86 287 35
87 797 22
88 557 38
89 317 20
90 728 37
91 488 23
92 998 36
93 758 22
94 419 39
95 929 21
96 689 38
97 449 24
98 861 41
99 621 23
