100 174 3

0 114 112 111 240 238 237 236 214 213 101 159 197 235 143 181 239 127 165 223 111 168 206 244 152 190 228 136 174 232 120 158 216 104 162 200 238 146 184 241 130 168 225 113 171 209 247 155 193 231 139 177 235 182 220 128 166 204 203 241 148 246 134 192 230 137 175 213 121 159 217 105 143 201 239 147 185 223 131 169 207 115 153 210 248 169 187 245 133 171 229 117 174 122 160 218 106 144 201 240 
114 0 121 119 248 136 194 232 120 237 125 163 221 109 167 205 243 210 248 136 194 232 140 178 216 183 221 109 167 205 112 151 189 156 194 232 139 177 235 123 161 128 166 204 112 150 208 246 134 192 230 138 176 214 122 160 198 165 203 111 149 187 245 133 171 228 116 174 212 100 158 196 104 201 239 147 185 223 131 169 227 174 212 120 158 196 104 142 200 182 181 219 127 165 223 111 149 116 154 192 
112 121 0 174 212 100 158 196 234 142 180 238 126 223 222 130 168 225 113 151 209 156 195 102 140 198 236 124 182 149 207 245 153 191 229 137 175 122 180 218 125 164 202 109 147 245 152 191 248 136 174 232 120 217 125 163 221 109 147 205 243 190 248 136 174 232 120 178 216 163 221 109 147 205 243 151 189 227 135 173 230 118 156 214 102 200 107 145 203 241 129 187 225 133 171 209 117 155 213 101 
111 119 174 0 109 147 185 243 131 229 136 174 232 120 158 216 104 221 109 167 205 243 194 212 100 198 105 144 201 239 127 185 223 131 169 207 115 153 211 249 137 124 162 219 107 165 203 241 149 246 134 192 230 138 176 214 122 219 107 165 203 111 149 187 245 192 230 138 176 234 122 160 218 165 203 111 149 207 245 133 190 138 176 233 122 179 217 105 163 110 149 206 244 132 190 228 136 233 121 179 
240 248 212 109 0 167 205 243 151 189 246 134 172 139 177 216 123 161 219 107 145 203 241 149 187 225 133 171 209 176 214 102 160 198 106 144 182 149 187 225 133 171 228 116 155 121 160 198 105 143 201 239 127 244 132 170 228 116 174 212 100 158 196 104 142 180 238 126 184 131 169 227 115 153 210 249 156 104 142 199 237 126 183 221 109 226 114 172 210 248 156 194 232 199 237 125 183 221 129 167 
238 136 100 147 167 0 121 160 198 165 203 241 148 186 225 132 170 137 175 213 121 159 197 105 143 240 148 186 244 132 170 228 116 174 212 100 158 196 104 142 180 147 185 223 131 169 226 114 152 210 248 156 194 232 140 178 216 183 221 129 167 205 113 151 189 156 194 232 140 178 176 214 122 219 108 165 203 241 149 187 245 192 230 138 176 214 122 160 218 106 144 202 240 148 186 224 131 193 191 190 
237 194 158 185 205 121 0 163 220 109 166 204 242 209 247 135 193 231 139 177 215 182 220 108 166 204 112 150 188 155 193 231 139 177 215 123 161 128 166 204 112 150 188 246 134 231 139 177 235 123 161 218 106 204 112 150 207 245 133 191 229 137 175 213 121 159 217 105 143 110 148 186 244 132 190 228 116 174 212 119 157 195 103 141 179 146 184 222 130 168 226 114 152 119 157 195 103 141 199 237 
236 232 196 243 243 160 163 0 228 175 233 121 159 217 105 163 201 148 206 244 132 190 228 136 174 121 120 177 215 103 161 199 107 204 242 150 188 226 134 172 230 177 215 123 161 199 107 145 203 150 188 246 134 172 230 118 175 123 161 219 107 145 202 241 148 246 134 191 229 117 175 213 121 218 106 164 202 240 148 186 244 191 229 137 175 213 121 159 217 105 143 201 239 127 185 223 130 228 116 173 
214 120 234 131 151 198 220 228 0 183 241 129 187 134 172 230 118 156 213 102 159 107 145 202 240 129 186 224 132 229 117 175 213 101 202 221 109 206 114 152 190 248 136 174 232 179 237 125 163 220 109 147 204 152 190 247 136 193 231 119 177 124 163 220 108 166 204 242 150 247 135 193 231 139 177 215 123 220 108 166 204 112 150 188 246 193 231 139 177 235 123 161 218 166 204 112 150 207 245 133 
213 237 142 229 189 165 109 175 183 0 169 227 115 153 211 249 157 195 233 141 179 236 124 162 220 167 206 113 151 209 247 135 193 231 119 177 215 123 161 199 107 204 242 150 188 246 134 172 229 177 215 123 161 218 106 145 202 150 188 245 133 191 229 117 175 122 160 218 106 164 202 240 148 245 133 191 229 137 175 213 121 218 106 164 202 110 148 186 244 191 229 137 175 232 121 159 216 164 202 109 
101 125 180 136 246 203 166 233 241 169 0 124 162 109 167 205 113 151 189 247 135 232 140 178 236 124 162 220 108 205 113 151 209 247 135 192 230 178 235 124 181 219 107 165 203 111 149 187 245 133 171 229 117 234 122 160 218 106 144 202 240 147 186 224 131 169 227 115 153 120 158 196 104 142 200 238 126 243 131 169 227 115 114 152 209 157 195 103 141 179 236 125 163 130 168 225 113 151 209 247 
159 163 238 174 134 241 204 121 129 227 124 0 240 128 186 224 112 229 117 155 213 101 159 197 235 202 240 128 186 224 112 170 208 175 213 101 158 196 235 142 180 128 185 223 131 169 207 115 153 100 158 196 104 142 180 238 126 223 131 169 227 115 153 211 249 196 104 142 200 238 126 184 222 129 167 206 113 151 209 247 135 102 140 178 236 124 182 220 108 166 204 242 150 188 246 134 172 139 177 215 
197 221 126 232 172 148 242 159 187 115 162 240 0 234 103 141 179 237 125 182 220 168 225 113 152 209 247 155 193 140 198 236 124 182 220 128 166 113 132 170 208 115 154 211 249 197 104 142 181 238 126 164 222 169 227 115 153 211 249 137 195 142 180 238 126 184 222 110 168 115 153 211 249 157 195 233 141 238 126 184 222 130 168 206 113 211 249 157 195 102 140 178 236 184 222 129 167 225 113 151 
235 109 223 120 139 186 209 217 134 153 109 128 234 0 169 207 246 153 191 249 137 175 233 121 179 126 164 222 110 148 206 244 152 249 137 195 233 121 179 217 124 222 110 168 206 244 112 111 149 116 154 192 100 138 176 233 121 219 126 165 222 110 148 206 244 192 249 137 195 233 121 179 217 164 222 110 168 206 244 152 190 137 195 233 141 179 217 125 163 110 168 206 114 152 190 247 136 233 141 179 
143 167 222 158 177 225 247 105 172 211 167 186 103 169 0 144 182 240 128 186 224 171 229 117 155 213 101 158 197 235 142 180 238 126 164 222 110 207 115 153 191 249 137 195 233 121 179 217 175 154 212 100 138 105 143 181 239 127 185 223 111 228 116 154 212 100 158 196 234 220 108 166 204 112 150 188 246 193 231 139 177 215 123 161 219 166 204 112 150 188 246 134 192 139 177 235 123 161 219 107 
181 205 130 216 216 132 135 163 230 249 205 224 141 207 144 0 221 168 226 114 171 210 248 155 193 141 198 236 144 182 220 128 166 113 171 209 117 155 193 101 139 197 235 123 181 219 107 165 203 150 208 246 154 192 230 137 175 123 181 219 126 164 202 110 148 246 153 191 249 137 175 233 121 218 126 164 222 110 148 206 244 191 249 137 195 233 121 179 217 164 222 110 168 206 204 242 130 247 135 173 
239 243 168 104 123 170 193 201 118 157 113 112 179 246 182 221 0 235 123 161 219 180 179 158 216 104 161 200 238 205 243 131 188 226 134 172 210 177 215 103 161 199 237 145 183 150 188 226 134 172 210 118 156 103 161 199 107 145 183 241 129 226 134 172 230 118 156 214 102 199 107 145 203 241 129 186 224 172 229 118 175 213 101 159 197 145 202 240 148 186 224 132 170 117 175 213 121 159 197 105 
127 210 225 221 161 137 231 148 156 195 151 229 237 153 240 168 235 0 184 222 130 168 206 114 152 249 118 156 214 102 140 197 235 183 241 129 186 224 112 170 208 156 213 101 159 197 235 143 181 128 147 185 223 131 169 226 114 212 120 158 196 103 141 180 237 185 242 130 168 226 114 152 210 157 195 103 141 199 237 125 183 130 168 226 114 172 210 248 156 103 141 199 237 145 183 221 129 226 114 172 
165 248 113 109 219 175 139 206 213 233 189 117 125 191 128 226 123 184 0 159 217 164 202 110 148 186 244 132 190 228 116 173 211 119 157 195 103 200 238 146 184 242 130 168 226 173 211 119 157 195 103 141 199 146 184 242 130 168 186 185 223 190 228 116 174 212 120 158 196 163 201 239 147 185 242 131 169 136 174 212 119 157 215 103 141 108 146 184 242 130 188 226 114 231 119 157 215 103 161 199 
223 136 151 167 107 213 177 244 102 141 247 155 182 249 186 114 161 222 159 0 133 191 229 117 175 122 160 218 106 164 202 240 148 245 133 191 229 137 175 213 121 218 106 164 202 110 148 186 244 191 229 137 175 233 121 159 216 104 162 200 238 146 184 222 130 227 115 173 211 119 157 195 103 200 238 146 184 242 130 168 226 173 211 119 157 215 103 141 198 146 184 242 130 187 225 114 171 119 157 214 
111 194 209 205 145 121 215 132 159 179 135 213 220 137 224 171 219 130 217 133 0 207 245 153 191 229 136 175 232 180 218 125 163 201 109 147 205 152 190 248 136 174 232 120 178 125 163 221 109 147 205 243 131 248 136 194 232 120 178 216 104 221 109 147 205 243 151 189 227 194 232 120 177 216 123 161 199 166 204 243 150 188 246 134 172 230 118 176 214 102 160 198 106 203 241 149 187 225 133 171 
168 232 156 243 203 159 182 190 107 236 232 101 168 175 171 210 180 168 164 191 207 0 142 200 238 185 243 131 189 227 115 172 210 159 157 195 103 141 199 237 125 242 130 168 226 114 172 210 248 215 103 141 199 237 145 183 221 188 226 114 172 210 117 156 194 161 199 237 144 182 240 128 166 133 171 209 117 155 193 101 139 106 144 182 240 128 166 224 112 209 117 155 213 101 139 197 235 182 240 128 
206 140 195 194 241 197 220 228 145 124 140 159 225 233 229 248 179 206 202 229 245 142 0 157 215 103 141 199 237 184 242 130 187 226 114 171 209 157 175 213 101 159 197 235 143 240 128 186 224 132 170 208 116 213 101 159 197 105 143 181 238 186 184 242 130 188 226 114 172 119 157 215 103 161 199 237 145 242 130 188 226 133 172 210 117 215 103 160 199 106 144 182 240 187 225 133 171 229 117 155 
244 178 102 212 149 105 108 136 202 162 178 197 113 121 117 155 158 114 110 117 153 200 157 0 196 223 100 107 115 122 129 137 144 171 179 186 213 220 228 235 243 120 127 134 142 169 157 184 191 218 226 233 240 248 105 112 120 167 174 181 189 196 203 211 218 115 103 130 137 145 152 179 186 214 221 228 236 243 100 128 115 162 169 177 184 192 199 206 214 241 248 125 133 140 147 155 162 189 197 224 
152 216 140 100 187 143 166 174 240 220 236 235 152 179 155 193 216 152 148 175 191 238 215 196 0 234 241 249 106 133 140 148 175 182 190 197 204 232 239 246 104 131 138 146 153 180 187 195 202 210 217 244 232 129 136 143 151 158 165 173 180 227 215 242 249 106 114 121 129 156 163 190 198 205 212 220 227 104 112 119 146 134 161 168 176 203 210 217 225 232 240 117 124 151 159 166 173 181 188 195 
190 183 198 198 225 240 204 121 129 167 124 202 209 126 213 141 104 249 186 122 229 185 103 223 234 0 102 110 117 125 132 139 166 193 201 208 216 223 230 238 245 122 149 157 164 171 179 186 194 221 228 235 113 120 127 135 142 169 177 184 191 218 206 233 241 118 125 132 140 147 155 162 169 216 223 231 238 246 103 110 118 165 152 179 187 194 201 209 216 243 101 108 135 143 150 157 165 192 199 207 
228 221 236 105 133 148 112 120 186 206 162 240 247 164 101 198 161 118 244 160 136 243 141 100 241 102 0 101 109 136 143 150 158 185 173 200 207 234 242 249 106 114 121 128 155 202 229 236 243 101 108 115 123 150 157 184 172 199 207 214 221 248 106 113 121 128 155 162 170 197 204 212 219 226 104 241 118 145 153 160 168 175 182 190 197 224 101 109 116 123 131 138 145 173 180 187 214 222 229 237 
136 109 124 144 171 186 150 177 224 113 220 128 155 222 158 236 200 156 132 218 175 131 199 107 249 110 101 0 249 126 134 141 148 175 183 190 198 205 232 239 247 124 131 139 146 153 161 168 195 222 230 237 114 122 129 136 144 171 178 186 193 220 208 235 242 119 127 134 141 149 156 164 171 218 225 233 240 247 105 112 119 166 154 181 188 196 203 211 218 245 102 110 137 144 152 159 166 194 201 208 
174 167 182 201 209 244 188 215 132 151 108 186 193 110 197 144 238 214 190 106 232 189 237 115 106 117 109 249 0 137 145 152 160 187 194 201 209 216 224 231 238 246 103 110 138 165 172 179 187 194 201 209 216 243 231 108 115 123 130 138 145 172 179 187 214 221 229 236 243 121 128 135 143 150 177 185 192 219 226 234 241 249 106 133 140 167 175 202 190 217 224 231 239 116 123 131 138 145 173 180 
232 205 149 239 176 132 155 103 229 209 205 224 140 148 235 182 205 102 228 164 180 227 184 122 133 125 136 126 137 0 247 124 131 158 166 173 180 188 195 222 210 107 114 122 129 136 144 151 158 205 193 220 227 235 242 100 107 134 141 168 176 183 191 198 205 213 220 227 235 112 100 127 134 161 169 176 183 191 198 225 213 240 247 105 112 119 127 134 142 169 196 203 211 218 225 233 240 117 125 132 
120 112 207 127 214 170 193 161 117 247 113 112 198 206 142 220 243 140 116 202 218 115 242 129 140 132 143 134 145 247 0 246 103 110 118 125 132 160 167 174 182 189 216 224 231 108 115 123 130 137 145 152 179 206 214 221 229 236 243 101 108 135 162 170 177 184 192 199 207 234 241 118 126 133 140 148 155 182 190 197 204 231 239 246 103 131 138 145 153 160 167 175 202 209 217 224 231 239 246 104 
158 151 245 185 102 228 231 199 175 135 151 170 236 244 180 128 131 197 173 240 125 172 130 137 148 139 150 141 152 124 246 0 185 212 239 247 104 111 119 126 134 161 168 195 203 210 217 225 232 109 117 124 131 158 146 173 181 104 131 139 146 154 161 168 176 203 230 218 245 102 109 117 124 151 159 166 173 201 208 215 223 100 107 115 122 149 137 164 171 198 206 213 220 228 235 242 120 147 154 161 
216 189 153 223 160 116 139 107 213 193 209 208 124 152 238 166 188 235 211 148 163 210 187 144 175 166 158 148 160 131 103 185 0 100 108 115 122 169 157 184 191 199 206 214 221 248 105 113 140 147 155 162 169 197 204 211 219 226 103 111 118 145 152 179 187 194 202 209 216 243 101 108 116 143 150 157 165 192 199 207 214 221 249 106 113 140 148 155 163 170 177 185 212 239 246 104 111 118 126 133 
104 156 191 131 198 174 177 204 101 231 247 175 182 249 126 113 226 183 119 245 201 159 226 171 182 193 185 175 187 158 110 212 100 0 119 146 153 161 168 175 183 210 217 225 102 109 117 124 131 139 146 153 161 188 176 203 210 237 245 102 109 117 124 131 159 186 193 200 208 215 223 230 237 134 122 149 156 164 171 178 186 213 220 228 105 112 119 127 134 161 169 176 183 191 218 225 233 110 117 144 
162 194 229 169 106 212 215 242 202 119 135 213 220 137 164 171 134 241 157 133 109 157 114 179 190 201 173 183 194 166 118 239 108 119 0 118 125 152 160 167 194 201 209 216 224 101 108 115 123 150 157 165 172 199 206 214 221 229 236 113 101 148 155 162 170 177 184 192 199 246 234 111 118 126 133 140 148 155 162 170 197 204 212 219 226 104 111 118 126 153 140 168 175 202 209 217 224 231 239 116 
200 232 137 207 144 100 123 150 221 177 192 101 128 195 222 209 172 129 195 191 147 195 171 186 197 208 200 190 201 173 125 247 115 146 118 0 116 124 131 139 146 173 200 208 215 222 230 237 244 122 129 156 163 171 178 186 193 220 227 235 242 119 127 134 141 168 176 183 191 198 225 232 240 117 124 132 139 146 154 161 188 215 223 230 238 245 102 110 117 144 171 179 186 193 201 208 216 243 100 107 
238 139 175 115 182 158 161 188 109 215 230 158 166 233 110 117 210 186 103 229 205 103 209 213 204 216 207 198 209 180 132 104 122 153 125 116 0 115 123 130 137 145 152 179 187 214 221 228 236 243 101 108 115 162 170 177 184 192 199 206 214 111 248 125 133 140 148 155 162 137 164 172 179 186 194 201 209 236 243 100 128 135 142 150 157 184 192 199 206 214 221 248 106 133 140 147 155 162 170 177 
146 177 122 153 149 196 128 226 206 123 178 196 113 121 207 155 177 224 200 137 152 141 157 220 232 223 234 205 216 188 160 111 169 161 152 124 115 0 192 200 207 104 241 118 126 133 141 148 155 163 170 178 205 192 219 227 234 111 119 126 133 141 148 175 183 210 217 224 232 239 247 104 111 158 166 173 180 207 215 222 230 107 114 121 129 136 163 151 178 205 212 220 227 235 242 249 107 248 106 113 
184 235 180 211 187 104 166 134 114 161 235 235 132 179 115 193 215 112 238 175 190 199 175 228 239 230 242 232 224 195 167 119 157 168 160 131 123 192 0 155 163 170 177 185 192 219 227 104 111 119 126 133 141 168 175 182 210 217 224 232 239 246 104 111 119 126 133 160 168 195 202 210 217 224 232 239 247 124 131 138 146 153 161 168 175 202 230 217 244 102 109 116 124 151 158 166 173 200 208 215 
241 123 218 249 225 142 204 172 152 199 124 142 170 217 153 101 103 170 146 213 248 237 213 235 246 238 249 239 231 222 174 126 184 175 167 139 130 200 155 0 115 142 149 176 184 191 198 206 213 240 248 105 112 139 147 154 162 189 196 203 211 218 245 103 110 137 145 152 159 167 174 181 209 236 243 100 108 115 122 130 137 164 191 179 206 214 221 228 236 243 100 108 115 142 150 157 164 192 199 206 
130 161 125 137 133 180 112 230 190 107 181 180 208 124 191 139 161 208 184 121 136 125 101 243 104 245 106 247 238 210 182 134 191 183 194 146 137 207 163 115 0 244 101 108 136 163 170 177 185 192 200 207 214 241 118 126 133 141 148 155 163 190 197 205 232 239 246 104 111 138 146 153 160 188 175 202 210 237 244 102 109 116 124 131 138 185 193 200 207 215 222 230 237 134 121 148 156 163 171 178 
168 128 164 124 171 147 150 177 248 204 219 128 115 222 249 197 199 156 242 218 174 242 159 120 131 122 114 124 246 107 189 161 199 210 201 173 145 104 170 142 244 0 223 230 238 245 102 129 137 164 171 179 186 193 201 208 215 112 120 127 134 142 149 157 164 211 198 226 233 240 248 105 112 140 147 154 181 189 196 204 211 107 114 121 129 136 144 151 158 205 213 220 227 235 242 249 107 134 141 168 
225 166 202 162 228 185 188 215 136 242 107 185 154 110 137 235 237 213 130 106 232 130 197 127 138 149 121 131 103 114 216 168 206 217 209 200 152 241 177 149 101 223 0 240 248 125 132 139 147 154 162 189 196 223 231 238 245 103 110 117 145 132 159 167 174 181 189 196 204 231 108 115 122 130 137 145 152 179 186 214 201 228 236 243 100 128 155 162 169 177 184 192 199 226 103 241 118 125 133 140 
113 204 109 219 116 223 246 123 174 150 165 223 211 168 195 123 145 101 168 164 120 168 235 134 146 157 128 139 110 122 224 195 214 225 216 208 179 118 185 176 108 230 240 0 239 246 123 111 138 165 173 180 187 195 202 210 217 114 121 129 136 143 151 158 165 193 220 227 234 242 249 107 114 141 148 176 163 190 198 205 212 239 247 104 112 119 126 153 161 168 176 183 190 198 205 212 220 117 124 131 
171 112 147 107 155 131 134 161 232 188 203 131 249 206 233 181 183 159 226 202 178 226 143 142 153 164 155 146 138 129 231 203 221 102 224 215 187 126 192 184 136 238 248 239 0 108 115 122 130 137 144 152 159 206 213 221 228 236 243 100 108 154 142 169 177 184 191 199 206 233 241 248 105 132 140 147 155 182 189 196 204 211 238 226 103 130 138 145 152 160 167 174 202 229 236 243 101 108 115 123 
209 150 245 165 121 169 231 199 179 246 111 169 197 244 121 219 150 197 173 110 125 114 240 169 180 171 202 153 165 136 108 210 248 109 101 222 214 133 219 191 163 245 125 246 108 0 237 244 101 128 136 143 151 178 165 192 200 227 234 242 249 106 114 121 148 175 183 190 198 205 212 220 227 124 131 139 146 153 161 168 175 203 210 217 244 102 109 117 124 151 158 166 173 181 208 215 222 100 107 114 
247 208 152 203 160 226 139 107 237 134 149 207 104 112 179 107 188 235 211 148 163 172 128 157 187 179 229 161 172 144 115 217 105 117 108 230 221 141 227 198 170 102 132 123 115 237 0 235 243 100 108 115 122 149 157 184 191 199 206 213 221 248 105 113 120 147 154 162 169 196 204 211 218 226 103 241 118 145 152 160 167 174 182 189 196 243 101 108 115 123 130 138 145 197 205 212 239 227 104 111 
155 246 191 241 198 114 177 145 125 172 187 115 142 111 217 165 226 143 119 186 221 210 186 184 195 186 236 168 179 151 123 225 113 124 115 237 228 148 104 206 177 129 139 111 122 244 235 0 110 137 144 151 159 166 173 181 188 196 203 230 237 245 102 110 117 144 151 159 166 193 201 208 215 223 230 238 245 102 110 137 144 171 179 186 193 201 208 216 223 100 127 135 142 149 157 164 171 199 241 178 
193 134 248 149 105 152 235 203 163 229 245 153 181 149 175 203 134 181 157 244 109 248 224 191 202 194 243 195 187 158 130 232 140 131 123 244 236 155 111 213 185 137 147 138 130 101 243 110 0 207 234 111 118 165 153 180 187 195 202 209 217 244 101 109 136 143 151 158 165 192 200 207 214 222 249 106 114 141 148 156 163 170 178 205 192 220 227 234 242 249 106 114 121 168 156 183 190 198 205 212 
231 192 136 246 143 210 123 150 220 177 133 100 238 116 154 150 172 128 195 191 147 215 132 218 210 221 101 222 194 205 137 109 147 139 150 122 243 163 119 240 192 164 154 165 137 128 100 137 207 0 206 233 240 247 105 112 120 147 154 161 188 176 203 211 218 245 102 110 117 125 132 159 166 194 201 208 216 223 230 238 245 122 149 157 164 172 179 186 194 221 228 105 113 120 127 135 142 169 177 184 
139 230 174 134 201 248 161 188 109 215 171 158 126 154 212 208 210 147 103 229 205 103 170 226 217 228 108 230 201 193 145 117 155 146 157 129 101 170 126 248 200 171 162 173 144 136 108 144 234 206 0 165 172 199 226 234 241 249 106 113 121 148 155 182 190 197 204 212 219 227 234 241 118 106 133 141 148 175 182 190 197 205 212 239 246 123 131 138 146 153 160 168 175 202 229 237 244 101 109 116 
177 138 232 192 239 156 218 246 147 123 229 196 164 192 100 246 118 185 141 137 243 141 208 233 244 235 115 237 209 220 152 124 162 153 165 156 108 178 133 105 207 179 189 180 152 143 115 151 111 233 165 0 144 151 159 186 193 201 208 215 223 230 237 245 102 129 156 164 171 179 186 193 201 228 235 112 120 127 134 142 149 176 184 191 198 225 233 240 248 125 132 139 147 154 181 189 196 203 211 218 
235 176 120 230 127 194 106 134 204 161 117 104 222 100 138 154 156 223 199 175 131 199 116 240 232 113 123 114 216 227 179 131 169 161 172 163 115 205 141 112 214 186 196 187 159 151 122 159 118 240 172 144 0 114 141 149 156 163 171 178 185 213 240 247 104 112 119 127 134 141 149 156 183 171 198 205 213 240 247 105 112 119 146 154 161 169 196 223 100 127 174 201 228 125 132 140 147 154 181 169 
182 214 217 138 244 232 204 172 152 218 234 142 169 138 105 192 103 131 146 233 248 237 213 248 129 120 150 122 243 235 206 158 197 188 199 171 162 192 168 139 241 193 223 195 206 178 149 166 165 247 199 151 114 0 231 238 246 123 130 138 145 172 180 187 194 221 229 236 244 101 128 116 143 170 177 185 192 199 207 214 221 249 126 133 140 148 155 163 170 197 224 232 239 246 104 111 118 126 133 141 
220 122 125 176 132 140 112 230 190 106 122 180 227 176 143 230 161 169 184 121 136 145 101 105 136 127 157 129 231 242 214 146 204 176 206 178 170 219 175 147 118 201 231 202 213 165 157 173 153 105 226 159 141 231 0 190 198 205 232 240 247 124 131 139 146 154 161 168 195 223 230 237 245 102 109 117 124 151 178 186 193 201 208 215 223 100 107 134 142 149 156 164 171 198 206 213 220 247 235 112 
128 160 163 214 170 178 150 118 247 145 160 238 115 233 181 137 199 226 242 159 194 183 159 112 143 135 184 136 108 100 221 173 211 203 214 186 177 227 182 154 126 208 238 210 221 192 184 181 180 112 234 186 149 238 190 0 150 177 184 192 219 226 233 241 248 125 133 140 147 175 162 189 197 224 231 239 246 103 111 118 145 153 160 167 175 182 189 197 204 231 108 116 123 130 138 145 153 180 187 214 
166 198 221 122 228 216 207 175 136 202 218 126 153 121 239 175 107 114 130 216 232 221 197 120 151 142 172 144 115 107 229 181 219 210 221 193 184 234 210 162 133 215 245 217 228 200 191 188 187 120 241 193 156 246 198 150 0 129 136 144 171 198 205 213 220 227 235 242 249 107 114 122 149 156 163 171 178 205 213 220 227 104 242 119 127 154 161 168 176 183 191 198 225 102 110 117 124 132 139 146 
204 165 109 219 116 183 245 123 193 150 106 223 211 219 127 123 145 212 168 104 120 188 105 167 158 169 199 171 123 134 236 104 226 237 229 220 192 111 217 189 141 112 103 114 236 227 199 196 195 147 249 201 163 123 205 177 129 0 142 150 157 184 192 199 206 234 241 248 106 113 140 128 155 182 189 197 204 212 219 226 234 241 118 125 133 140 148 155 162 189 197 224 212 239 246 103 111 118 126 133 
203 203 147 107 174 221 133 161 231 188 144 131 249 126 185 181 183 120 186 162 178 226 143 174 165 177 207 178 130 141 243 131 103 245 236 227 199 119 224 196 148 120 110 121 243 234 206 203 202 154 106 208 171 130 232 184 136 142 0 102 109 136 144 151 158 166 173 181 208 235 242 249 107 114 122 129 136 163 191 198 205 213 220 227 235 112 119 127 154 161 169 176 183 210 218 225 233 110 247 124 
241 111 205 165 212 129 191 219 119 245 202 169 137 165 223 219 241 158 185 200 216 114 181 181 173 184 214 186 138 168 101 139 111 102 113 235 206 126 232 203 155 127 117 129 100 242 213 230 209 161 113 215 178 138 240 192 144 150 102 0 231 238 246 103 110 137 145 152 160 167 174 182 189 216 243 231 108 115 123 130 138 165 172 179 187 214 221 229 236 113 121 128 135 143 150 177 184 212 219 226 
148 149 243 203 100 167 229 107 177 133 240 227 195 222 111 126 129 196 223 238 104 172 238 189 180 191 221 193 145 176 108 146 118 109 101 242 214 133 239 211 163 134 145 136 108 249 221 237 217 188 121 223 185 145 247 219 171 157 109 231 0 190 198 205 212 220 227 104 112 139 146 153 161 168 176 183 190 237 244 102 109 117 124 131 139 166 173 200 208 215 222 230 237 245 102 109 117 144 151 159 
246 187 190 111 158 205 137 145 124 191 147 115 142 110 228 164 226 103 190 146 221 210 186 196 227 218 248 220 172 183 135 154 145 117 148 119 111 141 246 218 190 142 132 143 154 106 248 245 244 176 148 230 213 172 124 226 198 184 136 238 190 0 169 177 184 191 199 206 233 241 248 105 113 140 147 155 162 169 196 184 211 219 226 233 241 248 105 113 120 167 174 182 189 197 204 211 219 246 103 130 
134 245 248 149 196 113 175 202 163 229 186 153 180 148 116 202 134 141 228 184 109 117 184 203 215 206 106 208 179 191 162 161 152 124 155 127 248 148 104 245 197 149 159 151 142 114 105 102 101 203 155 237 240 180 131 233 205 192 144 246 198 169 0 107 114 122 129 156 164 191 198 206 213 220 228 235 242 120 147 154 161 169 176 184 191 218 225 102 110 117 125 132 139 147 154 161 189 176 203 211 
192 133 136 187 104 151 213 241 220 117 224 211 238 206 154 110 172 180 116 222 147 156 242 211 242 233 113 235 187 198 170 168 179 131 162 134 125 175 111 103 205 157 167 158 169 121 113 110 109 211 182 245 247 187 139 241 213 199 151 103 205 177 107 0 236 133 140 148 155 162 170 177 185 231 239 246 104 111 118 126 133 160 168 195 202 209 217 224 232 109 116 123 151 138 165 173 180 207 214 222 
230 171 174 245 142 189 121 148 108 175 131 249 126 244 212 148 230 237 174 130 205 194 130 218 249 241 121 242 214 205 177 176 187 159 170 141 133 183 119 110 232 164 174 165 177 148 120 117 136 218 190 102 104 194 146 248 220 206 158 110 212 184 114 236 0 105 112 119 127 174 181 188 196 203 211 218 225 102 129 117 144 152 159 166 174 201 208 216 223 100 107 115 122 149 157 164 171 179 186 213 
137 228 232 192 180 156 159 246 166 122 169 196 184 192 100 246 118 185 212 227 243 161 188 115 106 118 128 119 221 213 184 203 194 186 177 168 140 210 126 137 239 211 181 193 184 175 147 144 143 245 197 129 112 221 154 125 227 234 166 137 220 191 122 133 105 0 103 111 118 126 153 140 167 195 202 209 217 224 231 239 246 143 150 158 165 173 180 187 195 222 249 106 114 121 128 136 143 170 178 205 
175 116 120 230 238 194 217 134 204 160 227 104 222 249 158 153 156 242 120 115 151 199 226 103 114 125 155 127 229 220 192 230 202 193 184 176 148 217 133 145 246 198 189 220 191 183 154 151 151 102 204 156 119 229 161 133 235 241 173 145 227 199 129 140 112 103 0 102 110 137 144 171 179 186 193 201 208 215 223 230 238 245 122 129 137 164 171 179 186 193 201 228 216 112 120 127 135 142 149 157 
213 174 178 138 126 232 105 191 242 218 115 142 110 137 196 191 214 130 158 173 189 237 114 130 121 132 162 134 236 227 199 218 209 200 192 183 155 224 160 152 104 226 196 227 199 190 162 159 158 110 212 164 127 236 168 140 242 248 181 152 104 206 156 148 119 111 102 0 137 164 171 178 186 213 220 228 235 242 120 127 134 161 169 176 184 191 198 206 233 110 117 125 132 139 147 154 161 189 216 223 
121 212 216 176 184 140 143 229 150 106 153 200 168 195 234 249 102 168 196 211 227 144 172 137 129 140 170 141 243 235 207 245 216 208 199 191 162 232 168 159 111 233 204 234 206 198 169 166 165 117 219 171 134 244 195 147 249 106 208 160 112 233 164 155 127 118 110 137 0 116 123 130 138 145 172 160 187 214 221 229 236 244 101 108 135 163 170 177 185 192 199 207 214 241 118 106 133 141 148 155 
159 100 163 234 131 178 110 117 247 164 120 238 115 233 220 137 199 226 163 119 194 182 119 145 156 147 197 149 121 112 234 102 243 215 246 198 137 239 195 167 138 240 231 242 233 205 196 193 192 125 227 179 141 101 223 175 107 113 235 167 139 241 191 162 174 126 137 164 116 0 225 232 240 117 124 132 159 166 173 181 188 235 242 100 107 115 122 129 137 144 151 159 186 193 201 208 215 242 100 107 
217 158 221 122 169 176 148 175 135 202 158 126 153 121 108 175 107 114 201 157 232 240 157 152 163 155 204 156 128 100 241 109 101 223 234 225 164 247 202 174 146 248 108 249 241 212 204 201 200 132 234 186 149 128 230 162 114 140 242 174 146 248 198 170 181 153 144 171 123 225 0 204 231 219 246 103 111 118 125 133 140 148 155 182 189 216 224 231 239 246 103 111 118 165 172 180 187 194 202 209 
105 196 109 160 227 214 186 213 193 240 196 184 211 179 166 233 145 152 239 195 120 128 215 179 190 162 212 164 135 127 118 117 108 230 111 232 172 104 210 181 153 105 115 107 248 220 211 208 207 159 241 193 156 116 237 189 122 128 249 182 153 105 206 177 188 140 171 178 130 232 204 0 163 190 198 225 232 240 247 104 112 139 146 173 161 188 196 203 210 218 225 232 240 247 105 132 139 166 174 181 
143 104 147 218 115 122 244 121 231 148 104 222 249 217 204 121 203 210 147 103 177 166 103 186 198 169 219 171 143 134 126 124 116 237 118 240 179 111 217 209 160 112 122 114 105 227 218 215 214 166 118 201 183 143 245 197 149 155 107 189 161 113 213 185 196 167 179 186 138 240 231 163 0 162 170 177 184 211 239 246 103 111 118 125 133 160 187 194 202 209 217 224 231 108 116 143 131 158 165 172 
201 201 205 165 153 219 132 218 139 245 142 129 157 164 112 218 241 157 185 200 216 133 161 214 205 216 226 218 150 161 133 151 143 134 126 117 186 158 224 236 188 140 130 141 132 124 226 223 222 194 106 228 171 170 102 224 156 182 114 216 168 140 220 231 203 195 186 213 145 117 219 190 162 0 141 149 156 163 171 178 186 213 220 247 105 112 119 127 134 161 169 176 183 210 218 225 233 110 117 124 
239 239 243 203 210 108 190 106 177 133 200 167 195 222 150 126 129 195 242 238 123 171 199 221 212 223 104 225 177 169 140 159 150 122 133 124 194 166 232 243 175 147 137 148 140 131 103 230 249 201 133 235 198 177 109 231 163 189 122 243 176 147 228 239 211 202 193 220 172 124 246 198 170 141 0 231 108 135 143 150 157 165 172 179 206 234 241 248 106 113 120 148 155 182 189 197 204 212 219 246 
147 147 151 111 249 165 228 164 215 191 238 206 233 110 188 164 186 103 131 146 161 209 237 228 220 231 241 233 185 176 148 166 157 149 140 132 201 173 239 100 202 154 145 176 147 139 241 238 106 208 141 112 205 185 117 239 171 197 129 231 183 155 235 246 218 209 201 228 160 132 103 225 177 149 231 0 230 237 244 102 109 156 163 171 178 186 193 200 208 215 222 230 107 114 122 129 136 164 171 178 
185 185 189 149 156 203 116 202 123 229 126 113 141 168 246 222 224 141 169 184 199 117 145 236 227 238 118 240 192 183 155 173 165 156 148 139 209 180 247 108 210 181 152 163 155 146 118 245 114 216 148 120 213 192 124 246 178 204 136 108 190 162 242 104 225 217 208 235 187 159 111 232 184 156 108 230 0 209 216 224 231 238 246 103 130 157 165 172 179 187 194 202 209 236 113 120 128 135 143 150 
223 223 227 207 104 241 174 240 220 137 243 151 238 206 193 110 172 199 136 242 166 155 242 243 104 246 145 247 219 191 182 201 192 164 155 146 236 207 124 115 237 189 179 190 182 153 145 102 141 223 175 127 240 199 151 103 205 212 163 115 237 169 120 111 102 224 215 242 214 166 118 240 211 163 135 237 209 0 120 128 135 162 170 177 184 212 219 226 234 111 118 126 133 140 148 175 162 209 217 224 
131 131 135 245 142 149 212 148 108 175 131 209 126 244 231 148 229 237 174 130 204 193 130 100 112 103 153 105 226 198 190 208 199 171 162 154 243 215 131 122 244 196 186 198 189 161 152 110 148 230 182 134 247 207 178 111 213 219 191 123 244 196 147 118 129 231 223 120 221 173 125 247 239 171 143 244 216 120 0 100 107 114 141 129 156 183 191 198 205 213 220 227 105 132 139 146 154 161 169 176 
169 169 173 133 199 187 119 186 166 213 169 247 184 152 139 206 118 125 212 168 243 101 188 128 119 110 160 112 234 225 197 215 207 178 170 161 100 222 138 130 102 204 214 205 196 168 160 137 156 238 190 142 105 214 186 118 220 226 198 130 102 184 154 126 117 239 230 127 229 181 133 104 246 178 150 102 224 128 100 0 209 236 243 120 128 135 143 150 157 184 192 199 207 234 221 248 106 133 140 148 
207 227 230 190 237 245 157 244 204 121 227 135 222 190 177 244 175 183 119 226 150 139 226 115 146 118 168 119 241 213 204 223 214 186 197 188 128 230 146 137 109 211 201 212 204 175 167 144 163 245 197 149 112 221 193 145 227 234 205 138 109 211 161 133 144 246 238 134 236 188 140 112 103 186 157 109 231 135 107 209 0 247 104 112 119 127 134 141 149 156 183 191 198 225 232 240 247 105 112 119 
115 174 118 138 126 192 195 191 112 218 115 102 130 137 215 191 213 130 157 173 188 106 133 162 134 165 175 166 249 240 231 100 221 213 204 215 135 107 153 164 116 107 228 239 211 203 174 171 170 122 205 176 119 249 201 153 104 241 213 165 117 219 169 160 152 143 245 161 244 235 148 139 111 213 165 156 238 162 114 236 247 0 226 234 241 248 106 113 120 148 175 162 189 197 204 212 219 246 103 111 
153 212 156 176 183 230 103 229 150 106 114 140 168 195 123 249 101 168 215 211 246 144 172 169 161 152 182 154 106 247 239 107 249 220 212 223 142 114 161 191 124 114 236 247 238 210 182 179 178 149 212 184 146 126 208 160 242 118 220 172 124 226 176 168 159 150 122 169 101 242 155 146 118 220 172 163 246 170 141 243 104 226 0 114 141 168 176 183 190 198 205 213 220 117 124 131 139 146 154 161 
210 120 214 233 221 138 141 137 188 164 152 178 206 233 161 137 159 226 103 119 134 182 210 177 168 179 190 181 133 105 246 115 106 228 219 230 150 121 168 179 131 121 243 104 226 217 189 186 205 157 239 191 154 133 215 167 119 125 227 179 131 233 184 195 166 158 129 176 108 100 182 173 125 247 179 171 103 177 129 120 112 234 114 0 113 120 128 135 142 189 177 204 211 219 226 233 241 248 106 113 
248 158 102 122 109 176 179 175 246 202 209 236 113 141 219 195 197 114 141 157 172 240 117 184 176 187 197 188 140 112 103 122 113 105 226 238 157 129 175 206 138 129 100 112 103 244 196 193 192 164 246 198 161 140 223 175 127 133 235 187 139 241 191 202 174 165 137 184 135 107 189 161 133 105 206 178 130 184 156 128 119 241 141 113 0 222 230 237 244 102 109 136 124 171 178 185 193 200 208 215 
169 196 200 179 226 214 146 213 193 110 157 124 211 179 166 233 145 172 108 215 230 128 215 192 203 194 224 196 167 119 131 149 140 112 104 245 184 136 202 214 185 136 128 119 130 102 243 201 220 172 123 225 169 148 100 182 154 140 112 214 166 248 218 209 201 173 164 191 163 115 216 188 160 112 234 186 157 212 183 135 127 248 168 120 222 0 201 209 216 113 120 128 135 142 150 157 164 172 199 187 
187 104 107 217 114 122 184 121 231 148 195 182 249 217 204 121 202 210 146 103 118 166 103 199 210 201 101 203 175 127 138 137 148 119 111 102 192 163 230 221 193 144 155 126 138 109 101 208 227 179 131 233 196 155 107 189 161 148 119 221 173 105 225 217 208 180 171 198 170 122 224 196 187 119 241 193 165 219 191 143 134 106 176 128 230 201 0 161 168 175 183 210 217 244 102 109 116 124 131 139 
245 142 145 105 172 160 222 159 139 186 103 220 157 125 112 179 240 248 184 141 176 224 160 206 217 209 109 211 202 134 145 164 155 127 118 110 199 151 217 228 200 151 162 153 145 117 108 216 234 186 138 240 223 163 134 197 168 155 127 229 200 113 102 224 216 187 179 206 177 129 231 203 194 127 248 200 172 226 198 150 141 113 183 135 237 209 161 0 100 208 235 242 100 107 114 122 129 176 164 191 
133 200 203 163 210 218 130 217 177 244 141 108 195 163 150 217 148 156 242 198 214 112 199 214 225 216 116 218 190 142 153 171 163 134 126 117 206 178 244 236 207 158 169 161 152 124 115 223 242 194 146 248 100 170 142 204 176 162 154 236 208 120 110 232 223 195 186 233 185 137 239 210 202 134 106 208 179 234 205 157 149 120 190 142 244 216 168 100 0 199 226 234 241 118 126 153 160 167 175 182 
171 182 241 110 248 106 168 105 235 191 179 166 102 110 188 164 186 103 130 146 102 209 106 241 232 243 123 245 217 169 160 198 170 161 153 144 214 205 102 243 215 205 177 168 160 151 123 100 249 221 153 125 127 197 149 231 183 189 161 113 215 167 117 109 100 222 193 110 192 144 246 218 209 161 113 215 187 111 213 184 156 148 198 189 102 113 175 208 199 0 237 245 102 110 117 144 151 179 186 193 
229 181 129 149 156 144 226 143 123 229 236 204 140 168 246 222 224 141 188 184 160 117 144 248 240 101 131 102 224 196 167 206 177 169 140 171 221 212 109 100 222 213 184 176 167 158 130 127 106 228 160 132 174 224 156 108 191 197 169 121 222 174 125 116 107 249 201 117 199 151 103 225 217 169 120 222 194 118 220 192 183 175 205 177 109 120 183 235 226 237 0 106 113 141 148 155 163 170 177 185 
117 219 187 206 194 202 114 201 161 137 125 242 178 206 134 110 132 199 226 242 198 155 182 125 117 108 138 110 231 203 175 213 185 176 168 179 248 220 116 108 230 220 192 183 174 166 138 135 114 105 168 139 201 232 164 116 198 224 176 128 230 182 132 123 115 106 228 125 207 159 111 232 224 176 148 230 202 126 227 199 191 162 213 204 136 128 210 242 234 245 106 0 125 132 139 147 154 181 189 196 
174 127 225 244 232 240 152 239 218 175 163 150 236 114 192 168 170 237 114 130 106 213 240 133 124 135 145 137 239 211 202 220 212 183 175 186 106 227 124 115 237 227 199 190 202 173 145 142 121 113 175 147 228 239 171 123 225 212 183 135 237 189 139 151 122 114 216 132 214 186 118 240 231 183 155 107 209 133 105 207 198 189 220 211 124 135 217 100 241 102 113 125 0 143 150 158 165 173 180 187 
122 165 133 132 199 148 119 127 166 232 130 188 184 152 139 206 117 145 231 187 203 101 187 140 151 143 173 144 116 218 209 228 239 191 202 193 133 235 151 142 134 235 226 198 229 181 197 149 168 120 202 154 125 246 198 130 102 239 210 143 245 197 147 138 149 121 112 139 241 193 165 247 108 210 182 114 236 140 132 234 225 197 117 219 171 142 244 107 118 110 141 132 143 0 126 133 141 168 195 202 
160 223 171 190 237 186 157 185 204 121 168 246 222 190 177 204 175 183 119 225 241 139 225 147 159 150 180 152 123 225 217 235 246 218 209 201 140 242 158 150 121 242 103 205 236 208 205 157 156 127 229 181 132 104 206 138 110 246 218 150 102 204 154 165 157 128 120 147 118 201 172 105 116 218 189 122 113 148 139 221 232 204 124 226 178 150 102 114 126 117 148 139 150 126 0 192 199 207 214 221 
218 111 209 228 125 224 195 223 112 159 225 134 129 247 235 242 213 221 157 114 149 197 133 155 166 157 187 159 131 233 224 242 104 225 217 208 147 249 166 157 148 249 241 212 243 215 212 164 183 135 237 189 140 111 213 145 117 103 225 177 109 211 161 173 164 136 127 154 106 208 180 132 143 225 197 129 120 175 146 248 240 212 131 233 185 157 109 122 153 144 155 147 158 133 192 0 206 233 241 248 
106 149 117 136 183 131 103 130 150 216 113 172 167 136 123 130 121 129 215 171 187 235 171 162 173 165 214 166 138 240 231 120 111 233 224 216 155 107 173 164 156 107 118 220 101 222 239 171 190 142 244 196 147 118 220 153 124 111 233 184 117 219 189 180 171 143 135 161 133 215 187 139 131 233 204 136 128 162 154 106 247 219 139 241 193 164 116 129 160 151 163 154 165 141 199 206 0 225 232 240 
144 116 155 233 221 193 141 228 207 164 151 139 225 233 161 247 159 226 103 119 225 182 229 189 181 192 222 194 145 117 239 147 118 110 231 243 162 248 200 192 163 134 125 117 108 100 227 199 198 169 101 203 154 126 247 180 132 118 110 212 144 246 176 207 179 170 142 189 141 242 194 166 158 110 212 164 135 209 161 133 105 246 146 248 200 172 124 176 167 179 170 181 173 168 207 233 225 0 243 101 
201 154 213 121 129 191 199 116 245 202 209 177 113 141 219 135 197 114 161 157 133 240 117 197 188 199 229 201 173 125 246 154 126 117 239 100 170 106 208 199 171 141 133 124 115 107 104 241 205 177 109 211 181 133 235 187 139 126 247 219 151 103 203 214 186 178 149 216 148 100 202 174 165 117 219 171 143 217 169 140 112 103 154 106 208 199 131 164 175 186 177 189 180 195 214 241 232 243 0 242 
240 192 101 179 167 190 237 173 133 109 247 215 151 179 107 173 105 172 199 214 171 128 155 224 195 207 237 208 180 132 104 161 133 144 116 107 177 113 215 206 178 168 140 131 123 114 111 178 212 184 116 218 169 141 112 214 146 133 124 226 159 130 211 222 213 205 157 223 155 107 209 181 172 124 246 178 150 224 176 148 119 111 161 113 215 187 139 191 182 193 185 196 187 202 221 248 240 101 242 0 

0 192 230 230 142 185 248 140 203 246 158 201 244 156 199 112 155 217 110 153 215 108 170 213 106 169 211 124 167 229 122 165 227 120 183 226 138 181 224 136 179 241 134 177 240 132 195 238 150 193 236 148 191 104 147 209 102 145 207 100 143 205 248 161 203 116 159 202 114 157 219 112 175 218 110 173 216 128 171 233 126 169 232 124 187 230 123 185 248 140 183 246 139 201 244 137 199 242 154 197 
192 0 156 175 237 150 193 105 168 210 123 185 228 141 203 246 159 201 114 177 219 132 194 237 150 212 105 168 230 123 185 248 141 203 246 159 221 114 176 239 152 194 107 150 212 125 167 230 143 185 248 160 203 116 178 221 134 176 239 151 194 107 169 212 125 187 230 142 205 248 160 223 116 178 221 133 196 239 151 214 126 189 232 144 207 100 162 205 117 180 223 135 198 241 153 216 108 171 234 126 
230 156 0 199 111 174 216 129 192 234 147 209 122 184 227 140 202 245 158 220 113 175 218 131 193 236 149 211 104 167 229 122 184 247 140 202 115 158 220 113 175 238 150 193 106 168 211 124 166 229 141 184 247 159 202 115 177 220 133 195 238 150 193 106 168 211 124 186 229 141 204 247 159 222 115 177 220 132 195 238 150 213 106 168 231 123 186 249 141 204 116 159 222 115 177 240 132 195 107 170 
230 175 199 0 238 150 193 106 148 211 123 166 249 141 204 247 159 222 114 177 240 132 195 107 170 232 125 188 100 143 206 118 161 223 136 179 241 154 197 109 152 215 127 170 232 145 188 100 163 206 118 181 223 136 179 241 154 197 109 151 213 126 188 231 144 206 249 162 224 117 179 222 155 217 110 172 235 128 190 233 146 208 101 163 226 119 181 244 137 199 112 154 217 129 172 235 128 190 103 145 
142 237 111 238 0 106 169 231 144 186 249 161 204 117 179 222 135 177 240 153 195 108 170 213 126 188 231 144 206 249 161 204 117 179 222 135 197 240 152 215 108 170 233 126 188 231 143 206 249 161 224 117 179 242 154 197 110 152 215 127 170 233 126 188 101 163 206 118 181 224 136 179 242 154 197 109 172 215 127 190 233 145 208 101 163 206 118 181 224 136 199 242 154 217 109 172 234 127 190 102 
185 150 174 150 106 0 125 168 231 124 186 249 141 204 116 159 222 134 177 240 152 195 108 150 213 125 168 231 143 186 249 161 204 116 179 222 134 177 240 152 195 107 170 213 125 188 100 143 206 248 161 224 116 179 241 134 197 109 152 215 127 170 232 125 188 100 143 206 118 161 223 136 179 241 154 197 109 152 214 127 170 232 145 188 100 163 206 118 181 223 136 179 241 154 197 109 191 234 147 209 
248 193 216 193 169 125 0 125 188 230 143 205 248 161 223 116 179 241 134 197 109 152 214 107 170 232 125 188 100 143 205 118 161 223 136 179 241 154 196 109 152 214 127 170 232 145 187 100 163 205 118 180 223 136 178 241 154 196 109 171 234 127 189 232 145 207 100 162 205 118 180 243 136 198 111 153 216 129 171 234 127 189 102 145 207 120 162 225 137 180 243 155 218 111 173 236 128 191 234 146 
140 105 129 106 231 168 125 0 125 187 100 143 205 118 160 223 136 178 241 134 196 109 151 214 127 169 232 144 207 100 162 205 118 180 223 135 198 241 153 216 109 171 234 126 189 232 144 207 100 162 225 117 180 243 135 198 110 153 216 109 171 234 126 189 101 144 207 119 162 225 137 180 242 155 198 110 153 216 128 171 234 146 189 101 164 207 119 182 225 137 180 242 155 217 110 173 235 128 191 233 
203 168 192 148 144 231 188 125 0 124 187 230 142 205 248 160 223 135 178 240 153 196 108 151 233 126 189 232 144 207 249 162 224 117 180 242 135 198 110 153 215 108 171 233 126 189 101 144 207 119 162 224 137 180 242 135 198 110 153 215 128 190 233 146 208 101 164 206 119 181 224 152 214 107 170 232 125 188 100 143 205 248 161 223 136 198 111 154 216 129 172 234 127 189 102 145 207 120 163 225 
246 210 234 211 186 124 230 187 124 0 198 111 173 216 129 191 234 147 189 102 164 227 120 182 245 138 200 243 155 218 111 173 236 129 191 104 146 209 122 164 227 139 182 245 138 200 113 155 218 130 173 236 148 191 104 166 209 121 164 227 139 182 245 157 200 113 175 218 130 193 236 148 191 104 166 209 121 184 246 139 202 114 157 220 112 175 237 130 193 105 148 211 123 166 229 141 184 246 139 202 
158 123 147 123 249 186 143 100 187 198 0 198 111 173 216 128 191 234 146 189 102 164 207 119 182 225 137 200 243 155 218 110 173 216 128 191 234 146 209 101 164 227 119 182 244 137 200 112 155 218 110 173 235 128 191 103 146 209 121 164 226 139 182 244 137 200 112 155 217 130 193 235 148 191 103 166 209 121 184 226 139 201 244 157 219 112 175 237 130 192 235 148 210 103 166 228 121 183 246 139 
201 185 209 166 161 249 205 143 230 111 198 0 217 110 173 235 128 191 103 166 208 121 164 226 139 182 244 137 199 112 174 217 130 192 235 148 190 103 166 208 121 183 226 139 201 244 157 219 112 174 217 130 192 235 148 210 103 165 228 121 183 246 139 201 114 156 219 112 174 237 130 192 105 148 210 123 165 228 140 183 246 139 201 114 156 219 131 194 237 149 192 105 167 210 122 185 228 140 203 246 
244 228 122 249 204 141 248 205 142 173 111 217 0 217 130 192 235 147 190 103 165 208 121 183 226 138 201 244 156 219 112 174 217 129 192 235 147 210 103 165 228 121 183 246 138 201 244 156 219 112 174 237 149 192 104 167 210 122 165 228 140 183 245 158 201 113 176 219 131 194 237 149 192 104 167 210 122 185 228 140 203 245 158 220 113 176 219 131 194 236 149 211 104 167 229 122 185 247 140 203 
156 141 184 141 117 204 161 118 205 216 173 110 217 0 217 129 172 235 147 190 102 165 208 120 163 226 138 181 243 156 199 111 174 217 129 192 104 147 210 122 165 227 140 183 245 158 201 113 176 218 131 193 236 149 192 104 167 209 122 184 227 140 202 245 158 220 113 176 218 131 193 236 149 211 104 167 229 122 184 247 140 202 245 247 159 222 115 177 240 133 195 108 150 213 125 168 101 143 206 118 
199 203 227 204 179 116 223 160 248 129 216 173 130 217 0 175 238 150 193 106 168 211 124 186 229 141 204 247 159 202 115 177 220 132 195 238 150 213 106 168 231 123 186 229 141 204 247 159 222 115 177 240 152 195 107 150 213 125 168 231 123 186 248 161 204 116 179 222 134 177 239 152 195 107 170 213 125 188 231 143 206 248 161 204 116 179 222 134 197 239 152 214 107 170 232 125 188 100 143 206 
112 246 140 247 222 159 116 223 160 191 128 235 192 129 175 0 175 238 150 193 105 148 211 123 166 229 141 184 246 159 202 114 177 220 132 175 237 150 193 105 168 211 123 186 248 141 204 246 159 221 114 177 239 132 195 107 150 212 125 168 230 123 186 248 141 203 116 159 221 134 177 239 152 194 107 150 212 125 168 230 143 186 248 161 203 116 178 221 134 177 239 152 194 107 169 212 125 187 230 143 
155 159 202 159 135 222 179 136 223 234 191 128 235 172 238 175 0 175 237 130 212 105 168 230 123 185 248 141 203 116 159 221 134 176 239 151 194 107 150 212 125 167 230 143 185 248 160 203 116 178 221 134 176 239 151 194 107 169 212 125 187 230 142 205 248 160 203 116 178 241 133 196 109 151 214 126 169 232 125 187 100 142 205 117 160 223 135 178 241 153 196 108 151 214 126 169 232 144 187 249 
217 201 245 222 177 134 241 178 135 147 234 191 147 235 150 238 175 0 194 107 149 212 124 167 230 142 205 248 160 203 115 178 221 133 176 239 151 214 106 169 232 124 187 230 142 205 248 160 223 115 178 240 133 196 108 151 233 126 189 231 144 207 119 162 244 157 219 151 214 146 209 141 204 116 159 221 114 177 239 132 195 107 150 212 125 168 230 143 186 248 161 203 116 159 221 134 177 239 152 194 
110 114 158 114 240 177 134 241 178 189 146 103 190 147 193 150 237 194 0 202 244 157 219 112 175 237 130 193 235 148 210 103 166 228 121 184 246 139 201 114 157 219 112 175 107 150 212 125 187 230 143 205 248 160 223 116 178 221 134 196 239 151 214 107 169 232 144 187 100 143 205 118 160 223 135 178 110 173 236 168 100 163 225 157 200 113 175 218 131 193 236 148 191 104 166 239 151 194 107 149 
153 177 220 177 153 240 197 134 240 102 189 166 103 190 106 193 130 107 202 0 219 131 194 237 149 212 105 167 230 122 185 228 140 203 246 158 221 113 176 239 131 194 106 149 212 124 167 230 122 185 247 160 203 115 178 221 133 176 238 151 194 106 169 212 124 187 230 142 205 247 160 203 115 178 221 133 196 238 151 213 106 169 231 124 187 229 142 204 247 160 222 115 178 240 133 196 108 151 213 126 
215 219 113 240 195 152 109 196 153 164 102 208 165 102 168 105 212 149 244 219 0 219 131 174 236 149 192 104 167 210 122 185 227 140 202 245 158 201 113 176 218 131 194 106 149 211 124 167 229 122 185 247 140 202 115 158 220 133 176 238 151 193 106 149 211 124 167 229 142 184 247 160 202 115 177 220 133 176 238 151 193 106 168 211 124 186 229 142 204 247 159 222 115 177 220 133 195 238 150 213 
108 132 175 132 108 195 152 109 196 227 164 121 208 165 211 148 105 212 157 131 219 0 218 131 174 236 149 191 104 147 209 122 184 247 159 202 115 177 220 133 175 238 150 193 106 168 211 124 186 229 141 204 247 159 202 115 177 220 132 195 108 150 213 106 168 231 123 186 249 141 204 116 159 222 134 177 240 152 195 107 150 213 125 168 231 143 186 248 161 204 116 179 222 134 177 239 152 195 107 170 
170 194 218 195 170 108 214 151 108 120 207 164 121 208 124 211 168 124 219 194 131 218 0 107 170 232 145 188 100 163 225 118 181 243 136 198 241 154 216 109 172 234 127 189 102 145 207 120 163 225 118 181 243 136 198 111 154 216 129 172 234 147 189 102 145 207 120 163 225 138 200 243 156 218 111 173 216 129 191 234 147 209 102 164 227 120 182 245 138 200 243 155 218 111 173 236 129 191 104 146 
213 237 131 107 213 150 107 214 151 182 119 226 183 120 186 123 230 167 112 237 174 131 107 0 127 189 232 145 187 100 162 205 118 180 223 136 198 241 153 216 109 171 214 127 189 232 144 207 100 162 225 118 180 243 136 198 241 153 216 128 191 234 146 209 102 164 227 119 182 245 137 200 243 155 218 110 173 236 128 191 103 146 209 121 164 227 119 182 244 137 200 112 175 218 130 173 235 148 191 103 
106 150 193 170 126 213 170 127 233 245 182 139 226 163 229 166 123 230 175 149 236 174 170 127 0 244 136 199 112 154 217 129 172 235 128 190 103 145 208 120 163 226 138 181 244 156 199 111 154 217 129 172 235 147 190 102 165 208 120 183 226 138 181 244 156 199 111 174 217 129 192 104 147 210 102 165 227 120 183 245 138 201 113 156 218 131 174 236 129 192 104 147 210 122 165 227 140 183 245 158 
169 212 236 232 188 125 232 169 126 138 225 182 138 226 141 229 185 142 237 212 149 236 232 189 244 0 224 136 199 241 154 217 109 172 234 127 190 102 145 208 100 163 225 118 181 243 136 199 111 154 216 129 172 234 127 190 102 145 207 120 183 225 138 200 243 156 198 111 174 216 129 191 234 147 209 102 165 227 120 182 225 138 200 243 156 218 111 173 236 129 191 104 147 209 102 165 227 120 182 245 
211 105 149 125 231 168 125 232 189 200 137 244 201 138 204 141 248 205 130 105 192 149 145 232 136 224 0 223 136 198 241 154 196 109 171 214 127 189 232 145 207 100 163 225 138 200 243 155 218 111 173 236 129 191 104 146 209 102 164 227 120 182 245 137 200 113 155 218 130 173 236 129 191 104 146 209 121 184 227 139 182 245 157 200 112 175 218 130 193 236 148 211 104 166 229 121 184 227 139 202 
124 168 211 188 144 231 188 144 232 243 200 137 244 181 247 184 141 248 193 167 104 191 188 145 199 136 223 0 243 155 198 110 153 216 128 171 234 146 189 102 164 227 139 182 244 157 200 112 155 218 130 173 235 148 191 103 166 228 141 184 246 139 202 114 157 219 132 175 237 150 212 105 168 210 123 185 228 141 203 246 159 221 114 177 239 132 194 237 150 212 105 168 230 123 185 248 141 203 116 159 
167 230 104 100 206 143 100 207 144 155 243 199 156 243 159 246 203 160 235 230 167 104 100 187 112 199 136 243 0 112 175 217 130 192 235 148 210 103 166 208 121 183 226 139 201 244 157 219 112 174 237 130 192 235 148 210 103 165 228 141 183 246 139 201 114 157 219 112 174 237 149 192 105 167 230 123 185 248 140 203 116 158 221 114 176 239 132 194 107 149 212 124 167 230 142 185 248 140 203 115 
229 123 167 143 249 186 143 100 207 218 155 112 219 156 202 159 116 203 148 122 210 147 163 100 154 241 198 155 112 0 201 114 196 239 152 194 107 169 212 125 167 230 143 205 248 160 223 116 178 241 134 196 239 151 214 107 169 232 125 187 100 142 205 118 160 223 116 178 241 134 196 109 151 214 126 169 232 144 187 100 142 205 117 160 223 135 178 241 153 216 108 171 214 126 189 232 144 187 100 162 
122 185 229 206 161 249 205 162 249 111 218 174 112 199 115 202 159 115 210 185 122 209 225 162 217 154 241 198 175 201 0 221 133 176 239 151 194 106 169 212 124 187 230 142 185 248 160 203 115 178 221 133 196 239 151 214 106 169 212 124 187 230 142 205 247 160 223 115 178 240 133 196 238 151 214 106 169 231 124 187 249 162 205 117 160 222 135 178 240 153 196 108 171 213 126 189 231 144 187 249 
165 248 122 118 204 161 118 205 162 173 110 217 174 111 177 114 221 178 103 228 185 122 118 205 129 217 154 110 217 114 221 0 220 113 176 238 131 194 106 149 211 124 167 229 142 185 247 160 203 115 158 220 133 176 238 151 213 126 169 231 144 186 249 162 204 117 179 222 135 197 240 153 215 108 170 213 126 188 231 144 206 249 161 224 117 179 242 135 197 240 152 215 108 170 233 145 188 101 143 206 
227 141 184 161 117 204 161 118 224 236 173 130 217 174 220 177 134 221 166 140 227 184 181 118 172 109 196 153 130 196 133 220 0 240 133 195 238 150 213 106 168 231 124 186 249 142 204 117 159 222 115 177 240 152 195 108 170 213 125 188 231 143 206 118 161 224 116 179 242 134 197 109 152 215 127 170 233 145 188 100 143 206 118 161 224 136 179 241 154 197 109 172 215 127 170 232 145 188 100 163 
120 203 247 223 179 116 223 180 117 129 216 192 129 217 132 220 176 133 228 203 140 247 243 180 235 172 109 216 192 239 176 113 240 0 239 132 195 107 150 213 125 168 231 143 186 248 141 204 116 159 222 134 197 239 152 214 107 170 213 125 188 230 143 205 248 161 223 116 179 241 134 197 239 152 214 107 170 232 125 188 100 143 205 118 180 223 136 198 241 154 196 109 172 214 127 189 102 145 207 120 
183 246 140 136 222 179 136 223 180 191 128 235 192 129 195 132 239 176 121 246 202 159 136 223 128 234 171 128 235 152 239 176 133 239 0 227 119 182 244 137 200 112 155 218 130 193 235 148 211 103 166 228 141 184 246 139 202 114 157 219 132 175 237 150 193 105 168 210 123 185 228 141 184 246 159 201 114 177 219 132 194 237 150 212 105 168 210 123 185 228 141 203 246 159 221 114 176 239 132 194 
226 159 202 179 135 222 179 135 242 104 191 148 235 192 238 175 151 239 184 158 245 202 198 136 190 127 214 171 148 194 151 238 195 132 227 0 226 139 182 244 157 219 112 174 237 130 192 235 148 210 103 165 228 121 183 246 139 201 114 157 219 112 174 237 130 192 105 148 210 123 165 228 140 183 246 158 201 114 156 219 132 174 237 149 192 105 167 210 123 185 228 140 183 246 158 201 114 176 239 131 
138 221 115 241 197 134 241 198 135 146 234 190 147 104 150 237 194 151 246 221 158 115 241 198 103 190 127 234 210 107 194 131 238 195 119 226 0 114 169 224 128 203 107 162 217 121 196 100 155 210 134 189 244 148 203 127 182 237 141 196 121 175 230 135 189 114 168 223 147 202 107 181 236 141 195 120 174 229 134 188 113 168 222 127 182 106 161 215 120 175 249 154 208 113 168 242 147 202 106 161 
181 114 158 154 240 177 154 241 198 209 146 103 210 147 213 150 107 214 139 113 201 177 154 241 145 102 189 146 103 169 106 194 150 107 182 139 114 0 126 181 236 140 195 119 174 229 134 208 113 167 222 127 201 106 160 215 140 194 249 154 208 133 187 242 166 221 126 181 235 160 214 119 174 228 153 207 112 167 222 146 201 105 160 215 139 194 248 153 228 132 187 242 146 221 125 180 104 179 103 178 
224 176 220 197 152 240 196 153 110 122 209 166 103 210 106 193 150 106 201 176 113 220 216 153 208 145 232 189 166 212 169 106 213 150 244 182 169 126 0 127 181 236 160 215 120 174 229 154 208 113 168 222 147 201 106 161 215 140 195 249 154 209 133 188 242 147 202 126 181 236 140 215 119 174 229 133 208 112 167 222 126 201 106 160 215 120 194 249 153 208 113 187 242 147 201 106 180 105 159 214 
136 239 113 109 215 152 109 216 153 164 101 208 165 122 168 105 212 169 114 239 176 133 109 216 120 208 145 102 208 125 212 149 106 213 137 244 224 181 127 0 119 194 248 220 124 179 104 158 213 118 172 247 151 206 111 185 240 164 219 124 178 233 157 212 117 171 226 151 205 110 165 239 144 198 103 158 232 137 192 246 151 225 130 185 239 144 218 123 178 233 157 212 116 171 226 150 205 109 164 219 
179 152 175 152 108 195 152 109 215 227 164 121 228 165 231 168 125 232 157 131 218 175 172 109 163 100 207 164 121 167 124 211 168 125 200 157 128 236 181 119 0 198 103 177 232 137 191 246 170 225 130 185 109 164 218 123 178 102 157 211 116 171 245 150 205 109 184 238 143 198 102 177 231 136 191 246 170 225 129 184 239 163 218 122 177 232 156 211 116 170 225 149 204 109 163 238 143 197 102 157 
241 194 238 215 170 107 214 171 108 139 227 183 121 227 123 211 167 124 219 194 131 238 234 171 226 163 100 227 183 230 187 124 231 168 112 219 203 140 236 194 198 0 230 135 209 114 169 223 128 202 107 162 216 121 196 100 155 210 114 189 243 148 203 107 182 236 141 196 101 175 230 134 189 113 168 223 127 182 107 161 236 140 195 100 174 229 133 188 243 167 222 127 181 236 160 215 120 174 229 154 
134 107 150 127 233 170 127 234 171 182 119 226 183 140 186 123 230 187 112 106 194 150 127 214 138 225 163 139 226 143 230 167 124 231 155 112 107 195 160 248 103 230 0 242 147 202 126 181 235 140 195 119 174 229 133 208 112 167 222 126 201 106 160 215 120 194 249 153 208 113 187 242 147 201 106 180 235 159 214 119 173 228 153 207 112 167 221 146 200 105 160 234 139 194 248 153 227 132 187 241 
177 150 193 170 126 213 170 126 233 245 182 139 246 183 229 186 143 230 175 149 106 193 189 127 181 118 225 182 139 205 142 229 186 143 218 174 162 119 215 220 177 135 242 0 105 159 214 119 173 248 152 207 112 166 241 145 200 105 160 234 139 193 248 172 227 132 186 241 166 220 125 180 104 159 213 118 173 247 152 207 111 186 240 145 200 104 179 233 138 193 248 172 227 131 186 110 165 220 124 179 
240 212 106 232 188 125 232 189 126 138 244 201 138 245 141 248 185 142 107 212 149 106 102 189 244 181 138 244 201 248 185 142 249 186 130 237 217 174 120 124 232 209 147 105 0 247 171 226 131 185 110 165 219 124 179 135 210 114 169 224 148 203 107 162 217 141 196 101 175 230 134 209 113 168 223 147 202 107 161 216 140 195 100 154 209 134 188 243 148 202 127 181 236 141 195 120 174 229 134 189 
132 125 168 145 231 188 145 232 189 200 137 244 201 158 204 141 248 205 150 124 211 168 145 232 156 243 200 157 244 160 248 185 142 248 193 130 121 229 174 179 137 114 202 159 247 0 161 235 140 195 100 154 229 133 188 243 167 222 126 181 236 160 215 120 174 229 153 208 113 167 222 147 201 106 161 215 140 194 249 154 208 133 188 242 147 221 126 181 235 140 214 119 174 228 133 208 112 167 222 126 
195 167 211 188 143 100 187 144 101 113 200 157 244 201 247 204 160 248 212 167 124 211 207 144 199 136 243 200 157 223 160 247 204 141 235 192 196 134 229 104 191 169 126 214 171 161 0 173 228 133 187 242 166 221 126 180 235 160 214 119 174 248 153 207 112 167 241 146 201 105 160 234 139 194 248 153 227 132 187 242 146 221 125 180 235 139 214 118 173 228 132 207 131 186 241 145 220 124 179 234 
238 230 124 100 206 143 100 207 144 155 112 219 156 113 159 246 203 160 125 230 167 124 120 207 111 199 155 112 219 116 203 160 117 204 148 235 100 208 154 158 246 223 181 119 226 235 173 0 205 110 165 239 144 198 103 158 232 137 211 116 171 225 150 204 109 164 218 143 198 102 157 231 136 191 245 150 224 129 184 238 163 218 122 197 101 156 211 135 190 114 169 224 128 183 107 162 217 240 164 219 
150 143 166 163 249 206 163 100 207 218 155 112 219 176 222 159 116 223 187 122 229 186 163 100 154 111 218 155 112 178 115 203 159 116 211 148 155 113 208 213 170 128 235 173 131 140 228 205 0 225 130 185 239 144 218 123 178 232 157 212 116 171 226 150 205 109 164 219 143 198 102 157 212 136 191 246 150 205 129 184 239 143 198 123 177 232 137 211 116 170 225 130 204 109 164 218 123 197 102 157 
193 185 229 206 161 248 205 162 119 130 218 174 112 218 115 221 178 115 230 185 122 229 225 162 217 154 111 218 174 241 178 115 222 159 103 210 210 167 113 118 225 202 140 248 185 195 133 110 225 0 218 122 197 101 156 211 116 190 245 149 204 128 183 238 142 197 122 140 215 139 194 249 153 208 132 187 242 146 201 126 180 105 159 214 119 193 248 152 207 112 186 241 146 200 125 179 234 139 193 118 
236 248 141 118 224 161 118 225 162 173 110 217 174 131 177 114 221 178 143 247 185 141 118 225 129 216 173 130 237 134 221 158 115 222 166 103 134 222 168 172 130 107 195 152 110 100 187 165 130 218 0 214 119 193 248 152 207 131 186 241 145 200 125 179 234 139 213 118 172 227 132 206 111 166 220 145 199 104 159 213 138 192 247 152 206 131 186 240 145 200 124 179 233 138 212 117 172 227 131 206 
148 160 184 181 117 224 180 117 224 236 173 130 237 193 240 177 134 240 205 160 247 204 181 118 172 129 236 173 130 196 133 220 177 134 228 165 189 127 222 247 185 162 119 207 165 154 242 239 185 122 214 0 226 131 185 240 145 219 124 179 233 158 212 117 172 226 151 205 110 165 239 144 199 103 158 232 137 192 246 151 226 130 185 240 144 219 123 178 233 137 212 116 171 226 131 205 110 164 219 124 
191 203 247 223 179 116 223 180 137 148 235 192 149 236 152 239 176 133 248 203 140 247 243 180 235 172 129 235 192 239 196 133 240 197 141 228 244 201 147 151 109 216 174 112 219 229 166 144 239 197 119 226 0 242 146 201 106 180 235 139 214 138 193 117 192 246 171 245 150 205 109 164 238 143 198 102 177 121 176 230 135 190 114 169 243 148 222 147 221 146 220 144 219 143 218 142 197 121 196 120 
104 116 159 136 242 179 136 243 180 191 128 235 192 149 195 132 239 196 160 115 202 159 136 243 147 234 191 148 235 151 239 176 152 239 184 121 148 106 201 206 164 121 229 166 124 133 221 198 144 101 193 131 242 0 210 134 189 244 148 203 128 182 237 142 196 121 175 230 135 189 114 169 223 128 183 107 162 216 121 176 100 155 210 114 189 243 148 203 107 182 236 141 196 100 175 230 134 189 244 168 
147 178 202 179 154 241 178 135 242 104 191 148 104 192 107 195 151 108 223 178 115 202 198 136 190 127 104 191 148 214 151 238 195 152 246 183 203 160 106 111 218 196 133 241 179 188 126 103 218 156 248 185 146 210 0 153 125 227 131 186 158 232 117 192 246 151 186 110 145 200 105 179 214 138 173 248 133 187 242 111 166 221 125 180 235 139 194 249 173 208 113 167 222 127 182 236 141 196 100 155 
209 221 115 241 197 134 241 198 135 166 103 210 167 104 150 107 194 151 116 221 158 115 111 198 102 190 146 103 210 107 214 151 108 214 139 246 127 215 161 185 123 100 208 145 135 243 180 158 123 211 152 240 201 134 153 0 189 243 148 203 127 182 236 141 216 120 175 230 134 209 113 168 223 147 202 107 161 216 140 195 100 154 229 133 188 243 148 222 127 181 236 141 215 120 174 229 134 208 113 168 
102 134 177 154 110 197 154 110 198 209 146 103 210 167 213 150 107 233 178 133 220 177 154 241 165 102 209 166 103 169 106 213 170 107 202 139 182 140 215 240 178 155 112 200 210 167 235 232 178 116 207 145 106 189 125 189 0 181 236 160 215 120 174 229 153 208 113 167 242 147 201 106 161 235 140 194 249 154 228 133 187 242 147 221 126 181 235 140 214 119 174 228 153 208 112 167 222 146 201 105 
145 176 220 197 152 109 196 153 110 121 209 165 122 209 125 212 169 126 221 176 133 220 216 153 208 145 102 228 165 232 169 126 213 170 114 201 237 194 140 164 102 210 167 105 114 222 160 137 232 190 131 219 180 244 227 243 181 0 174 228 133 207 112 167 221 126 201 105 160 215 139 194 248 153 208 132 187 241 146 201 125 180 235 108 162 237 141 196 101 156 230 135 189 244 149 223 128 182 237 142 
207 239 133 109 215 152 109 216 153 164 121 228 165 122 168 125 212 189 134 238 176 132 129 216 120 207 164 141 228 125 212 169 125 213 157 114 141 249 195 219 157 114 222 160 169 126 214 211 157 245 186 124 235 148 131 148 236 174 0 134 189 244 148 223 128 182 237 142 216 121 175 230 135 209 114 169 223 148 202 107 162 216 141 195 100 155 229 134 189 243 148 222 127 182 236 161 216 120 175 230 
100 151 195 151 127 215 171 109 215 227 164 121 228 184 231 168 125 231 196 151 238 195 172 128 183 120 227 184 141 187 124 231 188 125 219 157 196 154 249 124 211 189 126 234 224 181 119 116 212 149 241 179 139 203 186 203 160 228 134 0 127 182 236 161 215 120 175 229 154 208 113 168 223 147 202 106 161 216 140 195 249 154 209 133 188 243 147 222 126 181 236 126 200 105 160 214 119 193 248 153 
143 194 238 213 170 127 234 171 128 139 226 183 140 227 123 230 187 144 239 194 151 108 234 191 226 183 120 246 183 100 187 144 231 188 132 219 121 208 154 178 116 243 201 139 148 236 174 171 116 204 145 233 214 128 158 127 215 133 189 127 0 105 159 214 139 193 248 153 207 132 186 241 146 200 125 180 234 139 213 118 173 227 132 206 111 166 220 145 200 104 159 214 138 193 247 152 207 131 186 241 
205 107 150 126 233 170 127 234 190 182 139 246 183 140 186 123 230 207 151 106 193 150 147 234 138 225 182 139 246 142 230 186 143 230 175 112 175 133 209 233 171 148 106 193 203 160 248 225 171 128 200 158 138 182 232 182 120 207 244 182 105 0 247 152 207 131 186 240 145 200 124 179 233 138 193 117 172 227 131 186 110 165 220 124 199 104 158 213 118 192 247 151 206 111 185 240 145 199 104 178 
248 169 193 188 126 232 189 126 233 245 182 139 245 202 248 186 142 119 214 169 106 213 189 146 181 138 245 202 139 205 142 249 206 143 237 174 230 187 133 157 245 203 160 248 107 215 153 150 226 183 125 212 193 237 117 236 174 112 148 236 159 247 0 240 144 199 104 178 233 137 192 117 171 226 131 185 110 164 219 124 198 103 158 212 117 191 246 151 205 110 184 239 144 199 123 178 232 137 192 116 
161 212 106 231 188 125 232 189 146 157 244 201 158 245 161 248 205 162 107 212 149 106 102 209 244 200 137 114 201 118 205 162 118 205 150 237 135 242 188 212 150 107 215 172 162 120 207 204 150 238 179 117 117 142 192 141 229 167 223 161 214 152 240 0 232 137 191 116 171 225 130 185 109 164 218 123 178 102 157 212 116 171 245 150 205 109 164 238 143 198 103 157 232 136 191 246 150 225 129 184 
203 125 168 144 101 188 145 101 208 200 137 114 201 158 204 141 248 244 169 124 211 168 145 102 156 243 200 157 114 160 247 204 161 248 193 130 189 166 242 117 205 182 120 227 217 174 112 109 205 142 234 172 192 196 246 216 153 221 128 215 139 207 144 232 0 105 160 215 119 174 248 153 208 112 167 242 146 201 106 160 235 139 194 249 153 228 133 187 242 147 221 126 180 235 159 214 119 174 228 153 
116 187 211 206 163 100 207 144 101 113 200 156 113 220 116 203 160 157 232 187 124 231 207 164 199 156 113 219 157 223 160 117 224 161 105 192 114 221 147 171 109 236 194 132 141 229 167 164 109 197 139 226 246 121 151 120 208 126 182 120 193 131 199 137 105 0 192 247 152 206 111 185 240 145 199 104 179 233 138 193 117 172 226 131 186 110 165 220 124 199 103 158 213 117 192 246 151 206 130 185 
159 230 124 249 206 143 100 207 164 175 112 219 176 113 179 116 203 219 144 230 167 123 120 227 111 198 155 132 219 116 223 179 116 223 168 105 168 126 202 226 184 141 249 186 196 153 241 218 164 122 213 151 171 175 186 175 113 201 237 175 248 186 104 191 160 192 0 185 239 144 199 123 178 233 137 192 116 171 226 130 185 109 164 219 124 178 103 157 212 117 171 246 150 205 110 184 239 144 198 103 
202 142 186 162 118 206 162 119 206 218 155 112 219 176 222 159 116 151 187 142 229 186 163 119 174 111 218 175 112 178 115 222 179 116 210 148 223 181 126 151 238 196 153 241 101 208 146 143 219 140 118 205 245 230 110 230 167 105 142 229 153 240 178 116 215 247 185 0 177 232 156 211 116 170 225 149 204 109 163 238 143 197 102 157 231 136 190 245 150 224 129 184 238 163 217 122 177 231 156 210 
114 205 229 224 181 118 205 162 119 130 217 174 131 218 134 221 178 214 100 205 142 249 225 182 217 174 130 237 174 241 178 135 242 179 123 210 147 235 181 205 143 101 208 166 175 113 201 198 143 215 172 110 150 135 145 134 242 160 216 154 207 145 233 171 119 152 239 177 0 170 244 149 203 108 163 237 142 197 101 176 230 135 190 244 169 223 128 183 238 162 217 121 176 231 155 210 114 169 224 148 
157 248 141 117 224 161 118 225 181 193 130 237 194 131 177 134 241 146 143 247 184 141 138 245 129 216 173 150 237 134 240 197 134 241 185 123 202 160 236 110 198 175 113 220 230 167 105 102 198 139 227 165 205 189 200 209 147 215 121 208 132 200 137 225 174 206 144 232 170 0 162 217 141 196 101 155 210 134 189 244 148 203 127 182 237 142 216 121 175 230 135 209 114 168 223 128 202 107 162 216 
219 160 204 179 136 223 180 137 224 236 193 130 237 193 239 177 133 209 205 160 247 204 200 137 192 129 236 212 149 196 133 240 197 134 228 165 107 214 140 165 102 230 187 125 134 222 160 157 102 194 132 239 109 114 105 113 201 139 175 113 186 124 192 130 248 111 199 156 244 162 0 220 124 199 103 158 213 117 192 247 151 206 111 185 240 144 199 123 178 233 138 192 117 171 226 131 185 110 164 219 
112 223 247 222 179 136 243 180 152 148 235 192 149 236 152 239 196 141 118 203 160 116 243 200 104 191 129 105 192 109 196 153 109 197 141 228 181 119 215 239 177 134 242 180 209 147 234 231 157 249 206 144 164 169 179 168 106 194 230 168 241 179 117 185 153 185 123 211 149 217 220 0 212 137 191 246 151 205 130 184 239 144 198 123 177 232 137 192 116 171 225 130 204 109 164 239 144 198 103 178 
175 116 159 155 242 179 136 242 214 191 148 105 192 149 195 152 109 204 160 115 202 159 156 243 147 234 191 168 105 151 238 215 152 239 184 140 236 174 119 144 231 189 147 104 113 201 139 136 212 153 111 199 238 223 214 223 161 248 135 223 146 233 171 109 208 240 178 116 203 141 124 212 0 225 130 204 109 164 218 123 197 102 157 211 116 191 245 150 224 129 184 238 143 217 122 177 232 136 211 115 
218 178 222 217 154 241 198 155 107 104 191 148 104 211 107 194 151 116 223 178 115 222 218 155 210 147 104 210 167 214 151 108 215 152 246 183 141 228 174 198 136 113 201 159 168 106 194 191 136 208 166 103 143 128 138 147 235 153 209 147 200 138 226 164 112 145 233 170 108 196 199 137 225 0 107 162 236 141 196 100 155 229 134 189 243 168 222 127 182 237 161 216 120 175 230 154 209 113 168 223 
110 221 115 110 197 154 111 198 170 166 103 210 167 104 170 107 214 159 135 221 177 134 111 218 102 209 146 123 230 126 214 170 127 214 159 246 195 153 229 103 191 168 106 213 223 161 248 245 191 132 220 158 198 183 173 202 140 208 114 202 125 193 131 218 167 199 137 225 163 101 103 191 130 107 0 100 154 209 133 188 243 147 202 126 181 236 141 195 120 174 229 134 208 113 167 222 115 229 133 188 
173 133 177 172 109 197 153 110 232 209 166 123 210 167 213 150 126 221 178 133 220 177 173 110 165 102 209 185 123 169 106 213 170 107 201 158 120 207 133 158 246 223 180 118 147 215 153 150 246 187 145 232 102 107 248 107 194 132 169 106 180 117 185 123 242 104 192 149 237 155 158 246 204 162 100 0 242 147 202 107 161 194 106 169 231 124 187 230 142 205 247 160 222 115 178 240 133 196 108 171 
216 196 220 235 172 109 216 153 125 121 209 165 122 229 125 212 169 114 110 196 133 240 216 173 227 165 121 228 185 232 169 126 233 170 114 201 174 112 208 232 170 127 235 173 202 140 227 224 150 242 199 137 177 162 133 161 249 187 223 161 234 172 110 178 146 179 116 204 142 210 213 151 109 236 154 242 0 240 133 195 108 151 213 126 169 231 124 186 249 142 204 117 179 222 135 177 240 152 195 108 
128 239 132 128 215 152 129 216 188 184 121 228 185 122 188 125 232 177 173 238 176 152 129 236 120 227 184 141 248 144 231 188 145 232 177 114 229 167 112 137 225 182 159 247 107 194 132 129 205 146 104 192 121 216 187 216 154 241 148 216 139 227 164 102 201 233 171 109 197 134 117 205 164 141 209 147 240 0 240 152 215 108 170 233 125 188 231 143 206 249 161 224 116 179 241 134 197 109 152 215 
171 151 195 190 127 214 171 128 100 246 184 140 228 184 231 168 125 239 236 151 238 195 191 128 183 120 227 203 140 187 124 231 188 125 219 156 134 222 167 192 129 107 214 152 161 249 187 184 129 201 159 246 176 121 242 140 228 146 202 140 213 131 219 157 106 138 226 163 101 189 192 130 218 196 133 202 133 240 0 109 152 214 107 170 232 145 188 100 163 205 118 161 223 136 179 241 154 196 109 172 
233 214 238 233 190 127 234 171 143 139 226 183 140 247 143 230 187 132 168 213 151 107 234 191 245 182 139 246 203 100 187 144 100 188 132 219 188 146 222 246 184 161 119 207 216 154 242 238 184 126 213 151 230 176 111 195 133 201 107 195 118 186 124 212 160 193 130 238 176 244 247 184 123 100 188 107 195 152 109 0 124 214 127 126 216 129 171 234 127 170 232 125 187 230 143 186 228 141 184 246 
126 126 150 146 233 170 127 234 205 202 139 246 203 140 206 143 100 195 100 106 193 150 147 103 138 225 182 159 116 142 249 206 143 100 194 132 113 201 126 151 239 236 173 111 140 208 146 163 239 180 138 226 135 100 166 100 187 125 162 249 173 110 198 116 235 117 185 143 230 148 151 239 197 155 243 161 108 215 152 124 0 230 123 186 248 141 203 116 159 221 134 177 239 132 194 107 169 212 125 187 
169 189 213 208 145 232 189 146 248 114 201 139 245 202 248 186 142 107 163 169 106 213 209 146 201 138 245 221 158 205 162 249 206 143 237 174 168 105 201 225 163 140 228 186 195 133 221 218 143 105 192 130 190 155 221 154 242 180 216 154 227 165 103 171 139 172 109 197 135 203 206 144 102 229 147 194 151 108 214 214 230 0 210 123 185 228 141 203 246 158 201 114 176 239 132 194 107 149 212 105 
232 232 106 101 208 145 102 189 161 157 244 201 158 245 161 248 205 150 225 231 168 125 102 209 113 200 157 114 221 117 205 161 118 205 150 237 222 160 106 130 218 195 153 240 100 188 125 122 198 159 247 185 114 210 125 229 147 235 141 209 132 220 158 245 194 226 164 102 190 127 111 198 157 134 202 106 213 170 107 127 123 210 0 210 122 165 228 120 183 245 138 201 113 176 219 131 174 237 149 192 
124 144 168 163 101 188 145 101 223 220 157 114 220 247 204 161 117 212 157 124 211 168 164 121 156 243 200 177 114 160 117 224 161 118 212 149 127 215 160 185 122 100 207 145 154 242 180 197 123 214 152 240 169 114 180 133 221 108 195 133 206 124 212 150 249 131 219 157 244 182 185 123 211 189 126 169 126 233 170 126 186 123 210 0 190 102 165 208 120 183 245 138 200 243 156 218 111 174 236 129 
187 207 231 226 163 100 207 164 136 112 219 156 113 159 116 203 160 125 200 187 124 231 227 164 218 156 112 239 176 223 160 117 224 180 105 192 182 139 215 239 177 174 112 200 209 147 235 101 177 119 206 144 243 189 235 188 126 162 100 188 111 199 117 205 153 186 124 231 169 237 240 177 116 243 181 231 169 125 232 216 248 185 122 190 0 189 102 164 207 120 163 225 138 180 243 136 198 111 173 216 
230 100 123 119 206 163 120 207 198 175 112 219 176 222 179 116 223 168 113 229 186 143 120 227 131 218 175 132 239 135 222 179 136 223 168 105 106 194 120 144 232 229 167 104 134 221 139 156 232 193 131 219 148 243 139 243 181 237 155 243 166 104 191 109 228 110 178 136 223 142 144 232 191 168 236 124 231 188 145 129 141 228 165 102 189 0 141 183 246 158 201 114 157 219 132 174 237 150 192 105 
123 162 186 181 118 206 162 119 111 237 175 131 219 115 222 178 135 230 175 142 229 186 182 119 174 111 218 194 132 178 135 242 179 136 210 167 161 248 194 218 156 133 221 179 188 126 214 211 137 248 186 123 222 148 194 148 235 141 229 147 220 158 246 164 133 165 103 190 128 216 199 137 245 222 141 187 124 231 188 171 203 141 228 165 102 141 0 160 223 115 178 240 133 196 239 151 214 106 169 231 
185 205 249 244 181 118 225 182 154 130 237 194 131 177 134 221 178 143 218 204 142 248 245 182 236 173 130 237 194 241 178 135 241 198 123 210 215 153 249 123 211 188 146 233 243 181 118 135 211 152 240 178 147 203 249 222 140 196 134 222 145 213 151 238 187 220 157 245 183 121 123 192 150 127 195 230 186 143 100 234 116 203 120 208 164 183 160 0 136 198 241 154 216 109 172 234 147 189 102 145 
248 117 141 137 224 181 137 225 216 193 130 237 194 240 197 134 241 186 131 247 204 161 138 244 129 236 193 150 107 153 240 197 154 241 185 123 120 228 153 178 116 243 200 138 148 235 173 190 116 207 145 233 221 107 173 127 214 101 189 126 200 118 205 143 242 124 212 150 238 175 178 116 224 182 120 142 249 206 163 127 159 246 183 120 207 246 223 136 0 136 178 241 153 216 109 171 214 127 189 232 
140 180 204 199 136 223 180 137 129 105 192 149 236 133 239 177 153 248 193 160 247 204 200 137 192 129 236 212 149 216 153 240 197 154 228 185 175 132 208 233 170 167 105 193 202 140 228 114 170 112 200 137 146 182 208 181 119 156 243 181 104 192 110 198 147 199 117 224 162 230 233 171 129 237 174 205 142 249 205 170 221 158 245 183 120 158 115 198 136 0 115 178 241 133 196 239 151 214 107 169 
183 223 116 112 199 136 243 180 172 148 235 192 149 195 152 239 196 161 236 222 159 116 243 200 104 191 148 105 212 108 196 152 109 196 141 228 249 187 113 157 225 222 160 248 127 214 132 169 225 186 124 212 220 236 113 236 174 230 148 236 159 247 184 103 221 103 171 129 217 135 138 225 184 161 229 247 204 161 118 232 134 201 138 245 163 201 178 241 178 115 0 109 171 234 126 189 232 144 207 100 
246 135 159 154 242 179 155 242 234 211 148 105 211 108 214 152 108 203 148 115 222 179 155 112 147 104 211 168 124 171 108 215 172 109 203 140 154 242 187 212 149 127 234 172 181 119 207 224 130 241 179 116 144 141 167 141 228 135 222 126 214 151 239 157 126 158 246 184 121 209 192 130 238 216 134 160 117 224 161 125 177 114 201 138 225 114 240 154 241 178 109 0 108 151 214 126 169 231 144 187 
139 198 222 217 154 241 218 155 127 123 210 167 104 150 107 194 151 116 191 178 115 222 218 175 210 147 104 230 167 214 171 108 215 172 246 183 208 146 242 116 204 181 139 227 236 174 131 128 204 146 233 171 219 196 222 215 153 189 127 200 138 206 144 232 180 213 150 238 176 114 117 204 143 120 208 222 179 116 223 187 239 176 113 200 138 157 133 216 153 241 171 108 0 238 151 213 106 169 231 124 
201 241 115 129 217 154 111 217 189 166 103 210 167 213 170 107 214 159 104 240 177 134 111 218 122 209 166 123 230 126 213 170 127 214 159 246 113 221 147 171 109 236 194 131 141 228 186 183 109 200 138 226 143 100 127 120 208 244 182 105 193 111 199 136 235 117 205 163 231 168 171 109 217 175 113 115 222 179 136 230 132 239 176 243 180 219 196 109 216 133 234 151 238 0 167 229 142 185 247 160 
244 153 177 172 109 197 173 110 102 229 166 122 229 125 232 169 126 221 166 133 220 177 173 130 165 102 229 185 142 189 126 233 170 127 221 158 168 125 201 226 163 160 248 186 195 133 241 107 164 125 212 131 218 175 182 174 112 149 236 160 247 185 123 191 159 192 110 217 155 223 226 164 122 230 167 178 135 241 179 143 194 132 219 156 243 132 239 172 109 196 126 214 151 167 0 166 229 122 184 227 
137 216 240 235 172 109 236 173 145 141 228 185 122 168 125 212 169 134 239 196 133 239 236 173 227 165 121 248 185 232 189 145 232 189 114 201 242 180 106 150 238 215 153 110 120 208 145 162 218 179 117 205 142 230 236 229 167 223 161 214 152 240 178 246 214 246 184 122 210 128 131 239 177 154 222 240 177 134 241 186 107 194 131 218 136 174 151 234 171 239 189 126 213 229 166 0 146 209 121 164 
199 108 132 128 234 191 128 235 207 184 121 228 185 101 188 125 232 177 151 108 195 152 129 235 140 227 184 141 248 144 231 188 145 102 176 114 147 104 180 205 143 120 227 165 174 112 220 217 123 234 172 110 197 134 141 134 222 128 216 119 207 145 232 150 119 151 239 177 114 202 185 144 232 209 115 133 240 197 154 228 169 107 174 111 198 237 214 147 214 151 232 169 106 142 229 146 0 146 209 101 
242 171 195 190 127 234 191 128 120 246 183 140 247 143 100 187 144 239 194 151 238 195 191 148 183 120 227 203 140 187 144 101 188 145 239 176 202 179 105 109 197 174 132 220 229 167 124 240 197 139 227 164 121 189 196 208 146 182 120 193 131 199 137 225 174 206 144 231 169 107 110 198 136 113 229 196 152 109 196 141 212 149 237 174 111 150 106 189 127 214 144 231 169 185 122 209 146 0 146 188 
154 234 107 103 190 147 234 191 163 139 246 203 140 206 143 230 187 152 107 213 150 107 104 191 245 182 139 116 203 100 187 143 100 207 132 239 106 103 159 164 102 229 187 124 134 222 179 164 102 193 131 219 196 244 100 113 201 237 175 248 186 104 192 129 228 130 198 156 224 162 164 103 211 168 133 108 195 152 109 184 125 212 149 236 173 192 169 102 189 107 207 144 231 247 184 121 209 146 0 185 
197 126 170 145 102 209 146 233 225 202 139 246 203 118 206 143 249 194 149 126 213 170 146 103 158 245 202 159 115 162 249 206 163 120 194 131 161 178 214 219 157 154 241 179 189 126 234 219 157 118 206 124 120 168 155 168 105 142 230 153 241 178 116 184 153 185 103 210 148 216 219 178 115 223 188 171 108 215 172 246 187 105 192 129 216 105 231 145 232 169 100 187 124 160 227 164 101 188 185 0 

4168 0 52 2978
2670 2 53 4321
4086 52 53 3226
3099 53 54 4750
3559 54 55 2698
4418 55 56 3558
4747 56 57 3888
4087 57 58 3227
2707 58 59 4357
3231 59 60 4883
3072 59 60 4724
2702 60 61 4353
3732 60 61 2871
2972 61 62 4623
2682 61 62 4002
3631 62 63 2770
2880 62 63 4531
4028 63 64 3168
3607 63 64 4929
3038 64 65 4689
4795 64 65 3937
4556 65 66 3697
3805 65 66 2944
3896 66 67 3035
3145 66 67 4796
2905 67 68 4556
4663 67 68 3804
4703 67 68 3513
4423 68 69 3564
3672 68 69 2811
3712 68 69 2521
3763 69 70 2572
3012 69 70 4663
4289 69 70 3429
4689 70 71 3830
3938 70 71 3077
3648 70 71 2787
3698 71 72 2838
2947 71 72 4599
4705 71 72 3846
4755 72 73 3897
4004 72 73 3144
3583 72 73 4905
3304 73 74 4956
2553 73 74 4203
4310 73 74 3451
2572 74 75 4222
4329 74 75 3470
3578 74 75 2717
3629 75 76 2768
2878 75 76 4529
4635 75 76 3776
4346 75 76 3486
4026 76 77 3166
3605 76 77 4927
2854 76 77 4174
4611 76 77 3752
4292 77 78 3432
3541 77 78 2680
2790 77 78 4441
4877 77 78 4019
4888 78 79 4029
4137 78 79 3277
3386 78 79 2524
2965 78 79 4616
4756 79 80 3567
4005 79 80 3145
3254 79 80 4906
5011 79 80 4153
4692 80 81 3833
4271 80 81 3081
3190 80 81 2659
2769 80 81 4420
3169 81 82 4820
4926 81 82 4068
4175 81 82 3315
3754 81 82 2894
3435 82 83 4756
2684 82 83 4334
4441 82 83 3582
3690 82 83 2829
3701 83 84 2840
2950 83 84 4601
4707 83 84 3848
4286 83 84 3096
3535 83 84 2674
3895 84 85 3035
3144 84 85 4795
4901 84 85 4043
4150 84 85 3290
3729 84 85 2869
3370 85 86 5022
2619 85 86 4269
4706 85 86 3517
3955 85 86 3095
3204 85 86 4856
2844 86 87 4495
4602 86 87 3743
3851 86 87 2990
3430 86 87 4751
2679 86 87 3999
3039 87 88 4690
4796 87 88 3938
4045 87 88 3185
3294 87 88 4946
2543 87 88 4194
2514 88 89 3833
4271 88 89 3411
3520 88 89 4842
2769 88 89 4420
4526 88 89 3667
4886 89 90 4028
4135 89 90 3275
3384 89 90 2523
2633 89 90 4284
4391 89 90 3531
4361 90 91 3502
3610 90 91 2749
2859 90 91 4510
4617 90 91 3758
3866 90 91 3005
3836 91 92 2975
3085 91 92 4736
4842 91 92 3984
4091 91 92 3231
3340 91 92 4992
3700 92 93 2839
2949 92 93 4600
4707 92 93 3848
4648 92 93 3789
4819 92 93 3961
4068 92 93 3208
4889 93 94 4030
4138 93 94 3277
4376 93 94 3186
3625 93 94 2764
2874 93 94 4525
4632 93 94 3773
4562 94 95 3703
3811 94 95 2950
3060 94 95 4711
4817 94 95 3959
4066 94 95 3206
3315 94 95 4967
3965 95 96 3105
3214 95 96 4866
4972 95 96 4113
4221 95 96 3361
3470 95 96 2608
2719 95 96 4369
2649 96 97 4299
4406 96 97 3547
3655 96 97 2794
3234 96 97 4555
4662 96 97 4133
4241 96 97 3050
4561 97 98 3701
3810 97 98 2949
3059 97 98 4710
2637 97 98 3957
4065 97 98 3205
3644 97 98 4966
3964 98 99 3104
3213 98 99 4864
4970 98 99 4112
4219 98 99 3359
3798 98 99 2607
3047 98 99 4699
2647 99 0 4298
4405 99 0 3545
3324 99 0 4976
2573 99 0 4223
4330 99 0 3471
3249 99 0 4901

30787

0 938 35
1 281 25
2 887 36
3 784 30
4 347 45
5 283 26
6 299 41
7 316 26
8 787 41
9 408 40
10 878 25
11 540 39
12 260 24
13 731 43
14 452 28
15 271 43
16 742 28
17 303 42
18 774 27
19 495 42
20 965 30
21 686 45
22 407 30
23 878 45
24 697 30
25 418 45
26 888 30
27 609 49
28 330 33
29 801 48
30 521 33
31 341 22
32 811 37
33 840 43
34 561 28
35 282 43
36 851 28
37 572 47
38 292 31
39 763 46
40 484 31
41 303 46
42 774 31
43 495 20
44 965 35
45 686 20
46 407 34
47 877 49
48 598 38
49 418 23
50 888 38
51 609 23
52 330 38
53 800 23
54 521 41
55 992 26
56 811 41
57 532 26
58 253 41
59 723 30
60 444 45
61 264 30
62 734 44
63 455 29
64 926 44
65 859 23
66 679 37
67 399 22
68 870 37
69 591 22
70 311 37
71 881 26
72 602 41
73 322 22
74 793 41
75 514 25
76 984 40
77 705 25
78 525 40
79 995 29
80 716 44
81 437 29
82 907 44
83 727 28
84 448 43
85 918 32
86 639 47
87 360 32
88 830 47
89 551 32
90 371 20
91 841 35
92 562 20
93 283 35
94 753 20
95 474 35
96 945 24
97 764 39
98 485 23
99 956 38
