50 88 3

0 119 225 200 176 132 237 213 188 144 140 135 130 125 121 116 111 106 102 247 242 237 233 228 223 218 214 248 244 239 234 229 225 220 215 210 206 201 196 191 187 182 177 172 168 163 158 153 149 144 
119 0 248 204 179 175 170 165 160 156 151 146 141 137 132 127 123 118 113 108 104 249 244 239 235 230 225 220 216 211 226 201 197 192 187 202 178 193 168 183 178 193 189 184 179 174 130 125 121 155 
225 248 0 247 242 237 233 228 223 219 214 209 204 200 195 190 185 181 176 171 166 162 157 149 105 230 186 181 177 172 167 182 197 192 188 183 178 173 169 184 179 174 169 165 160 155 150 165 161 156 
200 204 247 0 152 167 162 157 153 148 143 138 134 149 144 139 154 130 125 120 115 150 145 141 136 131 126 122 117 132 127 122 118 113 108 103 249 244 239 234 230 225 220 216 211 245 241 236 212 227 
176 179 242 152 0 218 213 208 204 219 194 229 224 219 215 210 205 200 196 191 186 181 177 172 167 162 158 173 148 143 139 134 129 124 120 115 110 105 101 246 241 236 232 247 242 107 232 247 223 238 
132 175 237 167 218 0 185 180 176 191 186 181 176 172 167 162 157 172 187 183 178 173 168 164 159 174 169 164 160 155 150 145 141 156 151 146 141 137 132 127 122 137 152 148 143 138 133 129 124 139 
237 170 233 162 213 185 0 140 136 131 126 121 117 112 107 102 248 243 238 233 229 224 219 234 229 225 220 215 211 206 201 236 231 226 202 217 212 207 203 218 213 208 203 199 194 189 184 180 175 170 
213 165 228 157 208 180 140 0 167 162 134 109 104 100 245 240 235 231 226 221 216 101 227 222 237 212 227 203 218 213 208 204 199 194 189 185 180 195 190 185 181 176 171 167 162 177 172 167 163 158 
188 160 223 153 204 176 136 167 0 150 145 160 175 151 166 141 156 151 127 162 157 152 147 143 138 133 128 143 139 134 129 124 120 115 110 125 140 116 131 106 121 116 112 107 102 247 243 238 233 228 
144 156 219 148 219 191 131 162 150 0 235 231 226 221 216 212 207 222 217 212 208 203 198 194 189 184 179 175 170 165 160 156 151 186 181 176 171 167 162 157 152 148 143 138 133 129 124 119 114 129 
140 151 214 143 194 186 126 134 145 235 0 112 107 102 248 113 108 103 248 244 239 234 229 244 109 235 100 245 240 236 231 246 241 236 232 227 222 217 213 228 223 218 213 209 204 199 195 229 224 220 
135 146 209 138 229 181 121 109 160 231 112 0 198 213 208 203 198 194 189 184 179 175 170 165 160 156 151 146 141 156 152 147 142 137 133 128 123 138 153 148 144 139 134 129 125 140 135 130 125 121 
130 141 204 134 224 176 117 104 175 226 107 198 0 224 219 234 210 225 200 215 211 206 201 196 192 187 182 197 192 188 183 178 173 169 164 187 182 177 173 168 183 158 173 188 184 179 174 169 165 160 
125 137 200 149 219 172 112 100 151 221 102 213 224 0 148 143 138 153 149 144 139 134 130 125 120 135 150 126 141 116 131 126 122 137 132 127 122 118 113 108 103 118 114 109 104 100 245 240 235 231 
121 132 195 144 215 167 107 245 166 216 248 208 219 148 0 214 209 204 200 215 190 205 181 215 211 206 201 196 192 187 182 177 173 168 163 158 154 149 144 159 135 130 125 120 116 111 106 101 247 242 
116 127 190 139 210 162 102 240 141 212 113 203 234 143 214 0 181 176 172 167 162 177 172 168 163 158 173 149 144 179 174 169 164 160 155 150 145 160 156 151 146 141 137 132 127 142 137 133 128 123 
111 123 185 154 205 157 248 235 156 207 108 198 210 138 209 181 0 117 112 127 122 117 113 108 103 248 244 239 234 230 225 220 215 211 206 221 216 211 207 202 197 192 188 222 218 213 208 203 199 194 
106 118 181 130 200 172 243 231 151 222 103 194 225 153 204 176 117 0 163 158 153 149 120 246 241 236 231 227 222 217 212 208 203 238 233 228 223 219 214 209 204 200 195 190 186 181 176 171 167 182 
102 113 176 125 196 187 238 226 127 217 248 189 200 149 200 172 112 163 0 146 141 136 132 147 162 137 152 147 143 138 133 148 143 139 134 129 124 120 115 130 125 120 116 111 106 101 247 131 127 122 
247 108 171 120 191 183 233 221 162 212 244 184 215 144 215 167 127 158 146 0 212 227 222 217 213 208 203 198 194 209 204 199 194 190 185 180 175 171 166 161 156 171 147 162 137 172 167 163 158 153 
242 104 166 115 186 178 229 216 157 208 239 179 211 139 190 162 122 153 141 212 0 108 103 248 244 239 234 249 244 240 235 230 225 221 236 101 246 241 236 232 227 222 218 232 228 223 218 214 209 204 
237 249 162 150 181 173 224 101 152 203 234 175 206 134 205 177 117 149 136 227 108 0 194 169 184 199 194 190 185 180 175 171 166 161 156 152 147 142 137 133 128 143 138 133 129 124 139 114 129 144 
233 244 157 145 177 168 219 227 147 198 229 170 201 130 181 172 113 120 132 222 103 194 0 220 235 230 226 221 216 211 207 202 197 192 188 183 178 173 169 184 179 174 169 165 160 155 150 177 172 148 
228 239 149 141 172 164 234 222 143 194 244 165 196 125 215 168 108 246 147 217 248 169 220 0 148 123 138 133 109 144 139 134 129 125 120 115 110 125 121 116 111 106 102 247 242 107 122 248 113 238 
223 235 105 136 167 159 229 237 138 189 109 160 192 120 211 163 103 241 162 213 244 184 235 148 0 194 189 204 199 194 190 185 180 175 171 186 181 176 171 186 162 177 153 167 163 158 153 149 144 139 
218 230 230 131 162 174 225 212 133 184 235 156 187 135 206 158 248 236 137 208 239 199 230 123 194 0 181 176 171 166 162 157 152 167 162 158 153 148 143 139 134 149 144 140 135 130 145 121 116 150 
214 225 186 126 158 169 220 227 128 179 100 151 182 150 201 173 244 231 152 203 234 194 226 138 189 181 0 247 242 237 232 247 112 238 103 228 243 239 234 229 224 220 215 210 205 201 196 211 206 201 
248 220 181 122 173 164 215 203 143 175 245 146 197 126 196 149 239 227 147 198 249 190 221 133 204 176 247 0 123 158 153 148 144 139 114 220 215 211 206 201 196 192 187 182 197 212 207 203 198 193 
244 216 177 117 148 160 211 218 139 170 240 141 192 141 192 144 234 222 143 194 244 185 216 109 199 171 242 123 0 130 125 120 135 111 106 141 136 131 127 122 117 112 108 123 118 113 108 104 249 244 
239 211 172 132 143 155 206 213 134 165 236 156 188 116 187 179 230 217 138 209 240 180 211 144 194 166 237 158 130 0 196 191 186 201 196 192 187 182 177 173 168 183 178 173 169 164 159 154 150 165 
234 226 167 127 139 150 201 208 129 160 231 152 183 131 182 174 225 212 133 204 235 175 207 139 190 162 232 153 125 196 0 242 237 232 228 223 218 213 209 224 219 214 229 205 220 195 210 225 220 216 
229 201 182 122 134 145 236 204 124 156 246 147 178 126 177 169 220 208 148 199 230 171 202 134 185 157 247 148 120 191 242 0 177 173 168 163 159 174 169 164 159 155 150 145 140 136 131 126 121 117 
225 197 197 118 129 141 231 199 120 151 241 142 173 122 173 164 215 203 143 194 225 166 197 129 180 152 112 144 135 186 237 177 0 184 179 214 209 205 200 195 190 186 181 176 171 167 162 157 153 148 
220 192 192 113 124 156 226 194 115 186 236 137 169 137 168 160 211 238 139 190 221 161 192 125 175 167 238 139 111 201 232 173 184 0 219 214 209 204 200 195 190 205 200 196 191 186 181 177 172 187 
215 187 188 108 120 151 202 189 110 181 232 133 164 132 163 155 206 233 134 185 236 156 188 120 171 162 103 114 106 196 228 168 179 219 0 134 130 125 120 155 150 145 141 136 131 126 122 137 132 127 
210 202 183 103 115 146 217 185 125 176 227 128 187 127 158 150 221 228 129 180 101 152 183 115 186 158 228 220 141 192 223 163 214 214 134 0 200 215 191 186 181 177 172 167 162 177 173 168 163 158 
206 178 178 249 110 141 212 180 140 171 222 123 182 122 154 145 216 223 124 175 246 147 178 110 181 153 243 215 136 187 218 159 209 209 130 200 0 116 112 107 102 247 243 127 123 118 243 108 104 249 
201 193 173 244 105 137 207 195 116 167 217 138 177 118 149 160 211 219 120 171 241 142 173 125 176 148 239 211 131 182 213 174 205 204 125 215 116 0 202 197 192 207 203 198 193 188 164 139 135 150 
196 168 169 239 101 132 203 190 131 162 213 153 173 113 144 156 207 214 115 166 236 137 169 121 171 143 234 206 127 177 209 169 200 200 120 191 112 202 0 248 243 239 234 229 224 220 215 100 245 240 
191 183 184 234 246 127 218 185 106 157 228 148 168 108 159 151 202 209 130 161 232 133 184 116 186 139 229 201 122 173 224 164 195 195 155 186 107 197 248 0 184 179 174 169 165 180 175 170 165 161 
187 178 179 230 241 122 213 181 121 152 223 144 183 103 135 146 197 204 125 156 227 128 179 111 162 134 224 196 117 168 219 159 190 190 150 181 102 192 243 184 0 100 245 130 105 120 115 111 106 101 
182 193 174 225 236 137 208 176 116 148 218 139 158 118 130 141 192 200 120 171 222 143 174 106 177 149 220 192 112 183 214 155 186 205 145 177 247 207 239 179 100 0 205 200 196 191 186 181 177 192 
177 189 169 220 232 152 203 171 112 143 213 134 173 114 125 137 188 195 116 147 218 138 169 102 153 144 215 187 108 178 229 150 181 200 141 172 243 203 234 174 245 205 0 141 246 242 237 102 247 242 
172 184 165 216 247 148 199 167 107 138 209 129 188 109 120 132 222 190 111 162 232 133 165 247 167 140 210 182 123 173 205 145 176 196 136 167 127 198 229 169 130 200 141 0 187 202 197 192 188 183 
168 179 160 211 242 143 194 162 102 133 204 125 184 104 116 127 218 186 106 137 228 129 160 242 163 135 205 197 118 169 220 140 171 191 131 162 123 193 224 165 105 196 246 187 0 122 118 113 108 103 
163 174 155 245 107 138 189 177 247 129 199 140 179 100 111 142 213 181 101 172 223 124 155 107 158 130 201 212 113 164 195 136 167 186 126 177 118 188 220 180 120 191 242 202 122 0 188 184 179 194 
158 130 150 241 232 133 184 172 243 124 195 135 174 245 106 137 208 176 247 167 218 139 150 122 153 145 196 207 108 159 210 131 162 181 122 173 243 164 215 175 115 186 237 197 118 188 0 144 139 134 
153 125 165 236 247 129 180 167 238 119 229 130 169 240 101 133 203 171 131 163 214 114 177 248 149 121 211 203 104 154 225 126 157 177 137 168 108 139 100 170 111 181 102 192 113 184 144 0 210 225 
149 121 161 212 223 124 175 163 233 114 224 125 165 235 247 128 199 167 127 158 209 129 172 113 144 116 206 198 249 150 220 121 153 172 132 163 104 135 245 165 106 177 247 188 108 179 139 210 0 106 
144 155 156 227 238 139 170 158 228 129 220 121 160 231 242 123 194 182 122 153 204 144 148 238 139 150 201 193 244 165 216 117 148 187 127 158 249 150 240 161 101 192 242 183 103 194 134 225 106 0 

0 162 184 148 246 114 153 168 206 245 113 152 190 229 248 136 175 194 232 121 159 178 217 105 124 162 201 239 108 147 185 224 243 131 170 188 227 115 154 173 211 100 119 157 196 214 103 141 180 199 
162 0 200 128 130 208 156 124 221 169 117 234 182 130 247 216 144 241 189 137 104 202 150 117 195 143 110 208 156 123 221 169 116 214 162 109 227 175 122 240 168 135 233 181 128 246 194 141 109 206 
184 200 0 167 134 232 180 127 245 192 140 108 205 153 101 199 146 244 211 159 107 224 152 100 217 165 113 230 178 126 223 171 119 236 184 132 249 197 145 242 210 157 105 223 170 118 216 163 111 229 
148 128 167 0 200 148 245 213 161 108 226 173 121 219 167 134 232 179 127 245 173 140 238 185 153 101 198 146 114 211 159 126 224 172 139 237 185 132 100 198 145 113 210 158 106 204 151 249 216 164 
246 130 134 200 0 103 201 148 116 214 161 109 226 174 122 239 187 135 232 200 148 245 213 160 108 226 173 121 219 186 134 232 199 147 244 192 160 107 205 173 120 218 166 133 231 179 146 244 191 159 
114 208 232 148 103 0 176 143 241 188 156 104 201 169 117 214 162 129 227 175 142 240 188 135 103 201 148 116 213 161 109 226 174 122 239 187 135 102 200 148 245 213 160 108 226 173 121 219 186 134 
153 156 180 245 201 176 0 118 235 183 131 229 196 144 241 209 157 104 202 170 117 215 182 130 228 195 143 241 188 156 104 201 169 116 214 162 129 227 175 142 240 188 135 103 201 148 246 194 141 109 
168 124 127 213 148 143 118 0 191 138 106 204 151 119 216 164 132 229 177 125 242 190 138 105 203 151 248 216 163 111 229 176 124 241 189 137 235 202 150 247 215 163 110 208 175 123 221 188 136 234 
206 221 245 161 116 241 235 191 0 133 231 198 146 244 191 159 107 204 172 119 217 185 132 230 178 145 243 191 158 106 204 151 119 216 164 132 229 177 125 242 190 138 105 203 150 118 216 163 111 228 
245 169 192 108 214 188 183 138 133 0 135 232 180 148 245 193 141 108 206 154 121 219 167 114 232 179 127 245 192 140 238 205 153 101 218 166 113 231 179 126 224 191 139 237 204 152 100 197 165 113 
113 117 140 226 161 156 131 106 231 135 0 207 175 123 220 188 135 233 181 148 246 194 161 109 207 174 122 220 167 135 232 180 148 245 193 141 108 206 154 121 219 166 114 232 179 127 244 192 140 107 
152 234 108 173 109 104 229 204 198 232 207 0 150 117 215 163 110 228 176 123 241 188 136 234 201 149 247 202 130 228 176 143 241 189 156 104 202 149 247 195 162 110 208 175 123 221 168 136 233 181 
190 182 205 121 226 201 196 151 146 180 175 150 0 191 159 106 204 152 119 217 165 132 230 177 145 243 190 138 105 203 151 118 216 164 111 209 157 124 222 170 137 235 183 150 248 196 143 111 208 156 
229 130 153 219 174 169 144 119 244 148 123 117 191 0 133 231 179 127 244 192 140 107 205 152 100 218 165 113 230 178 126 243 191 139 236 204 152 249 217 164 112 210 177 125 223 190 138 236 183 151 
248 247 101 167 122 117 241 216 191 245 220 215 159 133 0 206 174 121 219 186 134 232 180 147 245 193 160 108 205 153 121 218 166 133 231 179 127 244 192 139 107 205 152 120 217 165 113 230 178 126 
136 216 199 134 239 214 209 164 159 193 188 163 106 231 206 0 149 246 214 161 109 227 174 122 220 187 135 233 200 148 246 213 161 108 206 174 121 219 186 134 232 180 147 245 192 160 108 205 153 120 
175 144 146 232 187 162 157 132 107 141 135 110 204 179 174 149 0 241 189 156 104 202 149 117 214 162 130 227 175 123 240 188 136 103 201 149 246 214 161 109 227 174 122 239 187 135 233 200 148 245 
194 241 244 179 135 129 104 229 204 108 233 228 152 127 121 246 241 0 164 111 209 177 124 222 189 137 235 202 150 248 195 163 111 208 176 124 221 169 136 234 182 149 247 195 142 110 208 155 123 220 
232 189 211 127 232 227 202 177 172 206 181 176 119 244 219 214 189 164 0 106 204 152 119 217 164 112 230 177 125 242 190 138 236 203 151 248 216 164 111 229 177 124 222 189 137 235 202 150 248 195 
121 137 159 245 200 175 170 125 119 154 148 123 217 192 186 161 156 111 106 0 179 146 244 192 159 107 205 172 120 217 165 133 230 178 145 243 191 139 106 204 151 119 217 164 112 230 177 125 242 190 
159 104 107 173 148 142 117 242 217 121 246 241 165 140 134 109 104 209 204 179 0 121 239 186 134 232 199 147 245 212 160 108 205 173 120 218 186 133 231 198 146 244 192 159 107 204 172 120 217 165 
178 202 224 140 245 240 215 190 185 219 194 188 132 107 232 227 202 177 152 146 121 0 214 161 129 227 174 142 239 187 135 102 200 148 115 213 161 108 226 213 181 128 226 193 141 239 206 154 102 199 
217 150 152 238 213 188 182 138 132 167 161 136 230 205 180 174 149 124 119 244 239 214 0 105 203 150 118 215 163 131 228 176 143 241 189 137 104 202 150 117 215 162 110 228 175 123 221 168 116 234 
105 117 100 185 160 135 130 105 230 114 109 234 177 152 147 122 117 222 217 192 186 161 105 0 178 125 223 190 138 236 203 151 249 196 164 112 209 177 124 222 170 137 235 183 150 248 196 163 111 209 
124 195 217 153 108 103 228 203 178 232 207 201 145 100 245 220 214 189 164 159 134 129 203 178 0 120 218 165 113 231 178 126 243 191 139 106 204 152 249 217 165 112 230 177 125 223 190 138 236 203 
162 143 165 101 226 201 195 151 145 179 174 149 243 218 193 187 162 137 112 107 232 227 150 125 120 0 102 219 167 115 212 180 128 225 193 140 238 186 153 101 199 166 114 212 179 127 225 172 140 237 
201 110 113 198 173 148 143 248 243 127 122 247 190 165 160 135 130 235 230 205 199 174 118 223 218 102 0 175 122 220 187 135 233 200 148 246 213 161 109 206 174 121 219 187 134 232 180 147 245 193 
239 208 230 146 121 116 241 216 191 245 220 202 138 113 108 233 227 202 177 172 147 142 215 190 165 219 175 0 156 104 202 169 117 215 162 130 228 175 143 240 188 136 103 201 149 116 214 162 129 227 
108 156 178 114 219 213 188 163 158 192 167 130 105 230 205 200 175 150 125 120 245 239 163 138 113 167 122 156 0 229 197 144 242 209 157 105 222 170 118 215 183 131 228 196 143 241 189 156 104 202 
147 123 126 211 186 161 156 111 106 140 135 228 203 178 153 148 123 248 242 217 212 187 131 236 231 115 220 104 229 0 172 139 237 184 132 100 197 145 112 210 158 106 223 171 118 236 184 131 249 196 
185 221 223 159 134 109 104 229 204 238 232 176 151 126 121 246 240 195 190 165 160 135 228 203 178 212 187 202 197 172 0 114 212 179 127 225 192 140 237 185 153 100 198 165 113 211 159 126 224 171 
224 169 171 126 232 226 201 176 151 205 180 143 118 243 218 213 188 163 138 133 108 102 176 151 126 180 135 169 144 139 114 0 206 154 102 219 167 115 232 180 128 225 193 140 238 206 153 101 218 166 
243 116 119 224 199 174 169 124 119 153 148 241 216 191 166 161 136 111 236 230 205 200 143 249 243 128 233 117 242 237 212 206 0 244 211 159 107 224 172 120 237 185 132 230 198 145 243 210 158 106 
131 214 236 172 147 122 116 241 216 101 245 189 164 139 133 108 103 208 203 178 173 148 241 196 191 225 200 215 209 184 179 154 244 0 198 146 244 191 159 106 204 172 119 217 184 132 230 178 145 243 
170 162 184 139 244 239 214 189 164 218 193 156 111 236 231 206 201 176 151 145 120 115 189 164 139 193 148 162 157 132 127 102 211 198 0 121 238 186 134 101 199 147 244 212 159 107 225 172 120 218 
188 109 132 237 192 187 162 137 132 166 141 104 209 204 179 174 149 124 248 243 218 213 137 112 106 140 246 130 105 100 225 219 159 146 121 0 213 161 128 226 174 141 239 187 134 232 200 147 245 193 
227 227 249 185 160 135 129 235 229 113 108 202 157 152 127 121 246 221 216 191 186 161 104 209 204 238 213 228 222 197 192 167 107 244 238 213 0 136 103 201 149 116 214 162 109 227 174 122 240 187 
115 175 197 132 107 102 227 202 177 231 206 149 124 249 244 219 214 169 164 139 133 108 202 177 152 186 161 175 170 145 140 115 224 191 186 161 136 0 209 176 124 221 189 137 234 182 149 247 195 162 
154 122 145 100 205 200 175 150 125 179 154 247 222 217 192 186 161 136 111 106 231 226 150 124 249 153 109 143 118 112 237 232 172 159 134 128 103 209 0 151 249 216 164 112 229 177 124 222 190 137 
173 240 242 198 173 148 142 247 242 126 121 195 170 164 139 134 109 234 229 204 198 213 117 222 217 101 206 240 215 210 185 180 120 106 101 226 201 176 151 0 243 191 159 106 204 152 119 217 165 132 
211 168 210 145 120 245 240 215 190 224 219 162 137 112 107 232 227 182 177 151 146 181 215 170 165 199 174 188 183 158 153 128 237 204 199 174 149 124 249 243 0 186 134 231 199 146 244 192 159 107 
100 135 157 113 218 213 188 163 138 191 166 110 235 210 205 180 174 149 124 119 244 128 162 137 112 166 121 136 131 106 100 225 185 172 147 141 116 221 216 191 186 0 168 135 233 181 148 246 193 141 
119 233 105 210 166 160 135 110 105 139 114 208 183 177 152 147 122 247 222 217 192 226 110 235 230 114 219 103 228 223 198 193 132 119 244 239 214 189 164 159 134 168 0 110 208 175 123 221 188 136 
157 181 223 158 133 108 103 208 203 237 232 175 150 125 120 245 239 195 189 164 159 193 228 183 177 212 187 201 196 171 165 140 230 217 212 187 162 137 112 106 231 135 110 0 214 182 130 227 195 142 
196 128 170 106 231 226 201 175 150 204 179 123 248 223 217 192 187 142 137 112 107 141 175 150 125 179 134 149 143 118 113 238 198 184 159 134 109 234 229 204 199 233 208 214 0 157 124 222 170 117 
214 246 118 204 179 173 148 123 118 152 127 221 196 190 165 160 135 110 235 230 204 239 123 248 223 127 232 116 241 236 211 206 145 132 107 232 227 182 177 152 146 181 175 182 157 0 249 197 164 112 
103 194 216 151 146 121 246 221 216 100 244 168 143 138 113 108 233 208 202 177 172 206 221 196 190 225 180 214 189 184 159 153 243 230 225 200 174 149 124 119 244 148 123 130 124 249 0 192 139 237 
141 141 163 249 244 219 194 188 163 197 192 136 111 236 230 205 200 155 150 125 120 154 168 163 138 172 147 162 156 131 126 101 210 178 172 147 122 247 222 217 192 246 221 227 222 197 192 0 114 212 
180 109 111 216 191 186 141 136 111 165 140 233 208 183 178 153 148 123 248 242 217 102 116 111 236 140 245 129 104 249 224 218 158 145 120 245 240 195 190 165 159 193 188 195 170 164 139 114 0 136 
199 206 229 164 159 134 109 234 228 113 107 181 156 151 126 120 245 220 195 190 165 199 234 209 203 237 193 227 202 196 171 166 106 243 218 193 187 162 137 132 107 141 136 142 117 112 237 212 136 0 

2473 0 3 1444
2502 1 29 1805
1448 2 29 2040
2035 2 29 2448
2110 3 29 2520
1675 3 29 2262
2292 29 30 1600
2202 29 30 1512
1409 30 31 1836
1859 30 31 2442
2156 31 32 1467
2474 31 32 1778
2090 32 33 2501
1624 32 33 2212
2534 33 34 1837
2239 33 34 1382
1855 34 35 2271
1761 34 35 2179
1330 34 35 1925
2057 35 36 2469
1662 35 36 2249
2526 35 36 1828
2328 36 37 1635
2102 36 37 2513
1672 36 37 2093
2229 37 38 1538
2344 37 38 1484
1913 37 38 2495
1715 38 39 2135
1660 38 39 2248
1775 38 39 2360
1891 38 39 2473
2265 39 40 1407
2093 39 40 2504
1662 39 40 2083
1607 39 40 2196
2537 40 41 1673
1358 40 41 1786
1302 40 41 1898
1418 40 41 2011
2161 41 42 1472
2276 41 42 1418
2392 41 42 1531
2507 41 42 1643
1785 42 43 2370
1900 42 43 2482
2016 42 43 1330
2131 42 43 1442
2246 42 43 1388
1341 43 44 1936
1457 43 44 1882
1572 43 44 1995
1517 43 44 2107
1632 43 44 2220
2022 44 45 1336
2137 44 45 1449
2253 44 45 1561
2368 44 45 1674
2483 44 45 1620
2504 45 46 1641
1324 45 46 1753
2564 45 46 1866
1384 45 46 1978
1500 45 46 2091
1890 46 47 2472
2055 46 47 1368
2170 46 47 1480
2285 46 47 1427
2400 46 47 1539
2345 46 47 1652
1444 47 48 1870
1559 47 48 1983
1504 47 48 2095
1619 47 48 2208
1735 47 48 2320
1850 47 48 2266
1887 48 49 2469
2002 48 49 1317
2117 48 49 1429
2232 48 49 1542
2348 48 49 1488
2463 48 49 1600
2130 49 0 1442
1905 49 0 2487
1680 49 0 2100
1454 49 0 1880
2524 49 0 1660
2128 49 0 1439

15987

0 387 27
1 437 38
2 842 48
3 459 24
4 770 40
5 861 22
6 442 38
7 772 23
8 353 39
9 543 31
10 380 47
11 968 30
12 706 46
13 543 31
14 381 47
15 869 33
16 706 48
17 992 38
18 829 23
19 666 39
20 405 25
21 992 40
22 829 26
23 667 41
24 405 27
25 992 46
26 830 32
27 568 48
28 405 33
29 993 49
30 731 34
31 568 20
32 406 36
33 298 34
34 786 49
35 623 35
36 461 24
37 298 38
38 786 49
39 624 39
40 461 24
41 949 40
42 787 26
43 624 41
44 362 27
45 950 42
46 787 28
47 525 44
48 560 29
49 397 49
