50 83 3

0 138 169 161 152 144 155 166 157 149 180 191 222 233 114 145 176 187 218 229 110 121 152 203 214 245 106 137 148 179 190 221 102 133 144 175 186 217 228 129 140 171 182 213 224 105 116 167 178 209 
138 0 231 222 233 114 145 156 168 199 210 241 102 152 144 175 206 217 248 109 140 151 182 193 224 235 116 127 158 189 220 231 112 123 154 165 196 227 219 230 111 122 153 164 195 246 107 138 149 180 
169 231 0 244 105 136 148 178 190 221 232 113 124 155 166 197 208 239 100 151 182 193 224 235 116 127 158 189 220 231 112 123 154 165 196 227 108 119 150 161 192 203 234 115 146 157 188 199 230 241 
161 222 244 0 226 107 118 149 160 211 222 103 114 145 156 187 199 249 130 141 172 183 214 225 106 137 168 179 210 221 102 114 144 175 206 217 248 110 140 152 183 213 244 106 136 148 214 205 236 248 
152 233 105 226 0 244 105 155 167 197 209 240 101 132 163 174 205 216 247 108 139 150 181 212 243 104 135 146 177 188 219 100 131 142 173 184 215 226 107 118 149 160 191 203 233 114 126 156 187 199 
144 114 136 107 244 0 225 106 137 148 179 191 221 102 133 144 175 187 217 229 110 140 171 183 213 225 106 117 148 179 209 240 102 133 144 175 186 217 248 109 140 171 182 213 224 125 136 167 178 209 
155 145 148 118 105 225 0 247 128 139 170 201 232 243 124 135 166 177 208 239 120 131 162 173 204 215 246 107 138 149 180 191 222 233 114 165 176 207 218 249 110 141 153 203 214 245 106 137 149 179 
166 156 178 149 155 106 247 0 248 129 160 171 202 214 244 106 137 148 179 190 221 232 113 124 155 206 217 248 109 140 151 182 193 244 105 136 147 178 189 220 231 132 143 174 185 216 227 108 119 170 
157 168 190 160 167 137 128 248 0 100 131 142 173 184 215 116 127 158 169 200 211 242 103 154 165 196 207 238 249 130 141 192 203 234 245 126 137 168 180 230 241 122 133 164 156 187 198 249 110 141 
149 199 221 211 197 148 139 129 100 0 232 243 124 155 186 197 228 239 120 131 162 247 108 100 241 102 133 144 175 206 237 248 129 160 171 202 213 244 125 136 167 178 209 240 101 132 144 174 186 217 
180 210 232 222 209 179 170 160 131 232 0 209 239 101 132 143 174 185 216 247 128 139 170 181 212 223 104 155 166 197 208 239 100 131 142 193 204 235 246 127 138 169 180 231 242 123 134 165 176 207 
191 241 113 103 240 191 201 171 142 243 209 0 230 241 122 153 164 195 226 237 118 129 160 191 202 103 244 125 136 167 179 209 221 102 113 144 155 186 197 228 239 140 151 182 193 224 105 116 147 178 
222 102 124 114 101 221 232 202 173 124 239 230 0 212 223 104 135 146 177 208 219 100 111 142 153 184 195 226 237 118 130 180 191 222 233 114 126 156 168 218 229 110 122 152 164 195 206 106 137 148 
233 152 155 145 132 102 243 214 184 155 101 241 212 0 213 244 106 136 148 179 190 240 102 132 144 175 186 217 248 129 140 171 182 213 224 105 136 167 198 209 240 101 132 143 174 205 236 247 128 139 
114 144 166 156 163 133 124 244 215 186 132 122 223 213 0 132 143 174 185 236 247 128 139 170 181 212 243 124 135 166 177 208 220 100 112 162 193 204 235 246 127 139 169 200 231 242 123 135 165 177 
145 175 197 187 174 144 135 106 116 197 143 153 104 244 132 0 114 165 176 207 218 249 110 141 152 223 234 115 126 157 188 199 230 111 142 153 184 195 226 237 118 149 180 191 222 233 114 125 156 187 
176 206 208 199 205 175 166 137 127 228 174 164 135 106 143 114 0 175 206 217 248 109 140 171 202 213 244 105 136 147 178 209 240 101 132 143 174 185 216 227 108 119 150 162 192 204 235 135 146 177 
187 217 239 249 216 187 177 148 158 239 185 195 146 136 174 165 175 0 177 188 219 100 130 142 173 184 215 226 107 118 149 160 191 202 233 244 125 176 187 218 229 110 121 152 163 214 225 106 117 148 
218 248 100 130 247 217 208 179 169 120 216 226 177 148 185 176 206 177 0 198 209 240 101 132 143 174 185 236 247 128 139 170 181 212 243 124 135 166 177 208 219 100 112 162 193 204 235 246 127 138 
229 109 151 141 108 229 239 190 200 131 247 237 208 179 236 207 217 188 198 0 160 171 202 213 244 145 156 187 198 229 240 121 132 103 114 105 116 147 178 189 220 101 112 143 154 185 197 227 108 139 
110 140 182 172 139 110 120 221 211 162 128 118 219 190 247 218 248 219 209 160 0 192 203 104 115 146 157 188 199 230 241 142 153 184 195 226 237 118 129 180 211 222 103 114 145 156 187 218 249 110 
121 151 193 183 150 140 131 232 242 247 139 129 100 240 128 249 109 100 240 171 192 0 213 244 105 136 147 178 209 240 101 132 143 174 185 216 228 128 139 151 181 193 224 235 116 127 158 169 200 211 
152 182 224 214 181 171 162 113 103 108 170 160 111 102 139 110 140 130 101 202 203 213 0 175 206 217 248 129 160 171 202 213 244 106 136 148 179 190 221 232 113 124 155 186 217 228 109 140 151 182 
203 193 235 225 212 183 173 124 154 100 181 191 142 132 170 141 171 142 132 213 104 244 175 0 177 208 239 100 131 142 173 184 215 246 127 138 169 180 211 222 103 154 165 196 207 238 249 130 141 172 
214 224 116 106 243 213 204 155 165 241 212 202 153 144 181 152 202 173 143 244 115 105 206 177 0 246 127 138 169 180 211 242 123 134 165 176 207 218 249 130 161 192 203 234 245 126 137 168 199 230 
245 235 127 137 104 225 215 206 196 102 223 103 184 175 212 223 213 184 174 145 146 136 217 208 246 0 247 128 139 170 201 212 243 104 135 166 177 228 239 120 131 162 173 204 216 116 127 158 170 200 
106 116 158 168 135 106 246 217 207 133 104 244 195 186 243 234 244 215 185 156 157 147 248 239 127 247 0 119 150 161 192 223 234 115 126 176 188 219 230 111 122 153 164 215 226 107 118 149 160 191 
137 127 189 179 146 117 107 248 238 144 155 125 226 217 124 115 105 226 236 187 188 178 129 100 138 128 119 0 120 151 162 193 204 105 116 147 158 189 200 231 243 123 135 166 177 208 219 100 111 162 
148 158 220 210 177 148 138 109 249 175 166 136 237 248 135 126 136 107 247 198 199 209 160 131 169 139 150 120 0 122 133 184 195 226 237 118 129 160 171 222 103 114 145 156 187 198 229 110 141 152 
179 189 231 221 188 179 149 140 130 206 197 167 118 129 166 157 147 118 128 229 230 240 171 142 180 170 161 151 122 0 104 135 146 177 188 219 230 131 142 173 184 215 226 107 118 175 167 198 209 240 
190 220 112 102 219 209 180 151 141 237 208 179 130 140 177 188 178 149 139 240 241 101 202 173 211 201 192 162 133 104 0 112 123 154 165 196 227 238 119 150 161 192 203 104 115 146 157 188 199 230 
221 231 123 114 100 240 191 182 192 248 239 209 180 171 208 199 209 160 170 121 142 132 213 184 242 212 223 193 184 135 112 0 114 164 175 206 217 248 110 140 152 202 213 244 106 136 148 179 190 240 
102 112 154 144 131 102 222 193 203 129 100 221 191 182 220 230 240 191 181 132 153 143 244 215 123 243 234 204 195 146 123 114 0 135 146 177 188 219 230 131 142 173 184 215 246 107 138 169 180 211 
133 123 165 175 142 133 233 244 234 160 131 102 222 213 100 111 101 202 212 103 184 174 106 246 134 104 115 105 226 177 154 164 135 0 137 167 179 229 240 121 152 163 194 206 236 117 129 159 190 202 
144 154 196 206 173 144 114 105 245 171 142 113 233 224 112 142 132 233 243 114 195 185 136 127 165 135 126 116 237 188 165 175 146 137 0 138 169 180 211 222 103 114 145 176 207 218 249 110 141 153 
175 165 227 217 184 175 165 136 126 202 193 144 114 105 162 153 143 244 124 105 226 216 148 138 176 166 176 147 118 219 196 206 177 167 138 0 160 171 202 213 244 125 156 167 198 209 240 101 132 163 
186 196 108 248 215 186 176 147 137 213 204 155 126 136 193 184 174 125 135 116 237 228 179 169 207 177 188 158 129 230 227 217 188 179 169 160 0 161 192 223 104 115 146 157 188 199 230 111 142 153 
217 227 119 110 226 217 207 178 168 244 235 186 156 167 204 195 185 176 166 147 118 128 190 180 218 228 219 189 160 131 238 248 219 229 180 171 161 0 202 213 244 106 136 167 179 229 240 121 132 163 
228 219 150 140 107 248 218 189 180 125 246 197 168 198 235 226 216 187 177 178 129 139 221 211 249 239 230 200 171 142 119 110 230 240 211 202 192 202 0 224 235 116 127 178 189 220 231 112 123 154 
129 230 161 152 118 109 249 220 230 136 127 228 218 209 246 237 227 218 208 189 180 151 232 222 130 120 111 231 222 173 150 140 131 121 222 213 223 213 224 0 206 236 117 129 159 171 202 213 244 144 
140 111 192 183 149 140 110 231 241 167 138 239 229 240 127 118 108 229 219 220 211 181 113 103 161 131 122 243 103 184 161 152 142 152 103 244 104 244 235 206 0 124 155 166 197 208 239 120 151 162 
171 122 203 213 160 171 141 132 122 178 169 140 110 101 139 149 119 110 100 101 222 193 124 154 192 162 153 123 114 215 192 202 173 163 114 125 115 106 116 236 124 0 146 157 188 219 100 111 142 153 
182 153 234 244 191 182 153 143 133 209 180 151 122 132 169 180 150 121 112 112 103 224 155 165 203 173 164 135 145 226 203 213 184 194 145 156 146 136 127 117 155 146 0 127 158 170 201 212 243 104 
213 164 115 106 203 213 203 174 164 240 231 182 152 143 200 191 162 152 162 143 114 235 186 196 234 204 215 166 156 107 104 244 215 206 176 167 157 167 178 129 166 157 127 0 149 180 191 222 233 134 
224 195 146 136 233 224 214 185 156 101 242 193 164 174 231 222 192 163 193 154 145 116 217 207 245 216 226 177 187 118 115 106 246 236 207 198 188 179 189 159 197 188 158 149 0 158 189 220 101 112 
105 246 157 148 114 125 245 216 187 132 123 224 195 205 242 233 204 214 204 185 156 127 228 238 126 116 107 208 198 175 146 136 107 117 218 209 199 229 220 171 208 219 170 180 158 0 199 211 242 122 
116 107 188 214 126 136 106 227 198 144 134 105 206 236 123 114 235 225 235 197 187 158 109 249 137 127 118 219 229 167 157 148 138 129 249 240 230 240 231 202 239 100 201 191 189 199 0 221 232 113 
167 138 199 205 156 167 137 108 249 174 165 116 106 247 135 125 135 106 246 227 218 169 140 130 168 158 149 100 110 198 188 179 169 159 110 101 111 121 112 213 120 111 212 222 220 211 221 0 222 123 
178 149 230 236 187 178 149 119 110 186 176 147 137 128 165 156 146 117 127 108 249 200 151 141 199 170 160 111 141 209 199 190 180 190 141 132 142 132 123 244 151 142 243 233 101 242 232 222 0 114 
209 180 241 248 199 209 179 170 141 217 207 178 148 139 177 187 177 148 138 139 110 211 182 172 230 200 191 162 152 240 230 240 211 202 153 163 153 163 154 144 162 153 104 134 112 122 113 123 114 0 

0 248 239 100 226 221 216 192 167 162 138 133 109 104 229 225 200 176 171 147 142 117 243 238 214 209 184 180 155 131 126 102 247 222 198 193 169 164 139 135 110 105 231 206 202 177 153 148 124 119 
248 0 223 234 229 224 219 215 190 185 181 176 152 147 142 118 113 108 103 249 224 219 215 210 185 181 176 171 147 142 137 132 128 103 249 244 219 215 210 205 181 176 171 166 162 137 132 128 103 248 
239 223 0 241 236 232 227 222 198 193 188 164 159 154 149 145 120 115 111 106 232 227 222 198 193 188 183 179 154 149 145 140 115 111 106 101 227 222 217 212 188 183 179 174 149 145 140 135 111 106 
100 234 241 0 236 231 226 202 197 192 188 163 159 154 149 125 120 115 110 236 231 226 222 217 192 188 183 158 154 149 144 120 115 110 106 101 226 222 217 192 188 183 178 173 149 144 139 135 110 105 
226 229 236 236 0 231 226 202 197 192 187 163 158 153 149 124 119 115 110 235 231 226 221 197 192 187 182 158 153 149 144 139 115 110 105 231 226 221 216 192 187 182 178 173 148 144 139 114 110 105 
221 224 232 231 231 0 206 201 196 192 167 162 158 153 148 124 119 114 240 235 230 226 221 196 192 187 182 158 153 148 124 119 114 109 105 100 245 221 216 211 187 182 177 173 168 143 139 134 129 105 
216 219 227 226 226 206 0 220 196 191 186 162 157 153 148 143 119 114 109 104 230 225 220 196 191 186 182 177 152 148 143 138 114 109 104 249 225 220 216 211 186 182 177 172 148 143 138 133 109 104 
192 215 222 202 202 201 220 0 196 191 186 162 157 152 147 143 118 113 109 234 229 225 220 215 191 186 181 176 152 147 143 118 113 109 104 249 225 220 215 210 186 181 176 172 147 142 138 133 108 104 
167 190 198 197 197 196 196 196 0 190 186 161 156 245 137 132 108 103 248 224 219 214 210 205 180 176 171 166 142 137 132 128 103 248 244 239 214 210 205 200 176 171 166 161 137 132 127 123 118 243 
162 185 193 192 192 192 191 191 190 0 215 210 186 181 176 171 167 142 137 133 128 103 249 244 219 215 210 193 189 184 179 174 150 145 140 136 111 106 102 227 223 218 213 208 184 179 174 170 145 140 
138 181 188 188 187 167 186 186 186 215 0 198 193 188 184 159 154 150 145 120 116 111 106 232 227 222 217 193 188 183 179 154 149 145 140 116 111 106 101 247 222 217 213 188 183 179 174 149 145 140 
133 176 164 163 163 162 162 162 161 210 198 0 193 188 183 159 154 149 125 120 115 110 106 231 226 222 217 193 188 183 178 154 149 144 140 115 110 106 101 226 222 217 212 188 183 178 173 169 144 140 
109 152 159 159 158 158 157 157 156 186 193 193 0 187 163 158 153 149 144 120 115 110 236 231 226 221 197 192 187 183 178 153 149 144 119 115 110 105 100 226 221 216 212 187 183 178 153 149 144 139 
104 147 154 154 153 153 153 152 245 181 188 188 187 0 182 158 153 148 124 119 114 110 235 230 226 221 216 192 187 182 158 153 148 143 139 114 110 105 100 226 221 216 192 187 182 177 173 148 143 139 
229 142 149 149 149 148 148 147 137 176 184 183 163 182 0 157 153 148 123 119 114 109 235 230 225 201 196 191 187 182 157 153 148 143 119 114 109 104 230 225 220 216 211 186 182 177 152 148 143 138 
225 118 145 125 124 124 143 143 132 171 159 159 158 158 157 0 152 147 123 118 113 239 234 230 225 220 196 191 186 181 157 152 147 143 118 113 109 104 229 225 220 215 191 186 181 177 152 147 143 138 
200 113 120 120 119 119 119 118 108 167 154 154 153 153 153 152 0 127 123 118 113 108 234 229 224 200 195 190 186 161 156 152 147 142 118 113 108 234 229 224 220 215 190 186 181 176 152 147 142 118 
176 108 115 115 115 114 114 113 103 142 150 149 149 148 148 147 127 0 122 117 113 238 233 229 224 199 195 190 185 180 156 151 147 122 117 113 108 233 229 224 219 214 190 185 180 156 151 146 142 137 
171 103 111 110 110 240 109 109 248 137 145 125 144 124 123 123 123 122 0 117 112 238 233 228 224 185 200 195 171 166 161 157 132 127 123 118 244 239 234 229 205 200 195 191 186 161 157 152 127 123 
147 249 106 236 235 235 104 234 224 133 120 120 120 119 119 118 118 117 117 0 248 243 238 214 209 204 200 195 171 166 161 137 132 127 122 118 243 238 234 229 204 200 195 170 166 161 156 151 127 122 
142 224 232 231 231 230 230 229 219 128 116 115 115 114 114 113 113 113 112 248 0 243 238 233 209 204 199 175 170 165 161 136 131 127 122 117 243 238 233 209 204 199 194 190 165 161 156 151 127 122 
117 219 227 226 226 226 225 225 214 103 111 110 110 110 109 239 108 238 238 243 243 0 218 213 208 204 199 174 170 165 160 136 131 126 121 247 242 238 233 208 204 199 194 170 165 160 155 131 126 121 
243 215 222 222 221 221 220 220 210 249 106 106 236 235 235 234 234 233 233 238 238 218 0 122 247 243 238 233 209 204 199 194 170 165 161 156 131 127 122 117 243 238 233 228 224 199 194 190 165 160 
238 210 198 217 197 196 196 215 205 244 232 231 231 230 230 230 229 229 228 214 233 213 122 0 247 242 237 233 208 204 199 194 170 165 160 155 131 126 121 117 242 237 233 228 203 199 194 189 165 160 
214 185 193 192 192 192 191 191 180 219 227 226 226 226 225 225 224 224 224 209 209 208 247 247 0 242 237 213 208 203 198 174 169 164 160 155 130 126 121 246 242 237 232 228 203 198 194 189 164 160 
209 181 188 188 187 187 186 186 176 215 222 222 221 221 201 220 200 199 185 204 204 204 243 242 242 0 126 121 117 242 237 233 208 203 199 194 169 165 160 155 151 126 121 117 242 237 233 228 223 199 
184 176 183 183 182 182 182 181 171 210 217 217 197 216 196 196 195 195 200 200 199 199 238 237 237 126 0 121 246 242 237 232 208 203 198 194 189 164 160 155 130 126 121 116 242 237 232 227 223 198 
180 171 179 158 158 158 177 176 166 193 193 193 192 192 191 191 190 190 195 195 175 174 233 233 213 121 121 0 155 151 126 121 117 242 237 233 228 203 199 202 177 172 168 163 139 134 129 124 100 245 
155 147 154 154 153 153 152 152 142 189 188 188 187 187 187 186 186 185 171 171 170 170 209 208 208 117 246 155 0 138 133 109 104 249 245 240 216 236 231 207 202 197 193 168 163 159 154 129 125 120 
131 142 149 149 149 148 148 147 137 184 183 183 183 182 182 181 161 180 166 166 165 165 204 204 203 242 242 151 138 0 139 134 129 124 120 245 240 236 231 206 202 197 192 168 163 158 154 129 124 120 
126 137 145 144 144 124 143 143 132 179 179 178 178 158 157 157 156 156 161 161 161 160 199 199 198 237 237 126 133 139 0 133 129 124 100 245 240 235 211 206 201 197 192 167 163 158 133 129 124 119 
102 132 140 120 139 119 138 118 128 174 154 154 153 153 153 152 152 151 157 137 136 136 194 194 174 233 232 121 109 134 133 0 128 124 249 244 240 235 230 206 201 196 172 167 162 157 153 128 123 119 
247 128 115 115 115 114 114 113 103 150 149 149 149 148 148 147 147 147 132 132 131 131 170 170 169 208 208 117 104 129 129 128 0 123 249 244 239 234 210 205 200 196 171 167 162 157 133 128 123 118 
222 103 111 110 110 109 109 109 248 145 145 144 144 143 143 143 142 122 127 127 127 126 165 165 164 203 203 242 249 124 124 124 123 0 248 243 239 234 210 205 200 195 171 166 161 157 132 127 123 118 
198 249 106 106 105 105 104 104 244 140 140 140 119 139 119 118 118 117 123 122 122 121 161 160 160 199 198 237 245 120 100 249 249 248 0 243 238 214 209 204 200 175 170 166 161 156 132 127 122 248 
193 244 101 101 231 100 249 249 239 136 116 115 115 114 114 113 113 113 118 118 117 247 156 155 155 194 194 233 240 245 245 244 244 243 243 0 238 213 209 204 199 194 170 165 160 136 131 127 122 247 
169 219 227 226 226 245 225 225 214 111 111 110 110 110 109 109 108 108 244 243 243 242 131 131 130 169 189 228 216 240 240 240 239 239 238 238 0 213 208 204 179 174 170 165 160 136 131 126 121 247 
164 215 222 222 221 221 220 220 210 106 106 106 105 105 104 104 234 233 239 238 238 238 127 126 126 165 164 203 236 236 235 235 234 234 214 213 213 0 208 203 198 174 169 164 160 135 130 126 101 246 
139 210 217 217 216 216 216 215 205 102 101 101 100 100 230 229 229 229 234 234 233 233 122 121 121 160 160 199 231 231 211 230 210 210 209 209 208 208 0 203 178 173 169 164 139 135 130 125 121 201 
135 205 212 192 192 211 211 210 200 227 247 226 226 226 225 225 224 224 229 229 209 208 117 117 246 155 155 202 207 206 206 206 205 205 204 204 204 203 203 0 212 207 202 178 173 168 163 139 134 130 
110 181 188 188 187 187 186 186 176 223 222 222 221 221 220 220 220 219 205 204 204 204 243 242 242 151 130 177 202 202 201 201 200 200 200 199 179 198 178 212 0 206 202 177 173 168 143 139 134 129 
105 176 183 183 182 182 182 181 171 218 217 217 216 216 216 215 215 214 200 200 199 199 238 237 237 126 126 172 197 197 197 196 196 195 175 194 174 174 173 207 206 0 241 236 212 207 202 197 173 168 
231 171 179 178 178 177 177 176 166 213 213 212 212 192 211 191 190 190 195 195 194 194 233 233 232 121 121 168 193 192 192 172 171 171 170 170 170 169 169 202 202 241 0 216 211 206 202 177 172 168 
206 166 174 173 173 173 172 172 161 208 188 188 187 187 186 186 186 185 191 170 190 170 228 228 228 117 116 163 168 168 167 167 167 166 166 165 165 164 164 178 177 236 216 0 211 206 201 196 172 167 
202 162 149 149 148 168 148 147 137 184 183 183 183 182 182 181 181 180 186 166 165 165 224 203 203 242 242 139 163 163 163 162 162 161 161 160 160 160 139 173 173 212 211 211 0 206 181 176 172 167 
177 137 145 144 144 143 143 142 132 179 179 178 178 177 177 177 176 156 161 161 161 160 199 199 198 237 237 134 159 158 158 157 157 157 156 136 136 135 135 168 168 207 206 206 206 0 200 176 171 212 
153 132 140 139 139 139 138 138 127 174 174 173 153 173 152 152 152 151 157 156 156 155 194 194 194 233 232 129 154 154 133 153 133 132 132 131 131 130 130 163 143 202 202 201 181 200 0 202 106 149 
148 128 135 135 114 134 133 133 123 170 149 169 149 148 148 147 147 146 152 151 151 131 190 189 189 228 227 124 129 129 129 128 128 127 127 127 126 126 125 139 139 197 177 196 176 176 202 0 230 154 
124 103 111 110 110 129 109 108 118 145 145 144 144 143 143 143 142 142 127 127 127 126 165 165 164 223 223 100 125 124 124 123 123 123 122 122 121 101 121 134 134 173 172 172 172 171 106 230 0 204 
119 248 106 105 105 105 104 104 243 140 140 140 139 139 138 138 118 137 123 122 122 121 160 160 160 199 198 245 120 120 119 119 118 118 248 247 247 246 201 130 129 168 168 167 167 212 149 154 204 0 

1284 0 45 1793
2281 0 45 1871
1930 0 45 1675
1283 0 45 2138
2089 0 45 1842
2161 1 45 1745
1419 1 45 2454
2094 1 45 1674
1352 1 45 2384
1594 1 45 2466
2496 2 45 2270
1919 2 46 1490
2429 2 46 2199
1422 2 46 2285
1933 2 46 1505
1355 2 46 2215
2422 3 46 2019
1709 3 46 2587
2220 3 46 1806
2137 3 46 1546
1394 3 46 2082
1542 3 46 2237
2279 4 46 1868
1536 4 46 2404
2047 4 46 1451
1304 4 46 1988
1815 4 47 2524
2161 4 47 1744
1809 5 47 2518
2320 5 47 1738
1577 5 47 2275
1923 5 47 1495
2434 5 47 2031
2371 5 47 1792
1855 6 47 1423
2365 6 47 1959
1623 6 47 2495
2133 6 47 1542
1391 6 47 2079
1901 6 47 2615
1385 7 48 2246
1896 7 48 1466
2407 7 48 1829
1664 7 48 2366
2010 7 48 1586
1267 7 48 2122
2169 8 48 1580
1427 8 48 2116
1937 8 48 1336
2283 8 48 1873
1541 8 48 2409
2051 8 48 1629
1535 9 48 2403
2046 9 48 1623
1303 9 48 2160
1814 9 49 1380
2325 9 49 1916
1582 9 49 2279
2319 10 49 1910
1577 10 49 2447
2087 10 49 1494
1345 10 49 2030
1855 10 49 2567
2366 10 49 1786
2180 11 49 1591
2081 11 49 1487
2426 11 49 2023
1684 11 49 2560
2195 11 49 1606
2375 11 0 1970
1695 12 0 2571
2267 13 0 1682
1586 14 0 2284
1993 15 0 1568
1312 16 0 2169
1885 17 0 2597
2292 18 0 1882
1611 19 0 2483
1260 45 0 1941
1997 46 0 1572
1646 47 0 2346
2383 48 1 1977
2032 49 1 1435

15414

0 648 49
1 581 39
2 278 29
3 450 47
4 860 24
5 301 40
6 968 43
7 786 40
8 960 43
9 934 37
10 357 40
11 274 37
12 448 40
13 720 43
14 894 46
15 317 49
16 590 22
17 719 37
18 893 40
19 415 43
20 589 46
21 861 49
22 284 22
23 557 25
24 730 28
25 904 35
26 426 38
27 600 37
28 872 44
29 296 47
30 469 20
31 741 23
32 915 26
33 868 36
34 291 39
35 465 42
36 737 45
37 911 48
38 433 21
39 606 24
40 780 27
41 302 30
42 476 33
43 748 36
44 922 39
45 444 46
46 617 49
47 791 22
48 313 25
49 487 28
