50 85 3

0 105 246 108 249 110 121 152 163 194 206 236 248 129 140 171 182 213 224 105 136 147 178 189 220 231 112 123 154 185 216 227 108 119 150 161 192 203 234 246 126 138 169 180 211 222 103 114 145 156 
105 0 158 149 161 172 203 214 245 106 137 168 179 210 221 102 113 144 155 186 197 228 239 120 131 162 174 204 216 247 108 139 150 181 192 243 124 135 166 177 208 219 100 111 142 153 184 195 226 237 
246 158 0 132 143 174 185 216 227 108 119 150 162 192 204 235 246 146 177 188 219 231 111 123 154 165 196 207 238 249 130 141 172 203 234 245 126 137 168 179 210 221 102 113 144 155 186 198 228 109 
108 149 132 0 224 236 117 147 178 190 220 232 113 124 155 166 197 208 239 100 131 142 173 184 215 226 107 118 149 160 191 242 103 134 145 176 168 179 210 241 122 133 164 175 206 217 248 109 140 151 
249 161 143 224 0 147 178 189 220 231 112 123 154 149 140 151 182 193 224 235 116 167 178 209 220 101 112 143 154 205 216 247 108 139 150 181 192 243 104 135 146 177 188 219 231 131 142 173 184 215 
110 172 174 236 147 0 242 104 134 165 177 207 238 100 130 142 173 184 215 115 126 157 169 199 211 242 103 134 145 176 187 218 229 110 121 172 183 214 225 106 117 148 159 210 241 102 133 144 175 186 
121 203 185 117 178 242 0 224 105 156 167 198 209 240 101 132 143 194 185 216 227 108 120 150 162 212 223 104 116 146 158 189 200 231 242 123 134 165 176 207 218 119 110 141 172 183 214 225 106 137 
152 214 216 147 189 104 224 0 206 237 248 129 140 171 182 233 244 125 136 167 178 209 221 121 152 163 194 205 236 247 128 159 190 201 232 243 124 136 166 197 228 239 120 132 162 174 205 235 116 128 
163 245 227 178 220 134 105 206 0 208 219 100 111 162 173 204 235 246 127 138 169 200 211 242 103 134 165 176 207 238 119 130 161 172 203 214 245 126 157 168 199 210 241 102 133 164 195 206 237 118 
194 106 108 190 231 165 156 237 208 0 190 221 102 113 144 155 186 197 228 109 140 151 182 193 224 235 116 147 178 189 220 231 112 123 154 185 216 227 108 119 150 161 192 243 104 135 146 177 188 219 
206 137 119 220 112 177 167 248 219 190 0 211 242 103 134 145 176 207 238 249 130 141 172 183 214 245 126 137 168 179 210 221 102 114 144 156 187 198 229 110 121 171 183 213 225 106 117 148 159 209 
236 168 150 232 123 207 198 129 100 221 211 0 213 224 105 136 167 178 209 220 101 112 143 174 205 236 247 128 139 170 181 212 243 104 135 166 177 208 219 100 111 142 153 184 195 226 237 138 149 180 
248 179 162 113 154 238 209 140 111 102 242 213 0 214 245 106 137 149 179 191 222 102 133 145 175 187 218 229 110 160 171 202 214 244 106 137 148 198 210 240 102 133 144 175 186 236 248 129 140 171 
129 210 192 124 149 100 240 171 162 113 103 224 214 0 216 247 108 139 150 201 212 243 104 135 146 177 188 239 100 131 142 173 184 215 226 127 138 169 180 211 222 103 114 165 196 207 238 249 241 122 
140 221 204 155 140 130 101 182 173 144 134 105 245 216 0 198 229 240 121 132 163 174 205 216 247 214 244 106 137 148 179 190 221 102 133 144 175 186 217 228 109 140 171 182 213 224 105 116 147 178 
171 102 235 166 151 142 132 233 204 155 145 136 106 247 198 0 135 166 177 208 219 100 131 162 193 204 235 246 127 138 169 200 231 242 123 134 165 176 207 218 249 110 141 153 183 195 226 126 137 168 
182 113 246 197 182 173 143 244 235 186 176 167 137 108 229 135 0 137 168 179 210 241 121 133 164 175 206 217 248 129 140 171 182 213 224 105 116 147 178 189 220 101 112 143 154 185 196 227 238 119 
213 144 146 208 193 184 194 125 246 197 207 178 149 139 240 166 137 0 249 130 161 172 203 214 245 106 137 188 199 230 241 122 133 164 175 226 237 118 129 160 171 202 213 114 125 156 167 198 209 240 
224 155 177 239 224 215 185 136 127 228 238 209 179 150 121 177 168 249 0 100 131 162 173 204 216 246 127 139 169 181 212 242 104 154 165 196 208 238 100 131 142 192 204 234 246 127 138 169 180 230 
105 186 188 100 235 115 216 167 138 109 249 220 191 201 132 208 179 130 100 0 189 220 231 112 123 154 165 196 207 238 249 150 161 192 203 234 245 126 137 188 199 230 111 122 153 164 195 226 237 118 
136 197 219 131 116 126 227 178 169 140 130 101 222 212 163 219 210 161 131 189 0 210 221 102 113 144 156 186 198 248 109 140 152 182 194 225 236 136 167 179 209 221 102 113 144 155 186 197 228 239 
147 228 231 142 167 157 108 209 200 151 141 112 102 243 174 100 241 172 162 220 210 0 192 223 234 115 126 177 188 219 230 111 142 153 184 215 226 107 118 149 160 191 222 103 134 145 176 187 218 229 
178 239 111 173 178 169 120 221 211 182 172 143 133 104 205 131 121 203 173 231 221 192 0 194 205 106 136 148 179 190 221 232 113 144 175 186 217 228 109 120 151 182 213 224 105 116 147 158 189 220 
189 120 123 184 209 199 150 121 242 193 183 174 145 135 216 162 133 214 204 112 102 223 194 0 215 226 107 118 149 160 191 222 103 114 145 156 187 199 229 110 141 153 183 195 226 237 118 168 179 210 
220 131 154 215 220 211 162 152 103 224 214 205 175 146 247 193 164 245 216 123 113 234 205 215 0 197 208 239 120 131 162 173 204 215 246 107 138 195 187 198 229 240 121 132 163 194 225 236 117 128 
231 162 165 226 101 242 212 163 134 235 245 236 187 177 214 204 175 106 246 154 144 115 106 226 197 0 185 216 247 108 139 150 181 192 223 104 135 146 177 188 219 231 111 142 173 184 215 227 107 138 
112 174 196 107 112 103 223 194 165 116 126 247 218 188 244 235 206 137 127 165 156 126 136 107 208 185 0 187 218 229 110 121 152 183 214 225 106 117 148 159 190 241 232 113 124 155 166 197 208 109 
123 204 207 118 143 134 104 205 176 147 137 128 229 239 106 246 217 188 139 196 186 177 148 118 239 216 187 0 169 200 211 242 123 134 165 176 207 218 249 150 161 192 203 234 245 126 137 188 199 230 
154 216 238 149 154 145 116 236 207 178 168 139 110 100 137 127 248 199 169 207 198 188 179 149 120 247 218 169 0 190 201 232 243 124 136 166 178 228 239 120 132 162 174 205 216 116 128 158 170 201 
185 247 249 160 205 176 146 247 238 189 179 170 160 131 148 138 129 230 181 238 248 219 190 160 131 108 229 200 190 0 109 140 151 182 193 244 105 136 147 178 189 220 231 132 143 174 205 216 247 108 
216 108 130 191 216 187 158 128 119 220 210 181 171 142 179 169 140 241 212 249 109 230 221 191 162 139 110 211 201 109 0 130 141 192 203 234 245 126 137 168 179 230 111 122 153 164 195 206 237 118 
227 139 141 242 247 218 189 159 130 231 221 212 202 173 190 200 171 122 242 150 140 111 232 222 173 150 121 242 232 140 130 0 132 163 174 205 216 247 128 159 170 201 212 243 104 135 166 197 228 239 
108 150 172 103 108 229 200 190 161 112 102 243 214 184 221 231 182 133 104 161 152 142 113 103 204 181 152 123 243 151 141 132 0 153 184 195 226 107 138 149 180 191 222 233 114 145 176 187 218 229 
119 181 203 134 139 110 231 201 172 123 114 104 244 215 102 242 213 164 154 192 182 153 144 114 215 192 183 134 124 182 192 163 153 0 175 186 217 228 109 120 151 162 193 224 105 116 147 158 189 200 
150 192 234 145 150 121 242 232 203 154 144 135 106 226 133 123 224 175 165 203 194 184 175 145 246 223 214 165 136 193 203 174 184 175 0 156 187 199 229 241 122 152 183 195 225 237 118 129 160 198 
161 243 245 176 181 172 123 243 214 185 156 166 137 127 144 134 105 226 196 234 225 215 186 156 107 104 225 176 166 244 234 205 195 186 156 0 166 197 208 109 120 151 162 193 204 235 246 147 178 189 
192 124 126 168 192 183 134 124 245 216 187 177 148 138 175 165 116 237 208 245 236 226 217 187 138 135 106 207 178 105 245 216 226 217 187 166 0 207 218 249 110 141 152 183 195 245 126 137 168 179 
203 135 137 179 243 214 165 136 126 227 198 208 198 169 186 176 147 118 238 126 136 107 228 199 195 146 117 218 228 136 126 247 107 228 199 197 207 0 189 200 231 242 123 154 185 196 227 238 119 130 
234 166 168 210 104 225 176 166 157 108 229 219 210 180 217 207 178 129 100 137 167 118 109 229 187 177 148 249 239 147 137 128 138 109 229 208 218 189 0 191 222 102 133 145 175 187 218 229 110 141 
246 177 179 241 135 106 207 197 168 119 110 100 240 211 228 218 189 160 131 188 179 149 120 110 198 188 159 150 120 178 168 159 149 120 241 109 249 200 191 0 192 203 234 246 126 138 169 199 230 242 
126 208 210 122 146 117 218 228 199 150 121 111 102 222 109 249 220 171 142 199 209 160 151 141 229 219 190 161 132 189 179 170 180 151 122 120 110 231 222 192 0 214 225 106 117 148 179 210 221 102 
138 219 221 133 177 148 119 239 210 161 171 142 133 103 140 110 101 202 192 230 221 191 182 153 240 231 241 192 162 220 230 201 191 162 152 151 141 242 102 203 214 0 215 116 127 158 169 200 211 242 
169 100 102 164 188 159 110 120 241 192 183 153 144 114 171 141 112 213 204 111 102 222 213 183 121 111 232 203 174 231 111 212 222 193 183 162 152 123 133 234 225 215 0 106 118 148 160 191 202 102 
180 111 113 175 219 210 141 132 102 243 213 184 175 165 182 153 143 114 234 122 113 103 224 195 132 142 113 234 205 132 122 243 233 224 195 193 183 154 145 246 106 116 106 0 108 139 150 201 212 243 
211 142 144 206 231 241 172 162 133 104 225 195 186 196 213 183 154 125 246 153 144 134 105 226 163 173 124 245 216 143 153 104 114 105 225 204 195 185 175 126 117 127 118 108 0 129 141 171 183 214 
222 153 155 217 131 102 183 174 164 135 106 226 236 207 224 195 185 156 127 164 155 145 116 237 194 184 155 126 116 174 164 135 145 116 237 235 245 196 187 138 148 158 148 139 129 0 131 162 173 204 
103 184 186 248 142 133 214 205 195 146 117 237 248 238 105 226 196 167 138 195 186 176 147 118 225 215 166 137 128 205 195 166 176 147 118 246 126 227 218 169 179 169 160 150 141 131 0 152 164 214 
114 195 198 109 173 144 225 235 206 177 148 138 129 249 116 126 227 198 169 226 197 187 158 168 236 227 197 188 158 216 206 197 187 158 129 147 137 238 229 199 210 200 191 201 171 162 152 0 154 165 
145 226 228 140 184 175 106 116 237 188 159 149 140 241 147 137 238 209 180 237 228 218 189 179 117 107 208 199 170 247 237 228 218 189 160 178 168 119 110 230 221 211 202 212 183 173 164 154 0 156 
156 237 109 151 215 186 137 128 118 219 209 180 171 122 178 168 119 240 230 118 239 229 220 210 128 138 109 230 201 108 118 239 229 200 198 189 179 130 141 242 102 242 102 243 214 204 214 165 156 0 

0 231 202 174 224 156 132 127 102 248 223 199 194 170 165 140 116 111 237 232 207 203 178 154 149 125 120 245 221 216 192 187 162 158 133 128 104 229 225 200 196 171 147 142 117 113 238 233 209 184 
231 0 138 134 129 124 119 115 240 235 231 206 201 197 192 187 163 158 153 149 124 119 115 240 235 231 226 221 197 192 187 182 158 153 148 144 119 114 110 105 100 226 221 216 192 187 182 178 153 148 
202 138 0 232 207 203 198 173 169 164 159 135 130 125 120 116 241 236 232 207 203 198 193 188 164 159 154 150 125 120 116 241 236 232 227 222 198 193 188 183 159 154 150 145 120 116 111 106 232 227 
174 134 232 0 207 185 181 176 171 147 142 137 113 108 103 248 244 219 214 210 205 180 176 171 147 142 137 132 128 103 248 244 239 214 210 205 180 176 171 166 161 137 132 127 123 248 243 239 234 210 
224 129 207 207 0 185 180 175 151 146 141 137 112 107 103 248 243 219 214 209 185 180 175 171 166 141 137 132 127 103 248 243 219 214 209 204 200 175 170 166 161 137 132 127 103 248 243 238 234 209 
156 124 203 185 185 0 180 175 150 146 141 136 112 107 102 248 223 218 214 209 184 180 175 170 146 141 136 131 107 102 247 243 238 214 209 204 180 175 170 165 141 136 131 127 122 247 243 238 213 209 
132 119 198 181 180 180 0 175 150 145 141 116 111 107 102 247 223 218 213 208 184 179 174 170 145 141 136 131 107 102 247 242 218 213 208 204 179 174 170 165 160 136 131 126 102 247 242 237 213 208 
127 115 173 176 175 175 175 0 150 145 140 135 111 106 101 227 222 217 213 188 184 179 174 169 145 140 135 111 106 101 247 242 217 213 208 203 179 174 169 145 140 135 131 126 101 247 242 237 213 208 
102 240 169 171 151 150 150 150 0 144 140 115 111 106 101 227 222 217 212 208 183 178 174 149 144 140 135 110 106 101 246 241 217 212 208 183 178 174 169 164 140 135 130 125 101 246 241 217 212 207 
248 235 164 147 146 146 145 145 144 0 179 174 169 145 140 135 111 106 101 247 222 217 213 208 203 179 174 169 145 140 135 131 126 101 247 242 237 213 208 203 179 174 169 164 160 135 130 126 121 246 
223 231 159 142 141 141 141 140 140 179 0 154 149 144 140 135 110 106 101 246 222 217 212 207 183 178 174 169 144 140 135 130 106 101 246 241 217 212 207 203 198 173 169 164 139 135 130 125 101 246 
199 206 135 137 137 136 116 135 115 174 154 0 149 144 139 134 110 105 101 226 221 217 212 207 183 178 173 168 144 139 134 130 105 100 246 241 216 212 207 202 178 173 168 164 139 134 130 125 120 246 
194 201 130 113 112 112 111 111 111 169 149 149 0 144 139 114 110 105 100 245 221 216 211 187 182 177 173 148 143 139 134 129 105 100 245 221 216 211 207 202 177 173 168 163 139 134 129 105 100 245 
170 197 125 108 107 107 107 106 106 145 144 144 144 0 138 114 109 122 248 243 238 214 209 204 200 195 170 166 161 156 132 127 122 248 243 238 234 229 204 200 195 190 166 161 156 132 127 122 117 113 
165 192 120 103 103 102 102 101 101 140 140 139 139 138 0 131 127 102 247 243 238 214 209 204 199 195 170 165 161 136 131 127 122 117 243 238 233 228 204 199 194 170 165 161 156 151 127 122 117 112 
140 187 116 248 248 248 247 227 227 135 135 134 114 114 131 0 126 102 247 242 238 213 208 204 199 174 170 165 160 136 131 126 121 247 242 237 233 208 204 199 194 189 165 160 155 131 126 121 117 242 
116 163 241 244 243 223 223 222 222 111 110 110 110 109 127 126 0 101 247 242 217 213 208 203 198 174 169 164 160 135 131 126 121 247 242 237 232 208 203 198 194 169 164 160 155 130 126 121 116 111 
111 158 236 219 219 218 218 217 217 106 106 105 105 122 102 102 101 0 246 241 237 212 208 203 178 174 169 164 140 135 130 125 121 246 241 237 212 207 203 198 193 169 164 159 154 130 125 121 246 241 
237 153 232 214 214 214 213 213 212 101 101 101 100 248 247 247 247 246 0 241 217 212 207 202 178 173 168 164 159 134 130 125 100 246 241 236 212 207 202 198 193 168 164 159 134 130 125 120 115 241 
232 149 207 210 209 209 208 188 208 247 246 226 245 243 243 242 242 241 241 0 216 211 207 202 177 173 168 143 139 134 129 125 100 245 241 236 211 207 202 197 173 168 163 158 154 129 124 120 245 240 
207 124 203 205 185 184 184 184 183 222 222 221 221 238 238 238 217 237 217 216 0 211 206 182 177 172 168 163 138 134 129 124 100 245 240 216 211 206 201 197 172 167 163 158 133 129 124 119 245 240 
203 119 198 180 180 180 179 179 178 217 217 217 216 214 214 213 213 212 212 211 211 0 206 201 177 172 167 143 138 133 128 104 249 244 240 235 210 206 201 177 172 167 162 158 133 128 124 119 244 240 
178 115 193 176 175 175 174 174 174 213 212 212 211 209 209 208 208 208 207 207 206 206 0 240 216 211 206 201 197 172 167 163 138 133 129 124 100 245 240 235 231 206 201 197 172 167 163 158 153 129 
154 240 188 171 171 170 170 169 149 208 207 207 187 204 204 204 203 203 202 202 182 201 240 0 235 210 206 201 177 214 209 204 199 195 170 165 161 136 131 127 122 117 243 238 233 228 204 199 194 170 
149 235 164 147 166 146 145 145 144 203 183 183 182 200 199 199 198 178 178 177 177 177 216 235 0 102 247 242 238 233 208 204 199 174 170 165 160 136 131 126 121 117 242 237 233 208 204 199 194 189 
125 231 159 142 141 141 141 140 140 179 178 178 177 195 195 174 174 174 173 173 172 172 211 210 102 0 136 131 127 122 247 243 238 233 228 204 199 194 170 165 160 156 151 127 122 117 112 238 233 228 
120 226 154 137 137 136 136 135 135 174 174 173 173 170 170 170 169 169 168 168 168 167 206 206 247 136 0 131 126 121 247 242 237 233 208 204 199 194 170 165 160 155 131 126 121 117 242 237 233 228 
245 221 150 132 132 131 131 111 110 169 169 168 148 166 165 165 164 164 164 143 163 143 201 201 242 131 131 0 165 160 156 131 127 122 117 243 238 233 228 204 199 194 190 165 160 156 151 126 122 117 
221 197 125 128 127 107 107 106 106 145 144 144 143 161 161 160 160 140 159 139 138 138 197 177 238 127 126 165 0 160 155 131 126 121 247 242 237 233 228 203 199 194 189 165 160 155 150 126 121 117 
216 192 120 103 103 102 102 101 101 140 140 139 139 156 136 136 135 135 134 134 134 133 172 214 233 122 121 160 160 0 135 130 126 121 116 242 237 232 208 203 198 194 169 164 160 155 150 126 121 116 
192 187 116 248 248 247 247 247 246 135 135 134 134 132 131 131 131 130 130 129 129 128 167 209 208 247 247 156 155 135 0 130 125 120 246 241 237 232 207 203 198 193 188 164 159 154 130 125 120 116 
187 182 241 244 243 243 242 242 241 131 130 130 129 127 127 126 126 125 125 125 124 104 163 204 204 243 242 131 131 130 130 0 125 120 246 241 236 231 207 202 197 173 168 163 159 154 129 125 120 115 
162 158 236 239 219 238 218 217 217 126 106 105 105 122 122 121 121 121 100 100 100 249 138 199 199 238 237 127 126 126 125 125 0 120 245 240 236 211 206 202 197 192 168 163 158 154 129 124 120 115 
158 153 232 214 214 214 213 213 212 101 101 100 100 248 117 247 247 246 246 245 245 244 133 195 174 233 233 122 121 121 120 120 120 0 245 240 235 231 206 201 197 202 217 193 188 183 159 154 149 145 
133 148 227 210 209 209 208 208 208 247 246 246 245 243 243 242 242 241 241 241 240 240 129 170 170 228 208 117 247 116 246 246 245 245 0 120 115 110 236 231 226 222 197 192 188 183 178 154 149 144 
128 144 222 205 204 204 204 203 183 242 241 241 221 238 238 237 237 237 236 236 216 235 124 165 165 204 204 243 242 242 241 241 240 240 120 0 115 110 236 231 226 221 217 192 187 183 158 153 149 144 
104 119 198 180 200 180 179 179 178 237 217 216 216 234 233 233 232 212 212 211 211 210 100 161 160 199 199 238 237 237 237 236 236 235 115 115 0 110 235 230 226 201 196 192 187 182 158 153 148 143 
229 114 193 176 175 175 174 174 174 213 212 212 211 229 228 208 208 207 207 207 206 206 245 136 136 194 194 233 233 232 232 231 211 231 110 110 110 0 235 230 225 220 196 191 186 182 157 153 148 123 
225 110 188 171 170 170 170 169 169 208 207 207 207 204 204 204 203 203 202 202 201 201 240 131 131 170 170 228 228 208 207 207 206 206 236 236 235 235 0 230 225 200 196 191 186 162 157 152 147 143 
200 105 183 166 166 165 165 145 164 203 203 202 202 200 199 199 198 198 198 197 197 177 235 127 126 165 165 204 203 203 203 202 202 201 231 231 230 230 230 0 224 200 195 190 186 161 156 152 147 122 
196 100 159 161 161 141 160 140 140 179 198 178 177 195 194 194 194 193 193 173 172 172 231 122 121 160 160 199 199 198 198 197 197 197 226 226 226 225 225 224 0 199 195 190 165 161 156 151 147 122 
171 226 154 137 137 136 136 135 135 174 173 173 173 190 170 189 169 169 168 168 167 167 206 117 117 156 155 194 194 194 193 173 192 202 222 221 201 220 200 200 199 0 234 229 224 220 195 190 186 161 
147 221 150 132 132 131 131 131 130 169 169 168 168 166 165 165 164 164 164 163 163 162 201 243 242 151 131 190 189 169 188 168 168 217 197 217 196 196 196 195 195 234 0 229 224 199 195 190 185 180 
142 216 145 127 127 127 126 126 125 164 164 164 163 161 161 160 160 159 159 158 158 158 197 238 237 127 126 165 165 164 164 163 163 193 192 192 192 191 191 190 190 229 229 0 223 199 194 189 185 160 
117 192 120 123 103 122 102 101 101 160 139 139 139 156 156 155 155 154 134 154 133 133 172 233 233 122 121 160 160 160 159 159 158 188 188 187 187 186 186 186 165 224 224 223 0 199 194 189 184 160 
113 187 116 248 248 247 247 247 246 135 135 134 134 132 151 131 130 130 130 129 129 128 167 228 208 117 117 156 155 155 154 154 154 183 183 183 182 182 162 161 161 220 199 199 199 0 193 189 184 179 
238 182 111 243 243 243 242 242 241 130 130 130 129 127 127 126 126 125 125 124 124 124 163 204 204 112 242 151 150 150 130 129 129 159 178 158 158 157 157 156 156 195 195 194 194 193 0 188 183 179 
233 178 106 239 238 238 237 237 217 126 125 125 105 122 122 121 121 121 120 120 119 119 158 199 199 238 237 126 126 126 125 125 124 154 154 153 153 153 152 152 151 190 190 189 189 189 188 0 183 178 
209 153 232 234 234 213 213 213 212 121 101 120 100 117 117 117 116 246 115 245 245 244 153 194 194 233 233 122 121 121 120 120 120 149 149 149 148 148 147 147 147 186 185 185 184 184 183 183 0 158 
184 148 227 210 209 209 208 208 207 246 246 246 245 113 112 242 111 241 241 240 240 240 129 170 189 228 228 117 117 116 116 115 115 145 144 144 143 123 143 122 122 161 180 160 160 179 179 178 158 0 

1296 25 26 1953
2491 26 27 1886
1926 27 28 1473
2157 28 29 1541
1364 29 30 2195
1629 30 31 2469
2009 30 31 1387
1962 31 32 1339
1447 31 32 2281
2225 32 33 1611
1710 32 33 2553
2458 33 34 1852
1380 33 34 2040
2092 34 35 1645
2440 34 35 1833
2091 34 35 1472
2327 35 36 1717
2372 35 36 1763
2023 35 36 1401
2259 36 37 1818
2441 36 37 2006
1529 36 37 2365
1993 37 38 1371
2141 37 38 1524
1395 37 38 2055
1631 38 39 2300
1979 38 39 1528
2492 38 39 2059
1911 38 39 1458
1797 39 40 1339
2310 39 40 1870
1563 39 40 2401
2077 39 40 1629
2295 40 41 1683
1383 40 41 2214
1896 40 41 1442
2410 40 41 1802
2129 41 42 1511
2476 41 42 2043
1730 41 42 2574
2243 41 42 1801
1963 42 43 1339
2476 42 43 1871
1730 42 43 2402
2243 42 43 1629
1497 42 43 2160
1896 43 44 1442
2410 43 44 1802
1663 43 44 2333
2011 43 44 1561
1265 43 44 2092
1830 44 45 2506
2343 44 45 1733
1597 44 45 2264
2110 44 45 1492
2458 44 45 2023
1764 45 46 2437
2277 45 46 1665
1531 45 46 2196
1878 45 46 1423
2391 45 46 1954
1697 46 47 2368
2211 46 47 1596
1464 46 47 2127
1978 46 47 1355
2243 46 47 1801
1894 46 47 2572
1467 47 48 2130
1981 47 48 1358
2494 47 48 1889
1747 47 48 2420
2261 47 48 1648
1349 47 48 2179
1501 48 49 2165
2014 48 49 1392
2362 48 49 1924
1615 48 49 2455
2128 48 49 1682
1382 48 49 2213
1534 49 25 2199
1716 49 25 2388
1898 49 25 2576
2080 49 25 1632
2262 49 25 1820
2444 49 25 2008

15642

0 631 41
1 506 22
2 381 36
3 394 36
4 804 33
5 798 29
6 617 32
7 790 35
8 313 38
9 524 44
10 698 47
11 970 20
12 394 23
13 666 26
14 484 29
15 302 32
16 574 35
17 646 21
18 918 24
19 342 27
20 614 34
21 788 37
22 961 40
23 483 43
24 657 46
25 929 49
26 353 22
27 526 25
28 799 28
29 972 31
30 494 34
31 668 37
32 940 44
33 301 30
34 475 33
35 747 36
36 920 39
37 443 42
38 616 45
39 888 48
40 312 21
41 486 24
42 758 27
43 931 30
44 454 33
45 627 40
46 801 43
47 323 46
48 497 49
49 769 22
