50 143 5

0 135 174 193 232 121 140 179 218 107 146 205 114 172 211 120 179 238 127 185 244 153 192 101 159 198 107 166 205 113 172 211 120 179 237 146 185 244 152 191 100 159 218 126 185 224 133 172 230 159 
135 0 244 133 172 231 120 198 237 146 205 114 153 211 120 159 218 107 165 224 113 172 231 139 178 237 146 185 244 133 191 120 159 217 126 165 224 133 172 230 139 178 237 145 184 243 152 191 100 158 
174 244 0 223 112 171 230 139 178 236 145 184 243 132 190 249 138 197 106 164 203 112 171 210 119 177 216 125 184 223 131 190 229 138 197 236 144 203 112 170 209 118 177 216 125 183 242 151 190 248 
193 133 223 0 222 111 170 229 118 177 235 144 203 242 150 209 248 157 216 124 183 242 131 189 248 137 196 105 163 222 111 170 228 117 176 235 144 202 111 150 209 248 157 215 104 163 222 130 169 228 
232 172 112 222 0 241 150 208 247 156 215 124 163 221 130 189 228 136 195 234 143 182 241 149 208 247 156 215 104 162 221 110 169 227 136 195 234 143 182 221 129 188 247 155 214 103 162 201 110 168 
121 231 171 111 241 0 240 129 188 246 135 194 103 142 200 206 245 114 153 212 101 160 218 127 186 225 134 192 231 140 199 107 166 205 114 173 212 120 179 238 147 205 244 153 212 101 159 218 127 186 
140 120 230 170 150 240 0 166 225 114 172 231 120 199 107 146 205 244 153 211 100 179 238 127 185 244 133 192 231 159 218 107 166 224 113 172 231 139 198 237 146 205 113 152 211 120 179 218 126 185 
179 198 139 229 208 129 166 0 224 133 172 230 119 178 237 126 185 243 152 211 100 158 197 106 145 204 113 171 210 119 178 217 126 184 223 152 191 249 158 197 106 165 223 132 171 210 119 177 216 125 
218 237 178 118 247 188 225 224 0 223 132 190 229 138 197 106 145 223 112 171 210 118 177 236 125 203 242 151 210 249 157 216 105 184 223 131 190 249 138 196 235 164 223 112 170 229 118 177 236 144 
107 146 236 177 156 246 114 133 223 0 131 190 248 137 196 105 164 222 111 170 229 137 176 235 144 203 242 150 209 118 157 235 124 183 222 131 189 248 137 196 105 144 202 111 150 209 117 176 235 124 
146 205 145 235 215 135 172 172 132 131 0 177 216 145 184 242 151 190 249 158 216 125 164 223 131 170 229 138 197 105 144 203 112 170 209 118 177 236 144 183 242 151 190 248 157 216 125 183 222 131 
205 114 184 144 124 194 231 230 190 190 177 0 235 144 183 242 150 189 248 177 216 124 183 222 131 170 228 157 196 105 163 222 111 170 209 137 176 235 144 202 241 150 209 118 157 215 124 183 222 130 
114 153 243 203 163 103 120 119 229 248 216 235 0 143 202 241 150 209 248 156 215 104 163 221 110 189 248 137 195 234 143 202 241 149 208 117 156 215 123 162 221 130 189 247 136 195 104 143 201 110 
172 211 132 242 221 142 199 178 138 137 145 144 143 0 162 240 129 188 247 136 195 103 162 221 110 169 227 116 175 234 142 201 110 149 208 116 155 214 123 181 240 129 188 247 136 194 103 162 220 129 
211 120 190 150 130 200 107 237 197 196 184 183 202 162 0 240 149 188 246 135 194 122 161 220 129 168 227 135 174 103 142 200 109 168 207 116 155 233 122 181 240 148 187 246 155 213 102 161 220 129 
120 159 249 209 189 206 146 126 106 105 242 242 241 240 240 0 128 187 226 154 193 102 161 200 109 167 206 132 191 230 139 197 236 145 204 112 171 210 119 178 217 125 184 243 152 191 249 158 197 106 
179 218 138 248 228 245 205 185 145 164 151 150 150 129 149 128 0 204 243 151 210 249 158 216 105 184 243 132 190 229 138 197 236 164 223 112 171 229 118 177 216 144 203 242 151 210 249 157 216 125 
238 107 197 157 136 114 244 243 223 222 190 189 209 188 188 187 204 0 112 151 209 118 157 216 105 163 222 111 170 229 137 196 235 144 183 242 131 189 248 157 196 104 163 202 111 170 209 137 176 235 
127 165 106 216 195 153 153 152 112 111 249 248 248 247 246 226 243 112 0 241 130 208 247 156 215 104 162 221 110 189 247 136 195 234 143 201 240 169 228 117 175 234 123 182 221 149 208 247 156 214 
185 224 164 124 234 212 211 211 171 170 158 177 156 136 135 154 151 151 241 0 149 208 116 155 214 123 162 220 129 188 247 136 194 103 142 221 110 168 227 116 175 233 122 201 240 149 207 246 155 214 
244 113 203 183 143 101 100 100 210 229 216 216 215 195 194 193 210 209 130 149 0 195 234 143 202 110 169 208 117 175 214 123 182 221 130 188 227 136 195 234 142 201 110 169 208 116 175 214 123 201 
153 172 112 242 182 160 179 158 118 137 125 124 104 103 122 102 249 118 208 208 195 0 233 142 201 240 149 207 246 155 214 122 181 220 129 188 246 135 194 103 162 201 109 168 227 116 174 233 142 201 
192 231 171 131 241 218 238 197 177 176 164 183 163 162 161 161 158 157 247 116 234 233 0 142 200 239 148 207 115 154 213 122 161 220 109 167 226 135 193 102 141 200 109 148 206 245 154 213 121 160 
101 139 210 189 149 127 127 106 236 235 223 222 221 221 220 200 216 216 156 155 143 142 142 0 180 219 128 186 245 134 193 102 160 199 108 167 225 134 173 232 141 180 238 147 206 114 173 212 121 160 
159 178 119 248 208 186 185 145 125 144 131 131 110 110 129 109 105 105 215 214 202 201 200 180 0 238 147 186 244 153 212 101 160 218 127 166 225 133 192 231 140 199 107 146 205 114 173 212 120 179 
198 237 177 137 247 225 244 204 203 203 170 170 189 169 168 167 184 163 104 123 110 240 239 219 238 0 107 165 224 113 172 231 139 178 237 146 204 243 152 133 172 231 139 178 237 146 185 113 152 211 
107 146 216 196 156 134 133 113 242 242 229 228 248 227 227 206 243 222 162 162 169 149 148 128 147 107 0 217 126 185 243 152 191 100 158 197 106 165 224 132 171 230 139 178 236 165 204 113 171 210 
166 185 125 105 215 192 192 171 151 150 138 157 137 116 135 132 132 111 221 220 208 207 207 186 186 165 217 0 145 184 243 151 210 249 158 197 106 164 203 112 171 229 118 197 236 125 184 223 131 190 
205 244 184 163 104 231 231 210 210 209 197 196 195 175 174 191 190 170 110 129 117 246 115 245 244 224 126 145 0 124 183 222 131 189 248 157 196 104 163 202 111 189 228 137 176 235 143 182 241 170 
113 133 223 222 162 140 159 119 249 118 105 105 234 234 103 230 229 229 189 188 175 155 154 134 153 113 185 184 124 0 182 241 150 189 247 156 215 104 163 221 130 189 228 136 195 234 143 202 110 169 
172 191 131 111 221 199 218 178 157 157 144 163 143 142 142 139 138 137 247 247 214 214 213 193 212 172 243 243 183 182 0 181 240 149 188 246 155 214 122 161 220 129 168 227 135 194 233 142 200 239 
211 120 190 170 110 107 107 217 216 235 203 222 202 201 200 197 197 196 136 136 123 122 122 102 101 231 152 151 222 241 181 0 239 128 187 246 154 213 102 161 220 109 167 226 135 193 232 141 200 239 
120 159 229 228 169 166 166 126 105 124 112 111 241 110 109 236 236 235 195 194 182 181 161 160 160 139 191 210 131 150 240 239 0 147 206 245 154 212 101 160 219 108 167 225 114 173 232 121 179 238 
179 217 138 117 227 205 224 184 184 183 170 170 149 149 168 145 164 144 234 103 221 220 220 199 218 178 100 249 189 189 149 128 147 0 166 225 133 172 231 160 199 107 146 205 114 153 211 140 179 238 
237 126 197 176 136 114 113 223 223 222 209 209 208 208 207 204 223 183 143 142 130 129 109 108 127 237 158 158 248 247 188 187 206 166 0 224 133 191 100 159 198 107 165 204 113 172 231 139 178 237 
146 165 236 235 195 173 172 152 131 131 118 137 117 116 116 112 112 242 201 221 188 188 167 167 166 146 197 197 157 156 246 246 245 225 224 0 112 171 210 119 178 217 125 184 243 151 190 249 158 197 
185 224 144 144 234 212 231 191 190 189 177 176 156 155 155 171 171 131 240 110 227 246 226 225 225 204 106 106 196 215 155 154 154 133 133 112 0 237 146 205 244 200 108 147 206 115 154 213 102 180 
244 133 203 202 143 120 139 249 249 248 236 235 215 214 233 210 229 189 169 168 136 135 135 134 133 243 165 164 104 104 214 213 212 172 191 171 237 0 173 101 140 199 108 147 206 114 153 232 140 179 
152 172 112 111 182 179 198 158 138 137 144 144 123 123 122 119 118 248 228 227 195 194 193 173 192 152 224 203 163 163 122 102 101 231 100 210 146 173 0 239 148 206 245 154 213 149 208 247 156 214 
191 230 170 150 221 238 237 197 196 196 183 202 162 181 181 178 177 157 117 116 234 103 102 232 231 133 132 112 202 221 161 161 160 160 159 119 205 101 239 0 175 233 122 228 137 176 235 143 182 241 
100 139 209 209 129 147 146 106 235 105 242 241 221 240 240 217 216 196 175 175 142 162 141 141 140 172 171 171 111 130 220 220 219 199 198 178 244 140 148 175 0 118 177 236 125 183 242 131 190 248 
159 178 118 248 188 205 205 165 164 144 151 150 130 129 148 125 144 104 234 233 201 201 200 180 199 231 230 229 189 189 129 109 108 107 107 217 200 199 206 233 118 0 176 235 124 183 241 150 209 117 
218 237 177 157 247 244 113 223 223 202 190 209 189 188 187 184 203 163 123 122 110 109 109 238 107 139 139 118 228 228 168 167 167 146 165 125 108 108 245 122 177 176 0 112 171 229 138 177 236 144 
126 145 216 215 155 153 152 132 112 111 248 118 247 247 246 243 242 202 182 201 169 168 148 147 146 178 178 197 137 136 227 226 225 205 204 184 147 147 154 228 236 235 112 0 198 106 165 204 113 171 
185 184 125 104 214 212 211 171 170 150 157 157 136 136 155 152 151 111 221 240 208 227 206 206 205 237 236 236 176 195 135 135 114 114 113 243 206 206 213 137 125 124 171 198 0 133 172 231 140 198 
224 243 183 163 103 101 120 210 229 209 216 215 195 194 213 191 210 170 149 149 116 116 245 114 114 146 165 125 235 234 194 193 173 153 172 151 115 114 149 176 183 183 229 106 133 0 172 230 139 198 
133 152 242 222 162 159 179 119 118 117 125 124 104 103 102 249 249 209 208 207 175 174 154 173 173 185 204 184 143 143 233 232 232 211 231 190 154 153 208 235 242 241 138 165 172 172 0 230 138 197 
172 191 151 130 201 218 218 177 177 176 183 183 143 162 161 158 157 137 247 246 214 233 213 212 212 113 113 223 182 202 142 141 121 140 139 249 213 232 247 143 131 150 177 204 231 230 230 0 138 196 
230 100 190 169 110 127 126 216 236 235 222 222 201 220 220 197 216 176 156 155 123 142 121 121 120 152 171 131 241 110 200 200 179 179 178 158 102 140 156 182 190 209 236 113 140 139 138 138 0 176 
159 158 248 228 168 186 185 125 144 124 131 130 110 129 129 106 125 235 214 214 201 201 160 160 179 211 210 190 170 169 239 239 238 238 237 197 180 179 214 241 248 117 144 171 198 198 197 196 176 0 

0 190 181 173 247 132 187 119 174 228 133 188 242 147 202 106 161 216 120 175 230 135 189 244 149 203 108 163 217 122 177 231 116 191 226 130 185 240 144 199 104 158 213 118 172 227 132 187 241 146 
190 0 160 131 206 111 185 240 144 199 104 178 233 137 192 117 171 226 131 185 110 164 239 183 238 142 197 102 176 231 135 190 245 169 224 129 183 108 162 217 122 176 101 156 210 115 170 244 149 203 
181 160 0 146 240 164 219 143 198 103 157 212 136 191 246 150 225 130 184 239 144 218 123 177 232 156 211 116 171 225 150 204 109 164 218 143 217 142 216 121 175 230 135 209 114 169 223 148 202 107 
173 131 146 0 155 210 115 169 244 148 203 108 182 237 142 196 101 175 100 174 249 153 208 113 167 242 146 201 106 160 235 140 194 249 154 228 133 187 242 147 221 126 181 235 160 214 119 174 228 153 
247 206 240 155 0 145 200 175 230 154 209 113 188 242 147 202 106 181 236 140 195 119 174 229 133 188 113 167 222 127 181 106 180 104 179 234 138 193 248 172 227 131 186 241 165 220 125 179 234 158 
132 111 164 210 145 0 166 221 125 200 104 159 214 118 193 117 172 227 151 206 110 165 240 144 199 104 158 233 137 192 247 151 226 131 185 240 145 219 124 178 233 138 212 117 172 226 131 225 130 184 
187 185 219 115 200 166 0 116 171 226 131 205 110 164 219 124 198 103 157 212 137 191 246 151 205 130 184 239 163 108 162 217 122 196 101 155 210 115 189 244 149 203 128 182 237 142 196 121 175 230 
119 240 143 169 175 221 116 0 217 122 196 140 195 100 154 209 133 188 243 147 222 126 181 236 141 215 120 174 229 153 208 113 167 222 147 201 106 161 215 140 194 249 193 118 172 227 151 206 111 165 
174 144 198 244 230 125 171 217 0 207 112 166 241 145 200 105 159 234 138 193 248 172 227 132 226 150 205 149 204 108 163 218 142 197 102 156 211 135 190 245 149 204 128 183 238 142 197 122 176 231 
228 199 103 148 154 200 226 122 207 0 106 161 235 140 194 249 154 228 133 188 242 147 221 126 181 235 160 215 119 174 229 153 208 112 167 111 166 221 145 227 152 206 111 166 220 145 199 104 159 214 
133 104 157 203 209 104 131 196 112 106 0 234 139 193 248 173 227 132 187 241 185 110 164 239 144 198 103 158 232 137 191 246 151 225 130 185 239 164 218 123 178 232 157 211 116 171 226 150 205 109 
188 178 212 108 113 159 205 140 166 161 234 0 224 129 183 108 162 217 122 176 101 156 210 115 170 244 149 203 108 163 237 142 197 101 195 120 174 249 154 208 113 168 242 147 201 106 161 235 140 195 
242 233 136 182 188 214 110 195 241 235 139 224 0 174 229 134 228 152 207 112 186 241 146 200 105 179 234 139 193 248 172 227 132 186 241 166 220 125 180 104 159 213 118 173 247 152 207 111 205 130 
147 137 191 237 242 118 164 100 145 140 193 129 174 0 164 219 124 198 103 158 212 117 191 246 151 205 130 184 239 144 238 162 217 141 196 101 156 210 135 189 244 149 223 128 182 237 142 216 121 176 
202 192 246 142 147 193 219 154 200 194 248 183 229 164 0 174 229 133 188 205 129 184 239 163 218 122 177 232 156 211 116 170 225 149 204 109 163 218 142 197 102 157 211 136 210 134 209 114 168 223 
106 117 150 196 202 117 124 209 105 249 173 108 134 219 174 0 237 141 196 101 155 230 134 189 244 168 223 147 202 126 181 236 140 195 120 174 229 134 188 113 167 222 127 201 106 161 215 120 194 249 
161 171 225 101 106 172 198 133 159 154 227 162 228 124 229 237 0 207 111 166 221 145 200 105 159 214 138 193 248 152 207 132 186 241 146 220 125 179 234 139 233 157 232 136 191 246 150 225 130 184 
216 226 130 175 181 227 103 188 234 228 132 217 152 198 133 141 207 0 157 212 117 171 115 190 245 169 224 128 183 107 162 217 121 176 101 155 210 115 169 244 148 203 108 162 237 142 196 101 156 230 
120 131 184 100 236 151 157 243 138 133 187 122 207 103 188 196 111 157 0 147 202 107 181 236 140 195 119 174 229 133 188 113 167 222 127 181 125 200 105 199 103 158 213 137 192 247 151 206 130 185 
175 185 239 174 140 206 212 147 193 188 241 176 112 158 205 101 166 212 147 0 157 231 136 191 245 150 224 129 184 238 163 218 122 177 232 156 211 115 170 225 149 204 109 163 218 142 197 121 196 101 
230 110 144 249 195 110 137 222 248 242 185 101 186 212 129 155 221 117 202 157 0 135 190 244 169 223 128 183 237 162 217 121 196 140 194 249 154 228 133 188 242 167 221 126 181 235 160 215 119 174 
135 164 218 153 119 165 191 126 172 147 110 156 241 117 184 230 145 171 107 231 135 0 125 180 104 159 213 118 173 247 152 206 111 166 240 145 200 104 179 233 138 193 247 172 227 131 206 150 204 109 
189 239 123 208 174 240 246 181 227 221 164 210 146 191 239 134 200 115 181 136 190 125 0 115 169 224 129 203 128 222 126 181 236 141 215 120 174 229 134 208 113 167 222 147 201 106 161 215 140 194 
244 183 177 113 229 144 151 236 132 126 239 115 200 246 163 189 105 190 236 191 244 180 115 0 105 159 234 139 193 248 153 227 132 186 241 146 220 125 179 234 159 213 138 232 136 191 246 151 225 130 
149 238 232 167 133 199 205 141 226 181 144 170 105 151 218 244 159 245 140 245 169 104 169 105 0 225 130 204 109 163 218 198 103 177 232 137 191 246 170 225 130 184 109 164 218 123 178 102 157 211 
203 142 156 242 188 104 130 215 150 235 198 244 179 205 122 168 214 169 195 150 223 159 224 159 225 0 121 195 100 154 209 133 188 243 148 202 127 181 236 180 235 139 194 249 173 228 133 187 112 166 
108 197 211 146 113 158 184 120 205 160 103 149 234 130 177 223 138 224 119 224 128 213 129 234 130 121 0 111 165 220 125 199 104 158 213 118 192 247 151 206 131 185 240 145 199 124 178 233 138 192 
163 102 116 201 167 233 239 174 149 215 158 203 139 184 232 147 193 128 174 129 183 118 203 139 204 195 111 0 231 135 210 115 169 224 168 242 147 202 126 181 236 140 195 119 174 229 133 208 112 167 
217 176 171 106 222 137 163 229 204 119 232 108 193 239 156 202 248 183 229 184 237 173 128 193 109 100 165 231 0 221 145 200 104 159 214 138 193 248 152 227 131 186 241 145 220 125 179 234 178 102 
122 231 225 160 127 192 108 153 108 174 137 163 248 144 211 126 152 107 133 238 162 247 222 248 163 154 220 135 221 0 211 135 190 114 169 223 128 183 107 162 217 121 176 100 155 210 114 189 244 148 
177 135 150 235 181 247 162 208 163 229 191 237 172 238 116 181 207 162 188 163 217 152 126 153 218 209 125 210 145 211 0 208 133 187 242 147 202 126 181 235 140 195 119 174 248 192 247 152 206 131 
231 190 204 140 106 151 217 113 218 153 246 142 227 162 170 236 132 217 113 218 121 206 181 227 198 133 199 115 200 135 208 0 218 123 177 232 157 211 116 171 225 150 204 109 164 238 143 197 102 157 
116 245 109 194 180 226 122 167 142 208 151 197 132 217 225 140 186 121 167 122 196 111 236 132 103 188 104 169 104 190 133 218 0 169 223 128 183 107 162 216 141 235 140 194 249 173 228 133 187 242 
191 169 164 249 104 131 196 222 197 112 225 101 186 141 149 195 241 176 222 177 140 166 141 186 177 243 158 224 159 114 187 123 169 0 158 213 118 192 247 152 206 111 185 240 145 199 104 179 233 138 
226 224 218 154 179 185 101 147 102 167 130 195 241 196 204 120 146 101 127 232 194 240 215 241 232 148 213 168 214 169 242 177 223 158 0 109 183 127 182 237 142 196 121 247 172 226 131 205 110 165 
130 129 143 228 234 240 155 201 156 111 185 120 166 101 109 174 220 155 181 156 249 145 120 146 137 202 118 242 138 223 147 232 128 213 109 0 190 245 150 224 129 184 238 163 217 122 177 231 156 211 
185 183 217 133 138 145 210 106 211 166 239 174 220 156 163 229 125 210 125 211 154 200 174 220 191 127 192 147 193 128 202 157 183 118 183 190 0 161 215 140 194 249 154 209 133 188 242 147 202 126 
240 108 142 187 193 219 115 161 135 221 164 249 125 210 218 134 179 115 200 115 228 104 229 125 246 181 247 202 248 183 126 211 107 192 127 245 161 0 111 166 221 145 200 104 159 214 158 232 137 211 
144 162 216 242 248 124 189 215 190 145 218 154 180 135 142 188 234 169 105 170 133 179 134 179 170 236 151 126 152 107 181 116 162 247 182 150 215 111 0 101 156 230 135 190 244 149 223 128 183 237 
199 217 121 147 172 178 244 140 245 227 123 208 104 189 197 113 139 244 199 225 188 233 208 234 225 180 206 181 227 162 235 171 216 152 237 224 140 166 101 0 221 126 220 145 219 124 178 233 157 212 
104 122 175 221 227 233 149 194 149 152 178 113 159 244 102 167 233 148 103 149 242 138 113 159 130 235 131 236 131 217 140 225 141 206 142 129 194 221 156 221 0 239 143 218 123 177 232 137 211 116 
158 176 230 126 131 138 203 249 204 206 232 168 213 149 157 222 157 203 158 204 167 193 167 213 184 139 185 140 186 121 195 150 235 111 196 184 249 145 230 126 239 0 118 173 247 152 207 111 186 240 
213 101 135 181 186 212 128 193 128 111 157 242 118 223 211 127 232 108 213 109 221 247 222 138 109 194 240 195 241 176 119 204 140 185 121 238 154 200 135 220 143 118 0 219 123 198 102 157 212 117 
118 156 209 235 241 117 182 118 183 166 211 147 173 128 136 201 136 162 137 163 126 172 147 232 164 249 145 119 145 100 174 109 194 240 247 163 209 104 190 145 218 173 219 0 209 113 188 242 147 202 
172 210 114 160 165 172 237 172 238 220 116 201 247 182 210 106 191 237 192 218 181 227 201 136 218 173 199 174 220 155 248 164 249 145 172 217 133 159 244 219 123 247 123 209 0 159 214 138 213 137 
227 115 169 214 220 226 142 227 142 145 171 106 152 237 134 161 246 142 247 142 235 131 106 191 123 228 124 229 125 210 192 238 173 199 226 122 188 214 149 124 177 152 198 113 159 0 169 223 128 183 
132 170 223 119 125 131 196 151 197 199 226 161 207 142 209 215 150 196 151 197 160 206 161 246 178 133 178 133 179 114 247 143 228 104 131 177 242 158 223 178 232 207 102 188 214 169 0 127 182 236 
187 244 148 174 179 225 121 206 122 104 150 235 111 216 114 120 225 101 206 121 215 150 215 151 102 187 233 208 234 189 152 197 133 179 205 231 147 232 128 233 137 111 157 242 138 223 127 0 228 132 
241 149 202 228 234 130 175 111 176 159 205 140 205 121 168 194 130 156 130 196 119 204 140 225 157 112 138 112 178 244 206 102 187 233 110 156 202 137 183 157 211 186 212 147 213 128 182 228 0 127 
146 203 107 153 158 184 230 165 231 214 109 195 130 176 223 249 184 230 185 101 174 109 194 130 211 166 192 167 102 148 131 157 242 138 165 211 126 211 237 212 116 240 117 202 137 183 236 132 127 0 

1785 0 5 1904
2299 0 31 1584
1479 0 31 2200
1893 1 31 2444
2346 1 31 1631
2463 1 31 1747
2010 2 31 1296
1662 2 31 2215
1749 2 31 2468
1729 3 31 2281
2317 3 31 1602
2404 3 31 1855
2421 4 31 1871
1403 4 31 1957
1490 4 31 2044
1506 5 31 2060
1593 5 31 2146
1644 5 32 2197
1660 31 32 2213
1747 31 32 2299
1834 31 32 1287
1278 32 33 1833
1666 32 33 2385
2254 32 33 1539
2279 33 34 1731
1496 33 34 2050
1816 33 34 1270
2304 33 34 1589
1779 34 35 2332
2100 34 35 1385
1316 34 35 1871
1403 34 35 1957
1547 35 36 2267
1791 35 36 2343
1844 35 36 2396
1931 35 36 2482
2418 35 36 1702
1313 36 37 1867
1633 36 37 2353
1887 36 37 2439
1974 36 37 2526
2061 36 37 1347
1347 37 38 1901
1601 37 38 2320
2022 37 38 1308
2276 37 38 1561
1426 37 38 1980
1578 38 39 2131
1999 38 39 1285
2253 38 39 1538
2507 38 39 1791
1657 38 39 2210
1911 38 39 2463
2482 39 40 1766
1465 39 40 2185
1886 39 40 2438
2140 39 40 1426
1290 39 40 1845
1544 39 40 2098
2115 40 41 1400
2369 40 41 1653
1519 40 41 2072
1773 40 41 2325
2027 40 41 1479
2448 40 41 1732
2019 40 41 1472
1546 41 42 2266
1599 41 42 2318
2522 41 42 1972
2173 41 42 1791
1992 41 42 1445
1644 41 42 2363
1295 41 42 2183
2215 42 43 1666
1866 42 43 1486
1685 42 43 2404
1337 42 43 2058
2260 42 43 1877
2079 42 43 1531
1730 42 43 2449
2482 43 44 2099
2301 43 44 1752
1953 43 44 1572
1604 43 44 2490
1423 43 44 2144
2346 43 44 1963
1998 43 44 1617
1817 43 44 1270
1746 44 45 2465
1398 44 45 2285
2488 44 45 1938
2140 44 45 1592
1290 44 45 1678
1376 44 45 1931
1463 44 45 2017
1550 44 45 2103
1814 45 46 1268
1466 45 46 2353
2389 45 46 2006
2208 45 46 1659
1859 45 46 1479
1511 45 46 2397
1330 45 46 2051
2253 45 46 1870
1904 45 46 1524
2283 46 47 1734
1935 46 47 1554
1754 46 47 2472
1405 46 47 2126
2328 46 47 1946
2147 46 47 1599
1799 46 47 2517
1450 46 47 2337
2541 46 47 1990
1481 47 48 2367
1300 47 48 2021
2223 47 48 1841
1874 47 48 1494
1693 47 48 2412
1345 47 48 2232
2268 47 48 1885
2087 47 48 1539
1738 47 48 1358
2117 48 49 1569
1769 48 49 1389
1420 48 49 2307
2511 48 49 1960
2162 48 49 1780
1814 48 49 1434
1645 48 49 2198
2199 48 49 1484
2453 48 49 1737
1603 48 49 2156
1949 49 0 1402
2036 49 0 1489
2123 49 0 1575
2377 49 0 1661
2464 49 0 1748
1279 49 0 1834
1366 49 0 1920
1453 49 0 2007
1540 49 0 2093
1627 49 0 2180

15401

0 926 24
1 585 37
2 935 41
3 298 45
4 748 32
5 448 20
6 504 44
7 560 30
8 319 47
9 670 25
10 825 42
11 881 44
12 542 30
13 302 47
14 713 33
15 374 20
16 786 36
17 464 40
18 875 27
19 536 43
20 296 29
21 708 46
22 369 32
23 780 49
24 540 35
25 951 48
26 613 34
27 274 21
28 685 37
29 445 24
30 857 40
31 518 26
32 929 43
33 726 28
34 387 44
35 799 20
36 460 37
37 871 23
38 631 40
39 292 26
40 704 39
41 365 25
42 875 42
43 536 28
44 948 44
45 609 31
46 270 47
47 780 34
48 441 20
49 853 37
