50 143 5

0 200 156 163 171 178 166 173 181 188 215 242 119 146 174 181 208 235 112 139 166 194 221 248 125 152 179 206 214 110 137 165 192 219 246 123 130 158 185 212 239 116 143 150 197 205 232 109 136 163 
200 0 154 181 168 195 223 100 127 154 181 188 215 243 120 147 174 201 228 105 113 140 167 194 221 248 125 152 160 187 214 241 118 145 172 199 227 234 111 138 165 192 219 247 124 151 158 185 212 239 
156 154 0 158 186 193 220 247 124 151 178 206 233 110 117 144 171 218 245 122 130 157 164 191 218 115 123 150 177 204 231 108 135 162 170 197 224 101 128 155 182 210 237 244 121 148 175 202 230 241 
163 181 158 0 136 143 171 217 245 122 149 156 183 210 237 134 161 188 196 223 100 127 154 201 208 236 113 140 167 194 221 248 125 152 180 207 234 111 138 165 192 219 246 124 151 178 185 232 109 136 
171 168 186 136 0 149 176 203 230 107 134 161 169 196 223 100 127 154 181 189 236 113 140 167 194 221 248 125 133 160 187 214 241 118 126 173 180 227 104 131 158 185 212 220 247 144 171 198 225 232 
178 195 193 143 149 0 122 149 176 184 211 108 135 162 189 216 223 100 128 155 182 209 236 113 140 148 175 222 229 106 133 160 187 195 222 119 146 173 200 227 234 112 139 186 213 240 247 124 151 178 
166 223 220 171 176 122 0 245 122 169 196 204 231 108 135 162 189 216 113 121 148 175 202 229 106 133 160 187 215 242 119 146 153 200 227 104 131 159 186 193 240 247 124 151 179 206 233 110 117 164 
173 100 247 217 203 149 245 0 238 115 143 170 197 224 231 128 155 182 209 236 114 141 148 195 222 249 126 153 180 188 215 112 139 166 193 200 125 132 159 186 214 241 118 145 172 199 226 103 111 138 
181 127 124 245 230 176 122 238 0 109 136 163 190 217 244 121 149 176 203 230 107 134 161 188 215 243 120 147 154 201 228 105 132 159 167 194 221 118 145 172 199 207 234 111 138 185 212 219 246 123 
188 154 151 122 107 184 169 115 109 0 122 168 196 203 230 107 134 161 188 216 243 120 127 154 181 208 236 132 159 167 194 221 248 125 152 160 207 214 241 118 145 172 200 246 104 131 158 185 212 239 
215 181 178 149 134 211 196 143 136 122 0 115 142 169 196 223 100 127 154 181 209 236 113 120 147 174 201 229 106 133 160 187 194 241 118 145 172 200 227 234 111 158 185 212 239 247 124 151 178 225 
242 188 206 156 161 108 204 170 163 168 115 0 108 135 162 209 236 113 120 147 174 201 229 125 133 160 187 214 241 118 145 173 200 227 104 131 158 185 212 239 117 144 171 198 225 102 109 137 164 191 
119 215 233 183 169 135 231 197 190 196 142 108 0 101 128 155 182 209 236 113 140 167 194 222 249 126 153 180 187 234 111 138 166 193 200 207 235 131 158 186 213 220 247 124 151 198 225 102 110 137 
146 243 110 210 196 162 108 224 217 203 169 135 101 0 228 105 112 139 166 213 240 117 145 152 179 206 233 130 157 165 192 219 246 123 150 197 204 231 109 136 163 190 217 244 121 148 175 202 230 107 
174 120 117 237 223 189 135 231 244 230 196 162 128 228 0 240 118 145 172 199 226 103 130 157 165 211 239 116 143 170 177 204 231 128 155 183 210 217 244 121 148 175 203 230 107 114 141 168 195 242 
181 147 144 134 100 216 162 128 121 107 223 209 155 105 240 0 233 110 138 145 172 199 226 123 150 158 185 212 239 116 143 170 197 224 232 109 136 163 190 237 244 122 129 156 183 210 237 134 161 169 
208 174 171 161 127 223 189 155 149 134 100 236 182 112 118 233 0 207 234 111 138 185 192 219 246 123 151 178 205 232 109 136 163 190 217 225 122 149 176 203 230 107 134 142 169 216 243 120 147 174 
235 201 218 188 154 100 216 182 176 161 127 113 209 139 145 110 207 0 219 246 124 151 178 185 212 239 116 163 190 218 225 102 129 156 183 230 238 115 142 169 196 223 100 127 154 182 209 236 140 148 
112 228 245 196 181 128 113 209 203 188 154 120 236 166 172 138 234 219 0 240 117 144 152 179 206 103 130 157 164 211 218 245 123 169 197 224 231 108 135 162 189 217 113 121 148 175 202 229 106 133 
139 105 122 223 189 155 121 236 230 216 181 147 113 213 199 145 111 246 240 0 103 130 157 184 211 238 115 142 169 177 204 101 128 155 182 209 217 244 121 168 195 222 229 106 133 161 188 215 242 119 
166 113 130 100 236 182 148 114 107 243 209 174 140 240 226 172 138 124 117 103 0 115 142 170 177 204 231 108 135 182 190 217 244 121 148 175 202 229 106 114 141 168 195 222 249 126 154 181 208 235 
194 140 157 127 113 209 175 141 134 120 236 201 167 117 103 199 185 151 144 130 115 0 108 135 163 170 197 244 121 148 175 183 210 237 114 161 188 215 222 249 127 154 181 228 235 112 139 166 193 220 
221 167 164 154 140 236 202 148 161 127 113 229 194 145 130 226 192 178 152 157 142 108 0 121 148 175 183 210 237 114 141 168 195 222 249 127 154 181 208 235 112 139 166 193 221 248 235 112 140 186 
248 194 191 201 167 113 229 195 188 154 120 125 222 152 157 123 219 185 179 184 170 135 121 0 133 160 187 195 222 249 126 173 200 227 235 112 139 166 193 240 247 124 151 178 206 233 110 137 164 191 
125 221 218 208 194 140 106 222 215 181 147 133 249 179 165 150 246 212 206 211 177 163 148 133 0 146 173 200 207 104 131 159 186 213 240 247 124 151 179 206 233 110 137 144 171 218 245 123 150 177 
152 248 115 236 221 148 133 249 243 208 174 160 126 206 211 158 123 239 103 238 204 170 175 160 146 0 139 186 193 220 228 105 132 159 186 233 240 117 144 172 199 226 103 130 157 184 211 238 115 143 
179 125 123 113 248 175 160 126 120 236 201 187 153 233 239 185 151 116 130 115 231 197 183 187 173 139 0 132 159 186 213 221 117 144 172 199 226 103 130 137 165 211 238 116 143 170 177 204 231 128 
206 152 150 140 125 222 187 153 147 132 229 214 180 130 116 212 178 163 157 142 108 244 210 195 200 186 132 0 125 152 179 226 233 110 137 165 192 219 246 123 150 177 204 231 109 136 163 190 217 244 
214 160 177 167 133 229 215 180 154 159 106 241 187 157 143 239 205 190 164 169 135 121 237 222 207 193 159 125 0 118 145 172 199 226 103 130 138 185 212 239 116 143 150 197 205 102 129 156 183 210 
110 187 204 194 160 106 242 188 201 167 133 118 234 165 170 116 232 218 211 177 182 148 114 249 104 220 186 152 118 0 131 158 185 212 239 116 143 170 197 225 102 129 156 163 190 217 245 122 149 176 
137 214 231 221 187 133 119 215 228 194 160 145 111 192 177 143 109 225 218 204 190 175 141 126 131 228 213 179 145 131 0 124 151 197 225 102 129 136 163 190 217 114 141 169 176 203 230 107 134 181 
165 241 108 248 214 160 146 112 105 221 187 173 138 219 204 170 136 102 245 101 217 183 168 173 159 105 221 226 172 158 124 0 156 183 210 237 114 122 149 196 223 100 127 134 181 189 216 113 140 167 
192 118 135 125 241 187 153 139 132 248 194 200 166 246 231 197 163 129 123 128 244 210 195 200 186 132 117 233 199 185 151 156 0 149 176 203 230 127 134 162 189 216 243 120 147 174 201 228 106 133 
219 145 162 152 118 195 200 166 159 125 241 227 193 123 128 224 190 156 169 155 121 237 222 227 213 159 144 110 226 212 197 183 149 0 142 197 224 101 128 155 162 209 217 141 168 195 222 230 107 134 
246 172 170 180 126 222 227 193 167 152 118 104 200 150 155 232 217 183 197 182 148 114 249 235 240 186 172 137 103 239 225 210 176 142 0 186 213 240 248 125 152 199 226 103 110 137 164 192 219 116 
123 199 197 207 173 119 104 200 194 160 145 131 207 197 183 109 225 230 224 209 175 161 127 112 247 233 199 165 130 116 102 237 203 197 186 0 199 206 233 130 137 165 192 219 246 123 130 177 204 231 
130 227 224 234 180 146 131 125 221 207 172 158 235 204 210 136 122 238 231 217 202 188 154 139 124 240 226 192 138 143 129 114 230 224 213 199 0 192 219 246 103 130 158 185 212 109 136 143 170 197 
158 234 101 111 227 173 159 132 118 214 200 185 131 231 217 163 149 115 108 244 229 215 181 166 151 117 103 219 185 170 136 122 127 101 240 206 192 0 204 212 239 116 143 190 217 244 102 148 156 183 
185 111 128 138 104 200 186 159 145 241 227 212 158 109 244 190 176 142 135 121 106 222 208 193 179 144 130 246 212 197 163 149 134 128 248 233 219 204 0 146 173 220 247 124 132 159 186 213 240 137 
212 138 155 165 131 227 193 186 172 118 234 239 186 136 121 237 203 169 162 168 114 249 235 240 206 172 137 123 239 225 190 196 162 155 125 130 246 212 146 0 186 213 241 118 145 172 179 226 103 130 
239 165 182 192 158 234 240 214 199 145 111 117 213 163 148 244 230 196 189 195 141 127 112 247 233 199 165 150 116 102 217 223 189 162 152 137 103 239 173 186 0 156 163 190 217 114 141 168 195 203 
116 192 210 219 185 112 247 241 207 172 158 144 220 190 175 122 107 223 217 222 168 154 139 124 110 226 211 177 143 129 114 100 216 209 199 165 130 116 220 213 156 0 168 195 223 100 127 154 181 208 
143 219 237 246 212 139 124 118 234 200 185 171 247 217 203 129 134 100 113 229 195 181 166 151 137 103 238 204 150 156 141 127 243 217 226 192 158 143 247 241 163 168 0 181 208 235 112 139 167 194 
150 247 244 124 220 186 151 145 111 246 212 198 124 244 230 156 142 127 121 106 222 228 193 178 144 130 116 231 197 163 169 134 120 141 103 219 185 190 124 118 190 195 181 0 174 201 228 243 121 148 
197 124 121 151 247 213 179 172 138 104 239 225 151 121 107 183 169 154 148 133 249 235 221 206 171 157 143 109 205 190 176 181 147 168 110 246 212 217 132 145 217 223 208 174 0 195 222 249 106 133 
205 151 148 178 144 240 206 199 185 131 247 102 198 148 114 210 216 182 175 161 126 112 248 233 218 184 170 136 102 217 203 189 174 195 137 123 109 244 159 172 114 100 235 201 195 0 207 215 242 119 
232 158 175 185 171 247 233 226 212 158 124 109 225 175 141 237 243 209 202 188 154 139 235 110 245 211 177 163 129 245 230 216 201 222 164 130 136 102 186 179 141 127 112 228 222 207 0 181 208 105 
109 185 202 232 198 124 110 103 219 185 151 137 102 202 168 134 120 236 229 215 181 166 112 137 123 238 204 190 156 122 107 113 228 230 192 177 143 148 213 226 168 154 139 243 249 215 181 0 213 220 
136 212 230 109 225 151 117 111 246 212 178 164 110 230 195 161 147 140 106 242 208 193 140 164 150 115 231 217 183 149 134 140 106 107 219 204 170 156 240 103 195 181 167 121 106 242 208 213 0 186 
163 239 241 136 232 178 164 138 123 239 225 191 137 107 242 169 174 148 133 119 235 220 186 191 177 143 128 244 210 176 181 167 133 134 116 231 197 183 137 130 203 208 194 148 133 119 105 220 186 0 

0 198 197 197 109 172 214 107 170 213 105 168 211 103 166 209 121 164 207 119 162 225 118 160 223 116 178 221 114 176 219 112 174 217 130 173 215 128 171 233 126 169 231 124 167 229 122 185 228 120 
198 0 249 141 160 160 222 115 178 240 133 195 108 151 213 126 169 231 124 186 249 142 204 117 160 222 135 177 240 152 195 108 170 213 126 168 231 144 186 249 161 123 181 244 136 199 111 154 217 110 
197 249 0 142 205 248 160 203 116 178 221 133 196 239 151 214 107 169 232 124 187 100 142 205 248 160 223 116 178 241 133 196 108 151 214 126 169 232 124 187 249 142 205 117 160 223 135 178 241 153 
197 141 142 0 201 114 156 219 131 174 237 149 192 105 147 210 123 165 228 140 183 246 158 201 114 176 219 131 194 237 149 192 105 167 210 122 185 228 140 203 246 158 221 113 176 219 131 194 106 149 
109 160 205 201 0 110 172 215 128 190 233 145 134 189 244 168 223 127 182 237 161 216 121 175 230 154 209 114 168 223 148 202 107 162 216 141 195 100 155 209 134 189 243 148 222 127 182 236 141 215 
172 160 248 114 110 0 223 128 182 107 162 216 121 176 100 155 209 114 188 243 148 203 107 182 236 141 196 100 175 229 134 189 113 168 223 127 182 106 161 216 120 195 100 154 209 114 188 243 147 202 
214 222 160 156 172 223 0 134 189 243 148 223 127 182 237 141 216 120 175 230 134 209 114 168 223 128 202 107 161 216 121 195 100 155 209 114 188 243 148 202 127 181 236 141 195 120 175 229 134 189 
107 115 203 219 215 128 134 0 195 100 154 209 114 188 243 148 202 107 181 236 141 195 120 175 229 134 208 113 168 222 127 201 106 161 216 140 195 249 154 209 133 188 242 147 202 126 181 236 140 195 
170 178 116 131 128 182 189 195 0 106 161 216 120 195 249 154 209 113 188 242 147 202 106 181 236 140 195 100 154 209 133 188 243 147 222 127 181 236 141 215 120 174 229 134 208 113 168 222 127 201 
213 240 178 174 190 107 243 100 106 0 187 242 146 201 125 180 235 139 194 118 173 228 133 187 112 166 221 126 180 105 159 214 119 193 248 153 207 112 186 241 146 200 125 180 234 159 213 118 173 227 
105 133 221 237 233 162 148 154 161 187 0 248 153 207 132 186 241 146 200 125 180 234 139 194 118 173 227 132 187 111 166 220 125 200 104 159 214 118 193 247 152 207 111 186 241 145 200 105 179 234 
168 195 133 149 145 216 223 209 216 242 248 0 159 214 118 173 228 152 207 111 166 241 145 200 105 159 234 138 193 248 172 227 131 186 241 165 220 125 179 234 158 213 118 172 227 152 206 111 166 220 
211 108 196 192 134 121 127 114 120 146 153 159 0 243 148 203 107 182 236 141 196 101 175 230 134 189 244 168 223 127 182 237 161 216 121 175 230 154 209 114 168 223 148 202 107 162 236 141 195 100 
103 151 239 105 189 176 182 188 195 201 207 214 243 0 154 209 114 188 243 147 202 107 181 236 141 195 100 174 229 134 188 243 168 222 127 182 236 161 215 120 175 229 154 209 113 168 242 147 202 106 
166 213 151 147 244 100 237 243 249 125 132 118 148 154 0 196 120 175 229 134 189 113 168 223 127 182 106 161 216 120 195 249 154 209 114 188 243 147 202 126 181 236 140 195 120 174 229 134 208 113 
209 126 214 210 168 155 141 148 154 180 186 173 203 209 196 0 107 161 236 140 195 100 174 229 153 208 113 167 222 146 201 106 160 215 140 194 249 154 208 133 187 242 147 221 126 181 235 140 214 119 
121 169 107 123 223 209 216 202 209 235 241 228 107 114 120 107 0 187 242 147 201 106 181 235 140 195 119 174 228 133 188 112 167 222 126 181 105 160 215 119 194 248 153 208 112 187 242 146 201 106 
164 231 169 165 127 114 120 107 113 139 146 152 182 188 175 161 187 0 229 133 208 112 167 222 126 201 106 160 215 120 194 249 153 208 133 187 112 166 221 126 180 105 159 214 119 193 248 153 207 112 
207 124 232 228 182 188 175 181 188 194 200 207 236 243 229 236 242 229 0 140 214 119 173 228 133 207 112 167 221 126 200 105 160 214 139 194 248 153 208 132 187 241 146 201 125 180 234 139 194 118 
119 186 124 140 237 243 230 236 242 118 125 111 141 147 134 140 147 133 140 0 201 105 160 215 139 194 249 153 208 132 187 242 146 221 125 180 235 139 214 119 173 228 133 207 112 166 221 126 200 105 
162 249 187 183 161 148 134 141 147 173 180 166 196 202 189 195 201 208 214 201 0 112 166 221 145 200 105 160 214 139 193 248 153 227 132 186 241 146 220 125 180 234 139 213 118 173 227 132 207 111 
225 142 100 246 216 203 209 195 202 228 234 241 101 107 113 100 106 112 119 105 112 0 173 227 132 187 111 166 221 125 200 104 159 214 118 193 247 152 207 112 186 241 145 200 105 179 234 138 193 248 
118 204 142 158 121 107 114 120 106 133 139 145 175 181 168 174 181 167 173 160 166 173 0 167 241 146 201 105 180 235 139 194 118 173 228 132 187 112 166 221 126 180 105 159 214 119 193 248 152 207 
160 117 205 201 175 182 168 175 181 187 194 200 230 236 223 229 235 222 228 215 221 227 167 0 248 152 227 132 186 241 165 220 125 179 234 158 213 118 173 227 152 206 111 166 220 145 199 104 159 213 
223 160 248 114 230 236 223 229 236 112 118 105 134 141 127 153 140 126 133 139 145 132 241 248 0 127 182 237 141 196 120 175 230 134 209 113 168 223 128 202 107 161 216 121 195 100 154 209 114 188 
116 222 160 176 154 141 128 134 140 166 173 159 189 195 182 208 195 201 207 194 200 187 146 152 127 0 208 113 167 242 146 201 106 180 235 140 194 249 173 228 133 187 242 166 221 126 180 235 160 214 
178 135 223 219 209 196 202 208 195 221 227 234 244 100 106 113 119 106 112 249 105 111 201 227 182 208 0 119 174 228 153 207 112 167 221 146 201 105 160 215 139 194 248 153 208 132 187 242 146 201 
221 177 116 131 114 100 107 113 100 126 132 138 168 174 161 167 174 160 167 153 160 166 105 132 237 113 119 0 200 124 179 233 138 193 117 172 227 131 186 110 165 220 124 179 104 158 213 137 192 247 
114 240 178 194 168 175 161 168 154 180 187 193 223 229 216 222 228 215 221 208 214 221 180 186 141 167 174 200 0 111 185 240 144 199 104 178 233 138 192 117 171 226 131 185 110 165 219 124 179 103 
176 152 241 237 223 229 216 222 209 105 111 248 127 134 120 146 133 120 126 132 139 125 235 241 196 242 228 124 111 0 172 226 131 205 110 165 220 124 199 103 158 213 117 192 246 151 206 110 185 240 
219 195 133 149 148 134 121 127 133 159 166 172 182 188 195 201 188 194 200 187 193 200 139 165 120 146 153 179 185 172 0 233 137 192 116 171 226 131 185 110 164 219 124 198 103 157 212 117 191 246 
112 108 196 192 202 189 195 201 188 214 220 227 237 243 249 106 112 249 105 242 248 104 194 220 175 201 207 233 240 226 233 0 144 198 103 158 212 137 192 246 151 206 130 185 239 144 199 123 178 233 
174 170 108 105 107 113 100 106 243 119 125 131 161 168 154 160 167 153 160 146 153 159 118 125 230 106 112 138 144 131 137 144 0 189 244 168 223 147 202 107 161 236 140 195 100 155 229 134 188 243 
217 213 151 167 162 168 155 161 147 193 200 186 216 222 209 215 222 208 214 221 227 214 173 179 134 180 167 193 199 205 192 198 189 0 199 103 158 213 118 192 247 151 206 111 185 240 144 199 104 178 
130 126 214 210 216 223 209 216 222 248 104 241 121 127 114 140 126 133 139 125 132 118 228 234 209 235 221 117 104 110 116 103 244 199 0 240 145 219 124 179 233 138 212 117 172 226 151 205 110 165 
173 168 126 122 141 127 114 140 127 153 159 165 175 182 188 194 181 187 194 180 186 193 132 158 113 140 146 172 178 165 171 158 168 103 240 0 151 206 110 165 240 144 199 104 158 233 137 192 247 151 
215 231 169 185 195 182 188 195 181 207 214 220 230 236 243 249 105 112 248 235 241 247 187 213 168 194 201 227 233 220 226 212 223 158 145 151 0 212 117 171 226 131 205 110 165 219 124 198 103 158 
128 144 232 228 100 106 243 249 236 112 118 125 154 161 147 154 160 166 153 139 146 152 112 118 223 249 105 131 138 124 131 137 147 213 219 206 212 0 103 158 233 137 192 247 171 226 130 185 240 164 
171 186 124 140 155 161 148 154 141 186 193 179 209 215 202 208 215 221 208 214 220 207 166 173 128 173 160 186 192 199 185 192 202 118 124 110 117 103 0 184 239 144 218 123 177 232 137 211 116 170 
233 249 187 203 209 216 202 209 215 241 247 234 114 120 126 133 119 126 132 119 125 112 221 227 202 228 215 110 117 103 110 246 107 192 179 165 171 158 184 0 225 150 205 109 164 238 143 198 102 157 
126 161 249 246 134 120 127 133 120 146 152 158 168 175 181 187 194 180 187 173 180 186 126 152 107 133 139 165 171 158 164 151 161 247 233 240 226 233 239 225 0 156 211 116 170 245 149 204 109 163 
169 123 142 158 189 195 181 188 174 200 207 213 223 229 236 242 248 105 241 228 234 241 180 206 161 187 194 220 226 213 219 206 236 151 138 144 131 137 144 150 156 0 237 142 216 121 175 230 135 209 
231 181 205 221 243 100 236 242 229 125 111 118 148 154 140 147 153 159 146 133 139 145 105 111 216 242 248 124 131 117 124 130 140 206 212 199 205 192 218 205 211 237 0 148 203 107 182 236 141 196 
124 244 117 113 148 154 141 147 134 180 186 172 202 209 195 221 208 214 201 207 213 200 159 166 121 166 153 179 185 192 198 185 195 111 117 104 110 247 123 109 116 142 148 0 209 114 188 243 167 242 
167 136 160 176 222 209 195 202 208 234 241 227 107 113 120 126 112 119 125 112 118 105 214 220 195 221 208 104 110 246 103 239 100 185 172 158 165 171 177 164 170 216 203 209 0 148 202 127 181 236 
229 199 223 219 127 114 120 126 113 159 145 152 162 168 174 181 187 193 180 166 173 179 119 145 100 126 132 158 165 151 157 144 155 240 226 233 219 226 232 238 245 121 107 114 148 0 209 113 168 242 
122 111 135 131 182 188 175 181 168 213 200 206 236 242 229 235 242 248 234 221 227 234 193 199 154 180 187 213 219 206 212 199 229 144 151 137 124 130 137 143 149 175 182 188 202 209 0 120 174 229 
185 154 178 194 236 243 229 236 222 118 105 111 141 147 134 140 146 153 139 126 132 138 248 104 209 235 242 137 124 110 117 123 134 199 205 192 198 185 211 198 204 230 236 243 127 113 120 0 161 216 
228 217 241 106 141 147 134 140 127 173 179 166 195 202 208 214 201 207 194 200 207 193 152 159 114 160 146 192 179 185 191 178 188 104 110 247 103 240 116 102 109 135 141 167 181 168 174 161 0 131 
120 110 153 149 215 202 189 195 201 227 234 220 100 106 113 119 106 112 118 105 111 248 207 213 188 214 201 247 103 240 246 233 243 178 165 151 158 164 170 157 163 209 196 242 236 242 229 216 131 0 

2499 0 31 2227
1312 0 31 2141
1963 0 31 1524
1443 1 31 2271
1596 1 31 2424
1947 1 31 1509
1297 2 31 2126
2518 2 31 2080
1972 2 31 1534
2253 3 31 1815
2207 3 31 1769
2061 3 31 1623
1878 4 31 1440
1565 4 31 2394
2453 4 32 2015
2271 5 32 1832
1725 5 32 1286
1476 5 32 2304
1293 31 32 2122
2181 31 32 1576
1635 31 32 2297
2163 32 33 1725
1416 32 33 2245
2204 32 33 1765
2261 33 34 1823
1948 33 34 1510
1402 33 34 2231
2123 33 34 1685
2464 34 35 2025
2151 34 35 1712
1604 34 35 2433
2326 34 35 1887
1796 35 36 1358
1740 35 36 1302
1594 35 36 2423
2315 35 36 1877
1769 35 36 1331
1396 36 37 2225
2117 36 37 1679
1738 36 37 2400
2459 36 37 1854
1913 36 37 1308
1964 37 38 1359
1585 37 38 2413
2473 37 38 2034
2093 37 38 1655
1880 37 38 1442
1931 38 39 1327
1552 38 39 2381
2440 38 39 2001
2227 38 39 1789
1848 38 39 1409
1635 38 39 2297
2363 39 40 1924
2150 39 40 1545
1771 39 40 1332
1391 39 40 2220
2446 39 40 1841
2066 39 40 1628
1497 40 41 2325
2385 40 41 1946
2172 40 41 1733
1792 40 41 1354
1580 40 41 2242
2468 40 41 2029
1809 40 41 1371
1832 41 42 2493
1452 41 42 2281
2340 41 42 1902
2127 41 42 1689
1748 41 42 1310
1369 41 42 2197
2423 41 42 1985
1430 42 43 2258
2317 42 43 1879
2105 42 43 1500
1725 42 43 1287
1346 42 43 2174
2400 42 43 1962
2021 42 43 1583
2098 43 44 1659
1885 43 44 1447
1506 43 44 2334
2394 43 44 1955
2181 43 44 1742
1801 43 44 1363
1422 43 44 2251
2477 43 44 2038
2099 44 45 1494
1720 44 45 1282
1340 44 45 2169
2395 44 45 1790
2016 44 45 1577
1636 44 45 2465
1424 44 45 2085
2311 44 45 1873
1964 45 46 1526
1752 45 46 1313
1372 45 46 2201
2427 45 46 1822
2047 45 46 1609
1668 45 46 2496
1288 45 46 2117
2343 45 46 1905
1964 45 46 1525
2233 46 47 1794
2020 46 47 1415
1641 46 47 2469
2529 46 47 2090
2316 46 47 1877
1937 46 47 1498
1557 46 47 2386
1344 46 47 2006
2232 46 47 1794
1431 47 48 2260
2319 47 48 1880
2106 47 48 1501
1727 47 48 2389
1347 47 48 2176
2235 47 48 1797
2023 47 48 1584
1643 47 48 2472
1430 47 48 2092
1700 48 49 2362
1320 48 49 2149
2208 48 49 1770
1995 48 49 1390
1616 48 49 2445
2504 48 49 2065
1372 48 49 2200
1326 48 49 2154
2380 48 49 1942
2001 48 49 1562
2266 49 0 1827
1720 49 0 1281
2441 49 0 2002
1895 49 0 1456
1515 49 0 2177
2236 49 0 1631
1690 49 0 2519
2411 49 0 1973
1865 49 0 1427
1319 49 0 2148

15689

0 965 48
1 782 34
2 480 36
3 278 20
4 690 21
5 350 42
6 367 31
7 837 46
8 657 31
9 652 26
10 669 45
11 389 30
12 959 44
13 679 29
14 400 44
15 871 33
16 592 48
17 428 38
18 997 23
19 718 38
20 438 23
21 909 38
22 630 27
23 351 41
24 821 26
25 542 41
26 361 26
27 832 41
28 553 30
29 274 45
30 744 30
31 564 44
32 284 29
33 831 32
34 493 47
35 509 32
36 980 21
37 701 36
38 421 21
39 991 36
40 711 24
41 432 39
42 903 24
43 624 39
44 443 24
45 914 39
46 634 24
47 355 42
48 826 27
49 547 42
