50 144 5

0 220 109 128 167 206 245 134 153 192 101 140 198 107 146 205 114 153 211 120 159 238 127 185 244 133 172 231 120 198 107 146 205 113 152 211 100 159 217 106 165 224 133 172 230 139 178 237 126 184 
220 0 100 184 223 242 131 170 229 118 176 235 144 183 241 150 209 248 157 215 124 183 222 131 197 236 145 204 243 151 190 249 158 216 105 184 223 132 190 229 138 197 236 164 203 112 171 229 118 177 
109 100 0 203 111 170 209 118 177 235 144 183 242 151 189 248 157 216 124 163 222 131 170 229 137 196 105 163 202 111 150 209 118 176 215 124 183 222 130 189 228 157 196 104 163 202 111 170 208 117 
128 184 203 0 241 130 189 248 137 195 104 143 202 110 149 228 117 176 234 123 182 241 130 208 117 156 215 104 162 221 110 189 227 136 175 234 143 182 240 149 208 117 156 214 123 162 221 129 188 247 
167 223 111 241 0 110 168 207 116 175 214 123 181 240 149 188 246 155 194 103 162 220 129 168 227 136 175 233 142 201 109 168 207 116 155 214 122 181 240 148 187 246 155 194 103 161 220 129 168 227 
206 242 170 130 110 0 168 207 116 174 213 122 181 220 128 187 246 135 194 102 161 200 109 167 226 115 174 233 122 180 219 128 187 246 134 213 102 161 219 108 167 226 115 193 232 141 200 239 147 206 
245 131 209 189 168 168 0 186 245 154 213 121 160 219 108 167 226 134 193 102 141 199 108 147 206 115 173 232 121 180 238 127 186 245 134 193 101 140 199 108 147 225 114 173 232 121 179 238 147 206 
134 170 118 248 207 207 186 0 245 134 192 101 160 199 107 166 225 134 173 231 140 179 238 146 205 114 153 212 120 159 218 147 186 244 153 192 101 140 198 107 146 205 114 172 211 120 179 237 126 185 
153 229 177 137 116 116 245 245 0 113 172 231 120 198 237 146 205 244 152 211 100 178 217 126 185 224 133 191 230 159 217 106 165 204 113 172 211 139 198 237 145 204 243 152 191 119 178 217 126 185 
192 118 235 195 175 174 154 134 113 0 171 230 119 178 236 125 184 243 152 210 249 158 217 106 164 223 132 191 230 138 197 106 145 204 112 171 230 119 177 236 125 184 243 151 210 119 158 216 105 164 
101 176 144 104 214 213 213 192 172 171 0 229 118 177 236 125 184 242 151 190 249 157 196 105 164 223 131 170 229 138 177 235 144 203 112 151 209 118 137 196 105 163 222 131 170 229 137 176 235 144 
140 235 183 143 123 122 121 101 231 230 229 0 248 157 196 184 223 132 171 230 139 178 236 165 204 112 171 210 119 178 217 145 184 243 151 190 127 166 205 113 172 211 120 179 218 126 185 244 153 192 
198 144 242 202 181 181 160 160 120 119 118 248 0 224 113 172 231 120 178 237 126 205 243 152 211 100 159 217 106 185 244 133 191 230 139 198 237 165 224 113 172 230 119 178 217 126 184 243 132 191 
107 183 151 110 240 220 219 199 198 178 177 157 224 0 243 152 191 249 158 217 106 164 203 112 171 210 119 177 236 145 184 242 151 190 249 158 216 125 184 223 131 170 229 158 177 236 144 203 242 151 
146 241 189 149 149 128 108 107 237 236 236 196 113 243 0 111 170 229 118 177 235 124 183 242 131 209 248 157 216 105 163 222 111 190 248 137 196 235 144 202 241 170 229 118 176 235 124 183 222 150 
205 150 248 228 188 187 167 166 146 125 125 184 172 152 111 0 170 228 137 176 235 124 182 241 130 189 248 137 195 104 163 221 110 169 228 117 176 234 143 182 241 150 188 247 136 195 104 162 221 130 
114 209 157 117 246 246 226 225 205 184 184 223 231 191 170 170 0 188 247 156 195 123 182 221 130 188 227 136 175 103 162 201 110 169 208 116 175 234 142 181 240 149 188 247 155 214 103 162 201 109 
153 248 216 176 155 135 134 134 244 243 242 132 120 249 229 228 188 0 246 155 214 103 161 200 109 168 227 135 194 233 142 200 239 148 207 116 174 213 122 181 240 129 187 246 155 213 102 161 220 109 
211 157 124 234 194 194 193 173 152 152 151 171 178 158 118 137 247 246 0 135 174 232 141 180 239 148 206 115 154 213 121 160 219 128 187 245 154 193 102 141 199 128 167 226 134 173 232 141 180 108 
120 215 163 123 103 102 102 231 211 210 190 230 237 217 177 176 156 155 135 0 193 232 140 179 238 147 186 245 153 192 101 179 218 127 166 225 134 192 231 160 199 108 166 205 114 173 212 140 179 238 
159 124 222 182 162 161 141 140 100 249 249 139 126 106 235 235 195 214 174 193 0 231 140 199 238 146 205 244 153 192 100 159 218 107 166 224 113 192 231 139 198 237 146 205 244 172 211 120 178 217 
238 183 131 241 220 200 199 179 178 158 157 178 205 164 124 124 123 103 232 232 231 0 119 178 237 126 185 160 179 218 127 166 224 133 172 100 159 198 107 166 205 113 152 124 183 222 130 189 248 117 
127 222 170 130 129 109 108 238 217 217 196 236 243 203 183 182 182 161 141 140 140 119 0 228 137 195 104 163 202 110 169 208 117 176 234 143 182 241 150 189 247 156 215 123 162 221 130 169 228 136 
185 131 229 208 168 167 147 146 126 106 105 165 152 112 242 241 221 200 180 179 199 178 228 0 136 195 234 142 181 240 149 208 247 155 214 103 162 220 109 188 227 136 194 233 142 201 240 168 207 116 
244 197 137 117 227 226 206 205 185 164 164 204 211 171 131 130 130 109 239 238 238 237 137 136 0 155 213 122 161 239 128 187 246 135 194 102 141 220 129 168 226 115 174 233 122 200 109 148 207 115 
133 236 196 156 136 115 115 114 224 223 223 112 100 210 209 189 188 168 148 147 146 126 195 195 155 0 213 121 180 239 128 187 245 154 193 102 160 219 108 167 226 134 173 102 141 200 108 147 206 115 
172 145 105 215 175 174 173 153 133 132 131 171 159 119 248 248 227 227 206 186 205 185 104 234 213 213 0 121 180 219 127 166 225 153 192 101 160 199 108 166 205 134 173 231 140 179 238 147 186 114 
231 204 163 104 233 233 232 212 191 191 170 210 217 177 157 137 136 135 115 245 244 160 163 142 122 121 121 0 179 218 127 185 244 153 192 100 159 198 107 185 224 133 172 231 140 179 237 166 205 113 
120 243 202 162 142 122 121 120 230 230 229 119 106 236 216 195 175 194 154 153 153 179 202 181 161 180 180 179 0 217 126 185 224 132 191 100 139 198 106 165 204 113 171 230 119 198 237 145 204 243 
198 151 111 221 201 180 180 159 159 138 138 178 185 145 105 104 103 233 213 192 192 218 110 240 239 239 219 218 217 0 125 184 223 132 191 249 158 217 106 164 223 112 171 230 138 197 106 145 203 242 
107 190 150 110 109 219 238 218 217 197 177 217 244 184 163 163 162 142 121 101 100 127 169 149 128 128 127 127 126 125 0 183 242 151 210 249 157 216 105 164 222 131 190 229 138 196 105 144 203 112 
146 249 209 189 168 128 127 147 106 106 235 145 133 242 222 221 201 200 160 179 159 166 208 208 187 187 166 185 185 184 183 0 242 131 189 248 137 196 104 120 199 108 147 205 114 153 212 120 179 238 
205 158 118 227 207 187 186 186 165 145 144 184 191 151 111 110 110 239 219 218 218 224 117 247 246 245 225 244 224 223 242 242 0 217 126 185 244 152 211 100 159 218 107 165 224 133 191 230 139 198 
113 216 176 136 116 246 245 244 204 204 203 243 230 190 190 169 169 148 128 127 107 133 176 155 135 154 153 153 132 132 151 131 217 0 126 184 243 132 191 249 138 197 106 165 204 112 151 210 119 158 
152 105 215 175 155 134 134 153 113 112 112 151 139 249 248 228 208 207 187 166 166 172 234 214 194 193 192 192 191 191 210 189 126 126 0 164 203 112 170 209 118 177 236 125 183 222 131 190 229 157 
211 184 124 234 214 213 193 192 172 171 151 190 198 158 137 117 116 116 245 225 224 100 143 103 102 102 101 100 100 249 249 248 185 184 164 0 202 111 150 209 117 176 235 124 183 241 130 209 248 157 
100 223 183 143 122 102 101 101 211 230 209 127 237 216 196 176 175 174 154 134 113 159 182 162 141 160 160 159 139 158 157 137 244 243 203 202 0 110 149 208 117 156 215 123 162 241 130 188 247 156 
159 132 222 182 181 161 140 140 139 119 118 166 165 125 235 234 234 213 193 192 192 198 241 220 220 219 199 198 198 217 216 196 152 132 112 111 110 0 149 188 246 155 194 123 181 220 129 168 227 136 
217 190 130 240 240 219 199 198 198 177 137 205 224 184 144 143 142 122 102 231 231 107 150 109 129 108 108 107 106 106 105 104 211 191 170 150 149 149 0 207 246 155 194 102 161 200 109 167 226 135 
106 229 189 149 148 108 108 107 237 236 196 113 113 223 202 182 181 181 141 160 139 166 189 188 168 167 166 185 165 164 164 120 100 249 209 209 208 188 207 0 245 154 213 102 160 219 108 167 226 115 
165 138 228 208 187 167 147 146 145 125 105 172 172 131 241 241 240 240 199 199 198 205 247 227 226 226 205 224 204 223 222 199 159 138 118 117 117 246 246 245 0 134 192 101 140 218 127 166 225 114 
224 197 157 117 246 226 225 205 204 184 163 211 230 170 170 150 149 129 128 108 237 113 156 136 115 134 134 133 113 112 131 108 218 197 177 176 156 155 155 154 134 0 172 100 139 198 107 146 205 113 
133 236 196 156 155 115 114 114 243 243 222 120 119 229 229 188 188 187 167 166 146 152 215 194 174 173 173 172 171 171 190 147 107 106 236 235 215 194 194 213 192 172 0 167 226 134 173 232 141 199 
172 164 104 214 194 193 173 172 152 151 131 179 178 158 118 247 247 246 226 205 205 124 123 233 233 102 231 231 230 230 229 205 165 165 125 124 123 123 102 102 101 100 167 0 225 134 192 101 160 199 
230 203 163 123 103 232 232 211 191 210 170 218 217 177 176 136 155 155 134 114 244 183 162 142 122 141 140 140 119 138 138 114 224 204 183 183 162 181 161 160 140 139 226 225 0 113 172 231 120 178 
139 112 202 162 161 141 121 120 119 119 229 126 126 236 235 195 214 213 173 173 172 222 221 201 200 200 179 179 198 197 196 153 133 112 222 241 241 220 200 219 218 198 134 134 113 0 171 230 119 178 
178 171 111 221 220 200 179 179 178 158 137 185 184 144 124 104 103 102 232 212 211 130 130 240 109 108 238 237 237 106 105 212 191 151 131 130 130 129 109 108 127 107 173 192 172 171 0 229 138 197 
237 229 170 129 129 239 238 237 217 216 176 244 243 203 183 162 162 161 141 140 120 189 169 168 148 147 147 166 145 145 144 120 230 210 190 209 188 168 167 167 166 146 232 101 231 230 229 0 138 196 
126 118 208 188 168 147 147 126 126 105 235 153 132 242 222 221 201 220 180 179 178 248 228 207 207 206 186 205 204 203 203 179 139 119 229 248 247 227 226 226 225 205 141 160 120 119 138 138 0 196 
184 177 117 247 227 206 206 185 185 164 144 192 191 151 150 130 109 109 108 238 217 117 136 116 115 115 114 113 243 242 112 238 198 158 157 157 156 136 135 115 114 113 199 199 178 178 197 196 196 0 

0 217 189 200 105 159 242 146 201 106 160 215 120 174 229 134 188 243 148 203 107 162 217 121 176 231 135 190 225 149 184 109 144 198 103 158 212 117 172 226 131 186 241 145 200 105 159 214 119 173 
217 0 227 127 182 106 161 216 140 195 249 154 229 133 188 243 147 222 126 181 236 140 215 120 174 229 134 208 113 167 222 127 201 106 160 215 120 194 249 154 208 133 187 242 147 201 126 181 235 140 
189 227 0 141 196 101 155 230 135 189 244 149 223 128 182 237 161 216 121 176 230 155 209 114 169 223 148 202 107 162 216 141 196 100 155 210 134 189 243 148 222 127 182 237 141 216 120 175 230 134 
200 127 141 0 183 135 189 244 149 203 128 182 237 142 197 121 176 230 135 209 114 169 223 128 203 107 162 217 121 196 100 155 210 114 189 244 148 203 108 182 237 141 196 101 175 230 134 189 244 168 
105 182 196 183 0 121 176 231 135 210 114 169 224 128 203 108 162 217 141 196 101 155 210 134 189 244 149 203 128 182 237 142 196 121 175 230 135 189 114 169 223 128 183 107 162 216 121 196 100 155 
159 106 101 135 121 0 163 217 142 196 101 156 210 135 189 244 149 223 128 183 237 142 216 121 176 230 135 210 114 169 224 128 203 107 162 217 121 196 101 155 210 115 189 244 148 203 127 182 237 141 
242 161 155 189 176 163 0 224 128 183 238 162 217 121 176 231 155 210 115 169 224 148 203 108 162 217 141 196 101 155 210 135 189 244 149 203 128 182 237 142 196 121 176 230 135 209 114 169 223 128 
146 216 230 244 231 217 224 0 115 170 244 149 203 108 163 237 142 196 101 156 230 135 190 244 149 223 128 183 237 142 217 121 176 231 135 210 114 169 224 148 203 107 162 217 141 196 101 155 210 134 
201 140 135 149 135 142 128 115 0 176 231 135 190 245 169 224 128 183 238 162 217 122 176 231 155 210 115 169 224 148 203 108 162 217 142 196 101 156 230 135 189 244 149 223 128 183 237 142 216 121 
106 195 189 203 210 196 183 170 176 0 107 161 216 121 175 100 154 209 114 188 243 148 202 107 181 236 141 195 100 174 229 134 189 113 168 222 127 182 106 161 215 120 195 249 154 209 113 188 242 147 
160 249 244 128 114 101 238 244 231 107 0 105 160 234 139 193 248 173 227 132 187 241 166 220 125 180 104 159 213 118 173 247 152 207 111 186 240 145 200 104 179 234 138 193 248 172 227 131 186 241 
215 154 149 182 169 156 162 149 135 161 105 0 166 221 125 200 104 159 214 118 193 248 152 207 131 186 241 145 200 124 179 234 139 193 118 172 227 132 186 111 165 220 125 180 104 159 213 118 192 247 
120 229 223 237 224 210 217 203 190 216 160 166 0 207 132 186 241 146 200 125 179 234 139 213 118 173 227 132 206 111 166 220 125 200 104 159 214 118 193 247 152 207 131 186 241 145 200 124 179 234 
174 133 128 142 128 135 121 108 245 121 234 221 207 0 118 173 228 152 207 111 166 221 145 200 105 159 214 138 193 248 152 207 131 186 241 146 200 125 179 234 139 213 118 172 227 132 206 111 166 220 
229 188 182 197 203 189 176 163 169 175 139 125 132 118 0 160 234 139 193 248 153 227 132 186 241 146 220 125 180 234 139 213 118 173 227 152 207 111 166 221 145 200 104 159 233 138 193 247 152 227 
134 243 237 121 108 244 231 237 224 100 193 200 186 173 160 0 221 125 180 235 159 214 118 173 228 152 207 112 166 241 145 200 105 159 234 138 193 248 172 227 132 186 241 165 220 125 179 234 159 213 
188 147 161 176 162 149 155 142 128 154 248 104 241 228 234 221 0 112 167 241 146 200 105 179 234 139 193 248 173 227 132 187 241 166 220 125 180 104 159 214 118 173 247 152 207 111 186 240 145 200 
243 222 216 230 217 223 210 196 183 209 173 159 146 152 139 125 112 0 173 228 132 187 111 166 221 125 180 104 159 214 118 193 248 152 207 112 186 241 145 200 125 179 234 139 193 118 172 227 132 186 
148 126 121 135 141 128 115 101 238 114 227 214 200 207 193 180 167 173 0 214 119 193 248 153 207 132 186 241 146 200 125 180 234 139 213 118 173 227 132 206 111 166 220 125 200 104 159 214 118 193 
203 181 176 209 196 183 169 156 162 188 132 118 125 111 248 235 241 228 214 0 125 180 235 139 214 118 173 228 132 207 111 166 221 145 200 105 159 214 138 193 248 152 207 131 186 241 146 200 125 179 
107 236 230 114 101 237 224 230 217 243 187 193 179 166 153 159 146 132 119 125 0 210 115 190 244 149 204 128 183 237 142 197 121 176 231 135 190 114 169 224 128 183 107 162 217 122 176 101 155 210 
162 140 155 169 155 142 148 135 122 148 241 248 234 221 227 214 200 187 193 180 210 0 122 176 231 136 210 115 169 224 129 203 108 162 217 122 196 101 156 210 135 189 244 149 203 128 183 237 142 216 
217 215 209 223 210 216 203 190 176 202 166 152 139 145 132 118 105 111 248 235 115 122 0 202 107 181 236 141 195 100 174 229 134 189 243 168 222 127 182 236 161 215 120 175 230 154 209 113 168 223 
121 120 114 128 134 121 108 244 231 107 220 207 213 200 186 173 179 166 153 139 190 176 202 0 113 168 223 127 182 106 161 216 120 175 100 154 209 114 168 243 147 202 107 161 236 141 195 100 174 229 
176 174 169 203 189 176 162 149 155 181 125 131 118 105 241 228 234 221 207 214 244 231 107 113 0 155 209 114 188 243 148 202 107 181 236 141 196 100 175 229 134 189 243 168 222 127 182 106 161 216 
231 229 223 107 244 230 217 223 210 236 180 186 173 159 146 152 139 125 132 118 149 136 181 168 155 0 235 140 195 119 174 228 133 188 112 167 222 126 181 105 160 215 119 174 249 153 208 113 187 242 
135 134 148 162 149 135 141 128 115 141 104 241 227 214 220 207 193 180 186 173 204 210 236 223 209 235 0 127 201 106 160 215 120 194 249 153 208 113 187 242 147 201 126 180 235 140 194 119 174 228 
190 208 202 217 203 210 196 183 169 195 159 145 132 138 125 112 248 104 241 228 128 115 141 127 114 140 127 0 227 132 186 241 166 220 125 180 234 159 213 118 173 227 152 206 111 166 240 145 200 104 
225 113 107 121 128 114 101 237 224 100 213 200 206 193 180 166 173 159 146 132 183 169 195 182 188 195 201 227 0 118 173 247 152 207 111 166 241 145 200 105 179 234 138 193 248 172 227 132 186 241 
149 167 162 196 182 169 155 142 148 174 118 124 111 248 234 241 227 214 200 207 237 224 100 106 243 119 106 132 118 0 179 234 139 208 207 112 167 221 126 200 125 179 234 158 213 138 192 117 171 226 
184 222 216 100 237 224 210 217 203 229 173 179 166 152 139 145 132 118 125 111 142 129 174 161 148 174 160 186 173 179 0 140 195 119 174 229 133 208 112 167 222 126 201 106 160 215 120 194 249 153 
109 127 141 155 142 128 135 121 108 134 247 234 220 207 213 200 187 193 180 166 197 203 229 216 202 228 215 241 247 234 140 0 241 165 220 124 199 103 158 213 118 192 247 151 206 111 185 240 144 199 
144 201 196 210 196 203 189 176 162 189 152 139 125 131 118 105 241 248 234 221 121 108 134 120 107 133 120 166 152 139 195 241 0 152 206 131 185 240 145 199 124 179 233 138 193 117 172 226 131 205 
198 106 100 114 121 107 244 231 217 113 207 193 200 186 173 159 166 152 139 145 176 162 189 175 181 188 194 220 207 208 119 165 152 0 213 117 172 227 131 206 110 165 220 124 199 120 195 249 154 209 
103 160 155 189 175 162 149 135 142 168 111 118 104 241 227 234 220 207 213 200 231 217 243 100 236 112 249 125 111 207 174 220 206 213 0 152 215 127 170 233 145 188 101 143 206 118 161 224 136 179 
158 215 210 244 230 217 203 210 196 222 186 172 159 146 152 138 125 112 118 105 135 122 168 154 141 167 153 180 166 112 229 124 131 117 152 0 231 124 186 249 141 204 116 159 222 115 177 240 132 195 
212 120 134 148 135 121 128 114 101 127 240 227 214 200 207 193 180 186 173 159 190 196 222 209 196 222 208 234 241 167 133 199 185 172 215 231 0 159 202 114 177 220 132 195 238 150 193 105 168 211 
117 194 189 203 189 196 182 169 156 182 145 132 118 125 111 248 104 241 227 214 114 101 127 114 100 126 113 159 145 221 208 103 240 227 127 124 159 0 218 130 193 236 148 191 104 166 209 121 164 227 
172 249 243 108 114 101 237 224 230 106 200 186 193 179 166 172 159 145 132 138 169 156 182 168 175 181 187 213 200 126 112 158 145 131 170 186 202 218 0 103 145 208 121 163 226 138 181 244 137 199 
226 154 148 182 169 155 142 148 135 161 104 111 247 234 221 227 214 200 206 193 224 210 236 243 229 105 242 118 105 200 167 213 199 206 233 249 114 130 103 0 161 204 117 179 222 135 197 240 152 215 
131 208 222 237 223 210 196 203 189 215 179 165 152 139 145 132 118 125 111 248 128 135 161 147 134 160 147 173 179 125 222 118 124 110 145 141 177 193 145 161 0 240 133 195 108 150 213 125 168 231 
186 133 127 141 128 115 121 107 244 120 234 220 207 213 200 186 173 179 166 152 183 189 215 202 189 215 201 227 234 179 126 192 179 165 188 204 220 236 208 204 240 0 188 100 143 206 118 161 224 136 
241 187 182 196 183 189 176 162 149 195 138 125 131 118 104 241 247 234 220 207 107 244 120 107 243 119 126 152 138 234 201 247 233 220 101 116 132 148 121 117 133 188 0 116 179 222 134 197 109 152 
145 242 237 101 107 244 230 217 223 249 193 180 186 172 159 165 152 139 125 131 162 149 175 161 168 174 180 206 193 158 106 151 138 124 143 159 195 191 163 179 195 100 116 0 195 237 150 213 105 168 
200 147 141 175 162 148 135 141 128 154 248 104 241 227 233 220 207 193 200 186 217 203 230 236 222 249 235 111 248 213 160 206 193 199 206 222 238 104 226 222 108 143 179 195 0 103 166 209 121 184 
105 201 216 230 216 203 209 196 183 209 172 159 145 132 138 125 111 118 104 241 122 128 154 141 127 153 140 166 172 138 215 111 117 120 118 115 150 166 138 135 150 206 222 237 103 0 182 225 137 200 
159 126 120 134 121 127 114 101 237 113 227 213 200 206 193 179 186 172 159 146 176 183 209 195 182 208 194 240 227 192 120 185 172 195 161 177 193 209 181 197 213 118 134 150 166 182 0 240 153 215 
214 181 175 189 196 182 169 155 142 188 131 118 124 111 247 234 240 227 214 200 101 237 113 100 106 113 119 145 132 117 194 240 226 249 224 240 105 121 244 240 125 161 197 213 209 225 240 0 169 231 
119 235 230 244 100 237 223 210 216 242 186 192 179 166 152 159 145 132 118 125 155 142 168 174 161 187 174 200 186 171 249 144 131 154 136 132 168 164 137 152 168 224 109 105 121 137 153 169 0 227 
173 140 134 168 155 141 128 134 121 147 241 247 234 220 227 213 200 186 193 179 210 216 223 229 216 242 228 104 241 226 153 199 205 209 179 195 211 227 199 215 231 136 152 168 184 200 215 231 227 0 

2380 0 17 1682
2061 0 17 1362
2143 0 17 1444
2025 0 43 1327
1746 0 43 2474
1497 0 43 2059
1483 0 43 2045
1369 0 43 1931
1451 1 43 2013
2296 1 43 1598
1454 1 43 2016
1871 1 43 2434
2123 1 43 1424
1281 1 43 1842
1532 1 43 2094
1784 1 43 2512
2297 2 43 1599
2347 2 43 1815
1505 2 43 2067
1757 2 43 2485
2008 2 43 1476
2426 2 43 1728
1584 2 44 2146
1835 2 44 2398
2017 3 44 1485
1672 3 44 2235
1924 3 44 1391
2341 3 44 1643
1333 3 44 1895
1751 3 44 2313
2002 3 44 1304
2254 3 44 1556
1342 4 44 1904
2480 4 44 1782
1472 4 44 2200
1890 4 44 2452
2141 4 44 1609
1299 4 44 1861
1551 4 44 2113
1968 4 44 1270
2150 5 45 1452
1639 5 45 2368
2057 5 45 1358
2308 5 45 1776
1466 5 45 2028
1718 5 45 2280
2135 5 45 1437
2387 5 45 1689
1379 5 45 2107
1726 6 45 2289
1978 6 45 1280
2396 6 45 1698
1388 6 45 1950
1805 6 45 2368
2057 6 45 1358
2308 6 45 1776
1466 6 45 2028
1718 6 45 2280
2065 7 45 1367
2317 7 46 1619
1309 7 46 2037
1727 7 46 2289
1978 7 46 1446
2396 7 46 1698
1388 7 46 1950
2422 7 46 1724
2077 7 46 1379
2425 8 46 1727
1417 8 46 1979
1668 8 46 2397
2086 8 46 1387
2337 8 46 1640
1330 8 46 2058
1747 8 46 2310
1999 8 46 1300
2416 8 46 1718
1338 9 46 2066
1756 9 47 2318
2007 9 47 1309
2425 9 47 1727
1417 9 47 1979
1669 9 47 2231
2086 9 47 1388
2338 9 47 1640
1330 9 47 2058
1677 10 47 2240
1929 10 47 1396
2346 10 47 1648
1339 10 47 2066
1756 10 47 2319
2008 10 47 1309
2259 10 47 1727
1417 10 47 1979
1669 10 47 2231
2016 11 47 1318
2268 11 47 1736
1426 11 48 1988
1678 11 48 2240
2095 11 48 1397
2347 11 48 1649
1339 11 48 1901
1756 11 48 2319
2008 11 48 1309
2260 11 48 1727
1348 12 48 1910
1599 12 48 2328
2017 12 48 1318
2268 12 48 1736
1426 12 48 1988
1678 12 48 2240
1929 12 48 1397
2347 12 48 1649
1339 12 48 1901
1756 12 48 2319
1938 13 48 1406
2190 13 49 1658
1348 13 49 1910
1765 13 49 2328
2017 13 49 1318
2268 13 49 1570
1426 13 49 1988
1678 13 49 2240
1930 13 49 1397
2347 13 49 1649
1269 14 49 1831
1687 14 49 2249
1938 14 49 2501
2356 14 49 1658
1348 14 49 1910
2508 14 49 1976
1666 14 49 2228
1918 14 49 2480
2335 14 49 1637
2421 14 0 1723
2437 15 0 1739
2453 16 0 1756
2470 17 0 1938
2486 43 0 1954
1408 44 0 1970
1590 45 0 2152
1606 46 0 2169
1788 47 0 2351
1804 48 0 2367
1820 49 0 1288

14786

0 656 30
1 473 34
2 527 24
3 502 20
4 499 37
5 356 31
6 412 33
7 922 35
8 682 38
9 322 20
10 378 33
11 434 49
12 845 35
13 605 48
14 365 34
15 875 21
16 536 37
17 707 29
18 467 46
19 977 32
20 737 45
21 497 31
22 257 48
23 668 30
24 428 46
25 938 33
26 698 49
27 359 32
28 869 48
29 629 35
30 389 47
31 801 34
32 560 20
33 771 48
34 531 31
35 291 47
36 702 34
37 462 20
38 972 33
39 732 49
40 393 36
41 903 48
42 663 35
43 423 21
44 834 38
45 594 20
46 354 36
47 766 23
48 526 35
49 285 22
