10 25 3

0 127 125 104 103 121 100 248 227 226 
153 0 190 208 187 225 133 171 209 247 
155 173 0 210 118 156 214 102 140 237 
145 183 241 0 230 248 136 214 121 159 
217 125 163 221 0 186 244 132 170 228 
136 194 232 159 217 0 143 201 239 147 
204 132 190 228 116 174 0 119 158 105 
163 201 239 146 185 242 130 0 116 173 
211 119 157 215 103 200 238 127 0 222 
130 188 226 114 172 210 118 156 194 0 

0 167 173 199 225 120 146 105 131 177 
143 0 226 232 199 244 140 186 231 127 
244 159 0 171 197 243 138 184 230 125 
234 130 175 0 109 154 200 246 141 187 
146 191 237 133 0 117 163 208 104 150 
108 154 200 245 141 0 126 171 217 113 
221 117 163 208 104 150 0 233 129 174 
133 179 224 120 166 211 237 0 242 137 
104 149 195 221 117 162 208 104 0 108 
224 120 166 211 107 153 198 224 120 0 

255 0 4 481
370 0 4 417
464 0 4 479
372 0 4 418
288 0 4 333
471 0 4 273
289 1 4 302
256 1 4 269
402 1 4 449
407 1 4 453
374 1 4 420
412 1 4 458
441 2 4 455
344 2 4 358
247 2 4 260
394 2 4 408
297 2 4 310
327 2 4 341
248 3 4 293
395 3 4 441
298 3 4 344
445 3 4 246
348 3 4 394
251 3 4 296
415 4 0 462

2677

0 308 48
1 254 42
2 812 41
3 838 35
4 533 26
5 537 26
6 528 47
7 638 42
8 609 33
9 297 24
