10 26 3

0 248 235 112 119 126 113 120 107 114 
141 0 154 161 149 175 182 209 235 151 
198 205 0 238 115 161 188 104 111 138 
184 211 107 0 160 226 123 149 176 203 
249 145 172 238 0 161 188 214 111 137 
164 100 126 153 180 0 103 129 176 242 
138 165 191 218 114 141 0 104 130 157 
203 230 126 153 180 246 142 0 195 222 
118 165 191 107 134 180 207 234 0 157 
183 119 146 172 199 245 122 149 195 0 

0 128 119 220 108 166 205 243 131 189 
101 0 213 204 171 138 125 218 205 173 
112 233 0 112 249 192 179 147 133 120 
163 130 117 0 126 243 230 217 184 171 
213 181 167 154 0 235 202 189 176 143 
185 172 159 126 113 0 194 161 148 135 
177 144 131 118 235 222 0 231 199 186 
228 195 182 169 136 123 110 0 190 157 
168 135 122 109 226 213 180 167 0 248 
108 225 212 179 166 134 121 108 225 0 

437 0 3 376
343 0 3 311
267 0 3 479
286 0 3 466
470 0 3 474
337 1 3 305
445 1 3 416
434 1 3 404
366 1 9 335
284 1 9 464
297 2 9 264
261 2 9 472
432 2 9 403
396 2 9 333
328 2 9 264
253 3 9 432
424 3 9 362
412 3 9 368
362 3 9 299
295 3 9 475
467 9 0 439
387 9 0 324
445 9 0 416
264 9 0 443
466 9 0 406
399 9 0 336

2835

0 265 34
1 669 39
2 876 20
3 394 20
4 959 44
5 614 33
6 390 24
7 424 49
8 358 39
9 722 27
