10 19 3

0 237 224 211 218 205 212 239 226 213 
248 0 111 118 105 132 159 185 212 108 
155 142 0 195 242 118 145 171 218 244 
141 207 234 0 157 183 230 106 133 199 
245 122 168 195 0 118 145 211 237 134 
160 187 233 110 137 0 249 126 152 199 
245 122 148 214 111 137 0 191 237 114 
160 226 103 149 176 202 229 0 152 218 
115 141 188 214 241 137 164 230 0 153 
180 206 103 129 156 242 118 145 172 0 

0 180 111 212 120 178 236 144 183 241 
172 0 205 137 214 142 200 183 241 149 
160 237 0 227 135 193 101 179 237 145 
108 186 244 0 174 232 160 218 126 184 
167 225 133 191 0 212 120 178 106 164 
127 185 113 171 229 0 100 158 216 124 
107 165 223 131 189 247 0 197 105 183 
146 204 112 170 228 156 214 0 235 143 
225 133 191 249 177 235 143 201 0 222 
153 231 139 197 105 163 241 149 207 0 

306 0 7 261
325 0 7 279
345 0 7 299
298 1 7 285
449 1 7 402
313 1 7 299
457 7 8 441
269 7 8 256
362 7 8 315
486 7 8 470
306 8 9 473
425 8 9 410
361 8 9 347
421 8 9 374
438 9 0 422
374 9 0 359
434 9 0 386
330 9 0 252
488 9 0 407

3611

0 587 29
1 833 27
2 428 48
3 991 29
4 807 49
5 263 22
6 789 43
7 823 38
8 758 28
9 943 36
