10 27 5

0 173 179 146 113 191 118 196 214 201 
207 0 149 167 244 121 167 134 211 119 
125 183 0 105 123 169 156 131 177 104 
201 208 143 0 203 139 216 144 130 247 
123 181 109 233 0 136 103 239 100 106 
184 111 189 116 221 0 143 169 207 142 
208 195 241 164 123 130 0 214 200 207 
233 121 238 166 172 147 114 0 158 105 
211 106 113 179 224 211 237 224 0 229 
192 147 185 231 147 204 179 127 204 0 

0 221 183 173 148 150 223 198 236 179 
129 0 121 194 117 100 153 167 201 104 
142 124 0 156 150 145 119 153 187 110 
155 248 140 0 136 150 145 249 192 195 
240 203 217 199 0 188 221 235 249 133 
238 201 144 237 179 0 117 111 176 249 
196 120 153 128 122 117 0 247 210 224 
210 133 167 240 234 248 152 0 200 233 
113 226 169 183 248 132 225 128 0 180 
150 125 218 141 194 157 230 244 239 0 

333 0 6 506
271 0 6 473
343 0 6 395
283 6 7 330
293 6 7 429
315 6 7 364
378 7 8 432
358 7 8 322
456 7 8 449
302 7 8 351
358 7 8 376
277 8 9 479
251 8 9 484
287 8 9 300
355 8 9 272
298 8 9 346
240 8 9 372
432 8 9 267
415 9 0 283
245 9 0 512
282 9 0 294
412 9 0 300
418 9 0 408
342 9 0 271
265 9 0 500
302 9 0 384
401 9 0 458

3117

0 903 24
1 628 20
2 747 43
3 457 41
4 861 43
5 683 29
6 358 35
7 683 33
8 398 48
9 516 20
