10 47 5

0 216 223 210 217 204 191 198 185 192 
108 0 122 109 247 123 170 196 223 249 
146 153 0 186 233 129 175 202 229 105 
152 198 225 0 167 194 221 117 144 170 
217 133 159 186 0 109 246 123 169 216 
112 139 185 212 238 0 161 227 104 131 
177 204 230 127 153 219 0 123 169 196 
242 119 145 211 238 115 161 0 214 111 
137 203 230 126 153 180 206 103 0 195 
242 119 145 172 218 245 121 188 214 0 

0 178 110 211 119 177 140 198 106 145 
226 0 168 139 221 129 187 245 153 231 
182 133 0 123 181 239 147 205 113 191 
154 212 140 0 220 128 186 244 172 230 
193 121 179 237 0 108 166 224 132 190 
173 231 139 217 125 0 146 204 112 170 
153 211 119 177 235 163 0 243 151 209 
192 100 158 216 144 202 110 0 131 189 
121 179 237 164 222 130 188 247 0 118 
199 127 185 243 151 209 117 175 103 0 

277 0 9 453
250 0 9 426
450 0 9 380
489 0 9 485
394 0 9 323
375 0 9 304
428 0 9 358
487 0 9 450
269 0 9 445
320 1 9 249
412 1 9 374
439 1 9 369
350 1 9 279
345 1 9 489
308 1 9 484
271 1 9 446
266 1 9 409
285 1 9 461
337 2 9 266
281 2 9 424
489 2 9 419
451 2 9 381
446 2 9 344
409 2 9 339
372 2 9 301
367 2 9 264
330 2 9 259
285 3 9 461
280 3 9 456
488 3 9 418
451 3 9 380
446 3 9 343
408 3 9 338
413 3 9 343
408 3 9 305
371 3 9 300
333 3 9 263
362 9 0 292
344 9 0 488
255 9 0 431
366 9 0 295
361 9 0 290
324 9 0 253
319 9 0 462
281 9 0 457
490 9 0 420
485 9 0 382

2825

0 357 39
1 543 22
2 375 22
3 741 30
4 557 20
5 720 27
6 595 26
7 431 25
8 366 24
9 965 26
