10 23 5

0 179 186 193 200 187 194 181 188 175 
241 0 105 132 119 146 153 179 186 213 
109 246 0 240 247 104 111 138 145 132 
178 185 192 0 186 232 239 227 233 240 
137 144 131 157 0 171 178 165 172 179 
225 102 109 116 123 0 117 124 131 157 
204 191 198 205 212 219 0 220 227 234 
111 118 125 132 139 165 172 0 186 193 
239 246 233 130 137 124 131 138 0 132 
178 205 212 218 225 232 239 226 233 0 

0 223 146 244 175 233 121 160 218 106 
219 0 122 132 123 161 219 127 166 204 
195 225 0 246 174 101 179 107 165 243 
233 114 172 0 141 219 127 205 133 191 
174 101 179 237 0 148 226 134 211 119 
102 180 108 166 243 0 134 212 120 198 
181 109 167 244 172 230 0 200 128 186 
169 246 174 102 160 238 146 0 206 114 
125 203 111 188 246 174 232 160 0 221 
184 131 189 117 195 103 180 108 186 0 

296 0 4 441
498 0 4 421
396 0 4 327
309 0 4 246
486 0 4 379
500 0 4 423
407 0 4 337
361 0 4 295
322 0 4 259
370 0 4 271
458 1 4 384
297 1 4 473
258 1 4 437
381 1 4 282
308 1 0 246
398 1 0 328
359 1 0 292
346 1 0 311
340 1 0 275
301 1 0 446
356 2 0 289
308 3 0 246
295 4 0 440

2350

0 765 48
1 695 40
2 270 30
3 458 37
4 274 27
5 737 46
6 514 37
7 291 32
8 324 22
9 372 27
