100 272 5

0 222 229 236 244 101 109 116 123 111 138 165 192 219 246 124 151 178 185 212 239 136 163 190 218 245 102 149 156 183 210 238 115 142 169 176 203 230 108 135 162 189 216 223 100 128 155 182 209 236 113 140 148 175 202 229 106 133 160 187 214 222 249 126 153 180 207 234 112 119 146 173 200 227 104 132 159 186 193 220 247 124 152 179 206 233 110 117 145 172 199 226 103 150 177 184 211 238 116 143 
249 0 133 141 148 175 202 210 237 114 141 168 195 222 249 107 134 161 188 215 242 119 146 154 181 228 105 132 159 186 213 221 248 125 152 179 206 233 110 138 145 172 199 226 103 130 158 185 212 239 116 143 170 197 224 101 129 175 183 210 237 114 141 168 195 203 100 107 134 161 188 215 243 100 127 154 181 208 235 113 140 167 174 201 228 105 133 160 187 214 241 248 126 153 180 207 234 111 138 146 
192 200 0 214 242 119 146 173 200 207 235 112 139 166 193 220 247 124 132 159 186 233 110 137 164 191 179 206 233 130 157 184 211 238 246 123 150 177 204 231 108 135 162 170 197 224 101 128 155 182 210 237 244 213 220 227 235 112 119 146 173 220 247 124 152 179 186 213 240 137 164 191 218 246 123 150 157 204 231 108 135 162 189 217 224 121 148 175 202 229 106 133 161 188 215 242 119 146 173 200 
227 124 151 0 186 213 240 117 144 191 218 245 103 150 157 184 211 108 135 162 189 216 224 101 128 175 202 229 106 133 141 168 195 242 119 146 173 200 227 104 112 158 186 213 240 117 144 171 179 225 102 130 157 184 211 238 245 162 169 196 204 231 108 135 162 209 236 113 121 148 175 202 229 106 133 160 168 195 222 249 126 153 161 188 215 242 119 126 154 200 228 105 132 159 186 193 220 117 144 171 
199 226 103 130 0 204 231 108 115 143 170 197 224 121 148 175 182 209 237 114 141 188 215 242 249 146 153 180 208 104 132 159 186 213 220 247 124 171 198 226 103 130 137 184 191 238 115 142 169 197 224 101 108 175 202 209 236 113 141 168 195 242 119 126 153 180 207 234 112 158 186 213 220 247 124 151 178 225 102 130 157 164 191 218 245 142 169 196 223 231 155 163 190 237 114 141 148 175 202 229 
107 134 161 188 215 0 100 127 154 181 208 235 112 139 166 174 201 248 125 152 179 206 233 241 118 165 192 219 246 123 150 177 185 231 108 136 163 190 217 244 121 168 175 202 230 107 134 161 188 235 242 119 146 174 201 228 105 152 159 206 213 240 117 145 172 219 246 123 130 157 184 211 239 135 162 190 197 244 101 128 155 202 229 106 134 161 168 195 222 119 146 173 200 228 235 112 139 186 213 240 
117 144 171 199 226 123 0 157 184 211 238 115 143 189 197 224 101 128 155 182 209 106 114 141 168 195 222 249 126 153 180 188 215 242 119 146 173 220 247 124 152 159 186 213 240 137 164 191 218 226 103 130 157 204 231 108 135 143 189 197 224 121 148 175 202 229 106 114 141 188 215 242 119 146 173 181 227 104 132 159 186 213 240 117 144 191 198 226 103 130 157 184 211 108 115 142 170 197 224 101 
128 175 202 229 106 133 141 0 195 242 119 146 173 200 207 235 112 158 186 213 240 117 124 151 179 225 102 130 157 184 211 238 245 142 169 196 224 101 108 135 142 189 216 244 121 148 175 202 209 106 133 160 188 215 242 119 126 173 180 208 235 112 139 166 193 201 209 236 113 120 147 174 202 248 125 153 180 187 234 241 118 165 192 219 247 124 151 158 185 232 109 136 163 190 218 225 102 149 176 203 
230 107 134 162 189 236 113 140 0 174 201 228 106 152 179 207 214 241 118 145 172 219 246 123 131 178 185 212 239 136 163 190 217 245 102 129 156 203 230 107 134 161 169 216 223 120 147 174 201 228 105 132 140 187 214 241 118 145 172 199 207 103 131 158 185 212 239 116 143 170 197 205 232 109 136 163 190 237 114 122 149 176 203 230 107 134 161 189 196 223 100 127 154 162 224 220 105 242 119 115 
162 149 196 204 231 108 135 162 189 0 113 120 148 175 202 229 106 153 180 187 214 242 119 146 173 220 247 124 151 158 186 213 240 137 164 191 218 225 102 129 157 203 231 108 135 142 189 196 223 120 147 174 202 229 106 113 140 187 214 241 118 146 173 180 227 104 131 158 185 212 240 117 144 171 198 225 102 129 156 183 211 107 115 142 169 196 223 100 127 174 182 209 236 113 140 167 194 241 118 145 
172 200 104 112 139 186 213 220 117 124 0 178 206 233 110 137 144 171 198 226 103 130 157 184 191 219 246 123 150 197 224 101 108 155 162 190 217 114 141 168 195 222 229 106 134 180 207 235 112 139 146 173 200 247 124 151 179 206 233 110 117 164 191 218 245 123 150 177 184 231 108 135 162 189 216 244 121 148 175 202 229 106 133 160 188 215 111 119 146 173 200 227 104 151 178 186 213 240 117 144 
171 218 245 122 149 177 204 211 238 135 162 0 216 243 120 128 155 202 229 106 133 160 187 214 242 119 146 173 200 227 104 131 158 205 213 240 117 144 171 198 225 102 110 137 164 191 218 245 122 169 196 204 231 108 135 162 189 236 113 121 148 175 202 229 106 153 180 207 215 242 119 146 173 220 247 124 151 158 186 213 240 137 164 191 218 245 102 130 157 203 231 108 135 162 169 196 223 120 147 175 
202 229 106 133 160 187 234 241 119 146 173 200 0 124 151 158 185 212 240 117 144 191 218 225 102 129 156 184 211 107 135 162 189 196 223 100 127 174 201 229 106 113 140 167 194 241 118 145 173 180 187 214 241 138 165 193 220 247 104 151 158 205 232 109 136 164 191 218 225 102 129 157 184 211 238 115 122 103 110 137 164 191 199 226 103 150 177 204 231 108 135 143 170 217 244 121 148 175 202 210 
106 153 161 188 215 242 119 146 173 220 227 124 132 0 186 213 240 137 164 191 199 226 103 130 157 204 231 108 115 143 170 197 224 121 148 175 202 229 236 114 141 188 215 242 119 146 153 180 208 104 131 159 186 213 220 117 124 171 198 225 103 130 157 184 191 238 115 142 169 197 224 101 108 155 182 209 236 113 140 168 195 222 249 126 133 160 188 215 242 139 166 193 220 227 104 132 159 186 213 240 
117 144 171 198 206 233 240 117 144 172 199 226 103 150 0 184 211 238 116 143 170 217 224 121 128 155 182 210 237 133 161 188 195 222 249 126 153 200 227 105 112 159 166 193 220 117 144 171 198 226 233 110 137 184 211 238 115 142 150 177 204 101 128 155 182 209 236 114 121 168 195 222 249 126 153 180 188 235 112 139 166 193 220 247 124 151 179 206 233 110 137 164 191 218 115 123 150 177 204 231 
108 155 182 209 216 244 121 148 175 222 249 126 153 180 188 0 222 119 126 153 180 208 235 112 139 166 193 200 228 105 132 159 186 193 240 248 125 152 179 206 233 130 157 164 192 219 246 123 150 197 224 231 128 136 163 190 217 114 141 168 195 202 229 107 134 181 208 235 112 119 146 173 201 247 124 152 179 206 233 240 117 164 191 218 246 123 150 157 184 231 108 135 162 190 217 224 121 148 175 202 
229 106 133 161 188 235 112 139 146 173 200 227 105 151 178 206 0 110 117 144 171 218 245 122 150 177 184 211 238 135 162 189 216 244 101 128 155 202 229 106 133 160 187 215 222 119 146 173 200 227 104 131 139 166 193 220 247 124 151 179 186 103 110 137 164 191 218 245 123 169 177 204 231 108 135 162 189 236 244 140 148 175 202 229 106 153 180 207 215 242 119 146 173 220 247 124 132 159 186 213 
240 137 164 191 218 245 122 130 157 204 231 108 135 162 189 197 243 0 148 175 202 229 106 133 160 187 214 242 119 146 173 200 227 124 131 158 186 213 240 117 144 191 198 225 102 129 157 184 211 108 115 162 169 196 223 101 128 174 202 229 236 113 121 148 175 222 249 126 153 160 187 215 242 138 166 193 220 227 124 131 158 186 213 240 117 144 151 178 206 121 128 155 182 190 217 244 121 168 195 222 
249 126 153 180 188 235 112 139 166 193 220 247 105 171 179 206 233 110 0 164 172 238 245 123 150 177 204 231 108 155 162 189 217 244 121 148 175 222 249 126 133 161 188 215 242 139 166 193 200 227 104 132 159 206 233 110 137 144 171 198 226 122 149 177 204 231 238 115 142 189 216 243 121 148 175 182 209 106 133 160 187 215 242 249 126 173 200 227 104 131 158 186 193 240 117 124 151 178 206 233 
110 157 184 211 238 115 122 150 177 204 231 108 135 142 189 197 224 121 128 0 182 209 236 114 141 168 195 222 249 126 153 180 207 104 112 139 166 193 220 247 124 171 179 206 233 110 137 164 191 238 115 142 150 177 204 231 108 155 182 209 216 244 121 148 175 222 249 126 133 160 188 215 242 139 166 193 220 247 104 132 159 205 233 110 137 164 171 198 225 122 149 177 204 231 238 135 142 189 216 243 
120 148 175 202 229 126 153 160 187 214 242 119 146 193 220 227 104 131 158 186 0 109 137 164 191 198 225 233 240 137 164 191 218 245 122 149 177 184 211 238 115 142 170 197 224 101 128 155 182 209 236 113 141 187 215 222 249 126 153 180 207 104 131 139 166 193 220 247 124 171 198 206 102 110 137 164 191 238 115 142 169 177 204 231 108 155 182 209 236 244 121 148 175 222 249 126 153 180 207 215 
111 158 166 193 220 247 124 151 178 225 233 110 137 164 191 218 245 142 149 196 204 0 108 135 162 209 236 113 120 148 175 202 229 126 153 180 187 234 241 119 146 193 220 247 124 151 158 185 213 109 137 164 191 218 225 102 129 176 203 230 108 135 162 189 196 223 100 128 155 182 209 236 243 140 167 194 222 249 126 153 160 227 234 111 138 166 193 220 247 144 151 178 205 232 109 137 164 211 218 115 
142 149 176 203 231 127 154 182 209 216 243 120 147 194 221 248 126 133 180 187 214 111 0 165 192 220 247 104 131 178 205 232 109 136 163 171 218 245 122 149 176 203 230 107 135 181 189 216 243 120 147 174 201 248 106 133 160 187 214 241 118 165 172 200 227 104 131 158 185 232 109 136 144 171 178 205 232 129 156 183 210 218 245 122 149 196 223 100 127 135 162 189 216 243 120 147 174 201 209 236 
113 165 192 179 226 233 111 138 165 212 239 116 143 150 177 205 232 128 156 183 210 217 114 0 149 195 222 100 127 154 181 188 215 112 139 166 194 221 248 105 132 179 206 233 110 137 165 192 219 246 123 150 177 204 231 109 136 182 190 217 244 121 148 175 203 249 107 134 161 188 215 242 119 166 174 220 228 105 132 159 186 233 110 137 145 172 199 226 103 150 177 204 212 108 116 143 170 217 244 121 
148 175 202 229 237 134 161 168 195 222 249 127 154 200 228 235 112 139 166 193 220 248 125 152 0 186 213 241 118 145 152 179 206 233 241 118 145 192 219 246 123 150 158 185 212 109 136 163 190 217 244 102 129 176 203 230 107 134 161 188 196 112 120 147 174 201 228 105 112 179 186 213 241 118 145 172 199 246 103 130 157 185 212 239 116 163 190 217 224 101 129 156 183 230 107 134 141 168 195 222 
100 146 174 201 228 105 132 139 166 213 240 117 145 172 199 206 233 130 157 184 211 239 116 143 170 0 224 101 128 155 183 210 237 134 141 168 195 222 230 237 114 161 188 215 242 119 146 154 181 208 235 112 139 147 194 201 228 105 132 159 187 214 221 118 125 172 199 226 103 130 158 185 192 239 116 143 170 197 224 102 109 156 183 210 237 114 141 168 196 223 100 127 154 181 208 235 112 159 186 194 
241 248 125 152 179 226 103 130 157 165 212 219 246 143 170 197 224 101 128 136 163 210 237 114 141 168 0 203 230 127 154 181 208 235 112 139 166 213 221 248 125 152 179 206 233 130 137 165 192 219 246 123 150 197 204 231 109 136 163 190 217 114 141 168 175 202 230 107 134 181 208 235 242 119 146 174 201 228 105 132 139 166 194 221 248 145 172 199 226 233 110 138 165 211 239 116 143 170 177 204 
231 128 155 183 210 237 114 141 148 195 222 249 126 154 181 208 235 112 159 166 193 220 248 125 152 199 226 0 110 137 164 192 219 115 143 150 197 204 231 108 135 182 209 237 114 121 148 175 202 249 126 153 180 188 215 242 119 166 193 220 247 124 152 159 186 233 110 137 164 191 218 226 103 150 177 204 231 108 135 143 189 217 244 121 148 175 182 209 217 114 141 168 195 222 249 126 153 181 227 235 
112 139 166 193 220 247 125 132 179 186 213 240 117 121 129 156 183 210 237 114 141 168 215 223 100 127 154 181 0 105 132 140 167 194 221 248 125 172 199 206 233 111 138 165 192 239 116 143 170 177 205 232 109 156 183 210 237 244 121 149 176 222 100 127 154 161 208 215 242 139 166 194 221 248 125 132 159 206 233 110 138 165 192 199 246 123 150 177 204 231 109 136 163 190 217 244 121 148 175 203 
230 126 154 181 188 215 242 119 146 193 220 248 125 152 159 186 213 110 118 145 172 199 226 103 110 157 184 212 239 0 143 170 177 204 232 109 136 163 190 217 244 102 129 136 163 190 217 244 122 168 196 203 100 107 134 161 188 235 112 139 167 174 201 228 105 152 179 206 233 241 118 145 172 219 246 123 150 177 205 212 239 136 163 190 217 244 121 129 156 191 198 225 102 129 157 184 211 108 115 162 
189 196 223 101 128 175 202 229 106 113 140 167 195 241 118 146 173 180 227 234 111 158 185 212 240 117 144 151 178 225 0 129 156 183 211 218 115 142 169 196 223 100 127 155 182 209 236 113 140 167 175 182 209 106 133 160 187 195 241 249 126 153 180 207 234 111 119 146 173 200 227 104 131 159 166 193 220 117 144 171 198 225 103 130 137 184 211 238 115 142 169 196 204 101 128 155 182 209 236 113 
140 187 214 222 119 126 153 180 207 104 131 158 185 193 220 247 124 171 198 225 102 110 137 164 191 238 115 142 169 196 223 0 108 155 182 209 236 113 140 148 175 222 249 126 153 180 207 234 111 138 166 193 220 247 124 151 178 225 232 109 137 164 191 218 245 142 149 176 203 231 108 135 162 209 216 113 120 147 175 202 229 126 153 180 187 214 241 118 146 173 200 227 104 111 138 166 193 240 117 144 
171 198 205 102 110 156 184 211 238 115 142 169 176 223 100 127 155 182 209 236 243 140 167 194 221 249 126 153 180 207 234 111 0 165 192 220 247 144 171 178 205 232 109 136 164 210 238 245 122 149 176 203 230 127 154 162 209 216 243 120 147 194 221 248 125 133 160 187 214 111 138 165 192 200 247 104 131 178 205 232 109 136 163 171 198 245 122 149 176 203 230 238 115 162 189 216 243 120 127 154 
182 228 105 113 140 167 194 221 248 145 172 199 207 234 111 138 165 192 219 227 104 131 158 185 212 189 196 223 101 128 155 182 209 0 113 140 167 194 222 249 126 173 180 207 234 111 138 166 193 240 247 124 151 178 205 232 110 156 164 211 218 245 122 149 176 223 100 127 135 162 189 216 243 140 167 194 202 249 106 133 160 207 234 111 138 165 173 200 227 124 151 178 205 232 240 117 144 191 218 245 
122 149 176 203 230 127 154 162 189 216 243 120 147 194 221 229 106 133 160 187 214 111 138 145 173 200 227 104 131 178 185 212 239 116 0 151 178 225 102 129 156 183 210 218 245 142 169 196 223 100 127 154 182 189 216 223 100 128 155 182 209 106 133 140 167 194 222 249 126 173 200 207 234 111 138 166 193 239 117 144 171 178 205 232 109 156 183 211 238 245 122 149 176 223 100 127 154 162 209 216 
243 140 167 194 221 248 126 153 160 207 234 111 138 165 192 220 247 143 151 178 205 232 109 136 163 210 237 245 122 149 176 203 230 127 154 0 189 216 243 120 147 194 221 248 125 133 160 187 214 111 138 165 192 200 227 104 131 178 205 232 109 116 144 151 178 205 102 109 136 164 191 218 245 142 169 176 203 230 108 135 162 189 216 243 100 128 155 182 209 106 133 160 167 194 221 249 126 173 200 227 
104 131 158 165 193 239 116 144 171 198 225 232 129 156 183 210 238 115 142 169 196 223 100 127 154 182 209 236 113 160 167 194 221 248 125 153 0 227 234 111 138 165 192 219 247 143 170 198 205 232 109 136 163 210 237 114 122 149 176 203 230 127 154 181 189 236 243 120 147 194 221 248 125 152 160 187 214 111 138 165 192 219 227 123 131 178 205 232 109 136 163 190 198 245 122 149 176 203 230 107 
134 181 208 216 243 120 147 174 201 248 125 152 179 187 214 241 118 165 192 219 246 104 131 158 185 232 109 136 163 170 217 225 102 149 176 203 230 0 134 141 169 215 242 120 147 174 201 208 105 132 159 186 214 241 118 145 172 199 226 103 130 158 185 212 239 136 143 170 197 224 101 129 156 203 210 237 114 141 168 195 223 119 127 174 181 208 235 112 139 186 213 240 248 125 152 179 206 103 130 157 
184 212 239 246 123 170 197 224 101 128 136 163 170 217 244 121 148 175 203 230 237 134 161 188 215 242 119 147 154 201 228 105 132 159 186 213 241 130 0 185 192 219 246 123 150 197 224 101 109 136 163 190 217 114 141 168 176 222 230 107 134 181 208 235 112 139 147 174 201 248 125 152 179 206 214 110 118 165 192 219 246 123 150 177 185 231 109 136 163 190 217 244 101 148 175 203 230 107 134 161 
188 235 112 139 166 174 201 228 105 152 179 206 233 240 118 145 172 219 246 123 150 157 184 212 239 135 163 190 217 244 121 128 155 202 229 107 134 161 188 0 222 119 127 154 181 208 235 112 139 186 193 220 248 125 152 179 206 233 110 118 145 172 199 226 103 130 138 165 192 199 226 103 131 177 204 232 109 136 143 170 197 244 121 148 176 203 230 237 114 161 188 215 242 120 147 154 181 228 105 132 
159 186 213 241 118 165 172 199 226 103 130 157 185 231 108 136 143 170 197 224 101 148 175 202 210 237 114 141 168 215 242 119 127 174 181 208 235 132 159 186 0 240 248 125 152 199 226 103 130 157 165 211 219 116 143 170 197 224 101 128 136 183 210 237 114 141 168 195 203 249 126 154 181 208 215 223 100 146 174 201 228 105 112 139 167 194 221 248 125 152 159 187 214 241 118 145 172 199 226 234 
130 177 185 212 239 116 143 170 197 244 102 129 156 183 210 237 114 161 168 215 223 100 127 154 181 228 105 132 139 167 194 221 248 145 172 199 206 233 111 138 165 0 239 116 143 170 177 205 232 128 156 183 210 237 244 121 148 195 222 100 127 154 161 208 215 112 139 166 193 221 248 125 132 179 206 233 110 137 165 192 199 246 123 150 177 204 231 109 136 163 210 217 244 121 148 175 202 249 126 134 
161 188 215 242 119 166 193 220 247 125 132 159 186 213 240 117 145 152 199 206 233 130 157 184 211 239 116 123 150 197 224 101 128 155 183 190 217 114 141 168 195 222 0 126 154 181 208 235 112 139 166 193 220 117 125 152 179 206 233 110 137 184 192 219 246 123 150 177 204 101 108 155 163 190 217 244 121 168 195 222 229 107 134 161 188 235 112 139 146 193 201 228 105 152 179 206 233 110 117 144 
172 218 246 123 150 177 204 231 108 135 162 189 217 244 121 148 175 222 249 106 133 161 168 195 222 119 126 153 181 208 235 112 139 186 213 220 247 125 152 179 206 233 110 0 145 172 199 226 103 198 225 102 129 156 183 191 218 115 142 169 196 223 100 107 135 181 209 236 113 140 167 174 221 248 125 152 180 207 234 111 138 185 192 219 246 124 151 178 205 102 109 136 163 190 217 245 122 169 176 203 
100 127 134 161 189 235 113 140 167 194 201 228 105 152 179 206 234 111 138 145 172 219 246 123 150 178 205 232 109 156 163 190 217 244 121 149 176 223 230 107 134 161 188 215 0 139 167 194 201 228 105 132 159 206 214 241 118 145 152 179 207 103 130 158 185 212 239 246 123 151 178 205 232 109 136 143 171 198 205 232 109 136 163 191 218 245 142 149 176 203 230 107 134 181 208 216 243 120 147 174 
201 248 125 152 180 207 234 241 118 165 192 219 246 123 151 158 185 232 109 136 163 190 217 245 122 149 176 203 230 107 134 161 189 235 243 120 147 174 201 228 105 152 160 187 214 0 118 145 172 219 226 123 131 158 185 212 239 136 163 190 197 225 102 129 156 203 230 107 114 141 169 196 223 120 147 174 201 228 235 113 140 186 214 241 118 145 152 160 187 234 241 118 145 172 199 227 104 131 138 165 
192 219 247 124 151 178 205 232 239 117 144 171 198 245 122 149 176 203 210 238 115 162 189 216 243 120 127 154 182 228 106 133 160 187 194 241 248 145 172 199 227 104 131 158 165 212 0 116 143 171 198 225 232 129 156 183 210 237 114 142 169 216 223 100 127 154 181 208 236 132 160 167 194 221 248 125 152 199 226 234 111 138 165 192 219 116 143 170 197 205 232 109 136 183 210 237 114 122 149 176 
223 100 127 154 181 208 235 112 140 186 194 221 248 125 152 179 206 103 111 138 165 192 219 246 123 150 177 185 212 239 116 143 170 217 244 102 129 156 183 210 237 134 161 188 215 223 100 0 154 201 228 105 132 140 167 194 221 118 145 172 199 206 103 111 138 185 212 239 116 143 170 197 205 102 129 156 183 210 237 114 141 168 195 223 100 127 154 181 208 105 132 139 167 194 221 248 125 172 199 206 
103 111 157 165 192 239 116 143 170 197 224 232 109 156 183 210 237 114 141 148 195 222 249 127 154 181 208 235 112 139 166 193 221 248 105 132 159 186 213 241 118 145 172 199 226 123 150 157 0 212 239 116 143 170 197 205 232 109 136 163 190 230 237 114 141 169 176 203 230 127 154 181 208 235 243 120 147 194 221 248 125 152 179 206 214 111 138 165 192 219 246 123 131 178 205 232 109 136 163 190 
217 114 141 149 195 203 230 107 134 181 208 235 112 120 147 174 201 248 125 152 179 187 233 241 118 165 192 219 246 123 150 158 185 232 109 136 163 190 217 224 102 148 176 203 230 107 134 161 188 0 242 119 147 174 201 228 105 152 159 186 213 241 118 145 172 219 226 103 111 138 165 192 219 116 143 170 177 205 232 109 136 163 190 217 244 102 129 156 183 210 217 245 122 149 176 203 210 107 134 161 
189 216 243 120 147 194 221 228 105 132 160 187 214 111 138 165 172 199 226 104 131 177 205 232 239 116 143 170 198 244 121 149 176 203 210 237 114 161 188 215 243 120 127 154 181 228 105 132 159 186 0 221 248 145 172 199 226 103 130 158 165 212 239 116 143 170 197 224 232 148 156 183 210 237 114 141 149 215 223 100 127 154 181 208 235 132 159 167 194 221 248 125 152 199 226 103 111 138 145 172 
199 246 123 131 158 185 212 239 116 143 151 178 205 232 109 136 163 190 198 225 102 129 156 183 210 107 134 161 169 196 223 100 127 174 201 228 236 113 140 167 194 241 118 145 172 199 207 234 111 158 185 0 239 116 124 151 178 225 102 129 156 183 190 237 245 141 169 196 223 100 127 154 161 208 235 112 140 167 194 221 228 125 152 179 206 234 111 138 165 192 219 246 123 150 178 205 232 129 156 163 
210 217 244 121 149 195 223 100 127 134 161 188 215 112 139 166 194 221 248 105 132 179 206 233 110 138 165 172 199 246 123 150 177 204 232 109 116 143 170 197 224 102 129 156 183 210 237 114 141 168 195 223 0 147 154 181 208 235 112 139 167 213 221 248 125 152 179 206 233 130 157 184 192 219 246 123 150 197 224 101 109 136 163 190 217 114 141 168 176 203 230 107 134 181 208 235 112 139 147 174 
201 248 125 152 179 206 233 110 118 165 192 219 246 123 150 177 204 231 128 136 163 190 217 244 121 168 195 202 230 107 134 161 188 235 112 119 166 174 201 228 105 152 179 206 233 240 248 125 152 199 226 103 130 0 165 192 219 116 143 170 197 224 231 109 136 163 190 217 244 121 129 156 183 120 127 154 181 189 216 243 120 167 194 221 248 105 133 160 187 234 111 138 165 192 219 227 104 150 178 205 
232 109 136 163 190 237 244 122 149 176 203 230 107 154 161 208 216 243 120 147 174 221 248 125 132 159 187 214 241 138 165 192 199 246 103 131 158 204 232 109 136 163 170 197 225 121 148 176 203 230 237 114 141 188 0 242 120 147 174 201 208 105 132 159 186 213 241 118 125 172 199 226 103 130 157 185 192 239 116 123 150 177 205 232 109 156 183 190 217 244 121 149 176 203 230 107 114 141 169 196 
223 100 107 134 161 189 216 243 100 167 174 201 228 105 133 160 187 234 241 118 145 172 199 226 104 150 178 205 212 239 116 143 170 217 244 122 129 156 183 210 237 134 161 188 196 223 100 127 154 201 228 105 132 159 167 0 221 118 145 172 199 226 234 111 138 185 212 239 116 143 170 178 205 102 129 156 183 210 237 114 122 168 196 223 100 127 154 181 208 235 112 139 167 194 221 248 125 172 199 206 
233 111 138 165 192 239 116 143 150 177 185 212 239 136 143 170 197 225 102 129 156 163 190 217 245 122 149 176 203 210 237 115 142 169 196 223 100 147 174 181 209 236 113 140 167 214 241 248 125 152 180 207 234 131 158 165 0 219 246 124 151 197 225 102 129 136 163 190 218 114 141 169 196 203 100 107 134 181 208 235 113 140 167 174 201 248 125 152 179 206 234 241 118 165 192 219 246 123 150 178 
205 102 129 156 163 190 217 244 122 168 195 223 230 107 134 161 188 235 112 139 147 194 201 228 105 152 179 206 233 110 118 145 172 219 246 123 150 177 185 232 239 136 163 190 217 244 121 148 156 183 210 237 114 141 168 196 203 0 127 154 181 208 235 112 120 186 194 221 248 125 152 179 187 103 111 138 165 192 219 246 123 170 177 205 232 109 136 163 190 237 114 141 148 176 203 230 107 154 181 208 
235 112 139 147 174 221 248 125 152 179 206 214 241 137 165 192 219 246 123 130 177 204 231 109 136 163 190 217 244 141 148 175 202 230 107 134 161 208 215 242 119 146 174 201 228 125 132 159 186 213 240 118 145 191 219 246 103 130 0 165 192 239 116 143 170 177 204 231 109 155 183 210 237 244 121 148 175 203 230 107 134 141 168 195 223 235 242 119 146 173 200 227 105 151 159 186 213 240 117 144 
171 218 245 122 150 157 184 211 238 135 162 189 216 244 101 128 155 202 229 106 133 160 188 195 222 119 146 173 200 227 104 112 139 186 213 240 117 144 171 198 225 103 130 157 184 211 238 115 142 189 216 224 101 128 155 182 209 106 133 0 168 195 222 249 126 173 200 207 234 112 139 166 193 240 117 144 171 178 206 233 110 157 184 211 238 245 122 149 177 223 231 108 135 162 189 197 243 121 148 175 
202 229 106 133 160 187 195 222 249 126 153 180 207 235 242 119 146 153 181 208 235 132 159 186 213 220 117 125 152 198 226 103 130 157 184 191 219 115 142 170 197 224 101 108 135 182 209 236 114 141 168 195 222 249 126 153 180 207 235 112 0 186 193 220 247 124 151 179 206 102 110 137 164 191 218 245 123 169 177 224 231 108 135 162 189 236 113 140 148 175 202 229 106 153 180 207 215 242 119 146 
173 220 247 124 151 178 205 233 240 137 164 191 218 245 122 149 177 204 231 108 135 162 169 177 204 101 128 155 182 189 217 244 121 148 175 202 229 106 114 141 168 195 222 249 126 153 181 188 215 112 139 166 193 220 247 105 132 179 206 233 110 0 164 191 199 115 123 150 177 204 231 108 135 182 190 217 244 121 148 175 202 249 106 133 161 188 215 242 119 166 193 220 227 105 132 159 186 233 110 137 
164 171 199 226 103 150 177 204 231 108 135 142 170 216 244 121 148 175 202 209 236 133 160 187 215 242 119 146 173 200 227 104 131 159 186 213 240 137 144 171 198 225 103 130 157 204 211 238 115 142 169 196 224 120 128 175 182 209 236 113 140 168 0 202 249 106 133 160 188 234 111 139 166 173 200 227 104 151 178 205 233 240 117 144 171 218 245 122 149 177 204 211 238 135 162 189 216 243 120 128 
175 222 229 106 133 160 187 214 242 138 166 193 220 227 104 131 158 205 232 109 137 144 171 198 225 122 149 176 203 231 108 115 142 189 216 243 120 147 174 182 209 106 133 160 187 214 241 249 146 173 200 227 104 131 158 185 212 109 117 144 171 198 225 0 129 176 183 211 238 115 122 149 176 223 100 108 135 162 189 216 243 140 167 175 202 229 106 133 160 187 214 241 249 126 153 180 207 243 100 127 
154 181 209 236 113 160 187 194 221 248 125 153 180 226 104 131 158 165 192 219 246 143 170 198 225 232 109 136 163 210 237 114 141 169 196 203 230 127 154 181 208 235 113 120 147 194 221 248 125 152 179 187 234 111 138 165 192 219 246 123 150 197 205 232 0 136 163 190 217 114 122 149 176 203 230 107 134 181 188 216 243 120 147 174 201 248 125 152 159 187 214 241 118 165 192 219 226 103 131 158 
185 232 239 116 143 170 197 224 102 129 156 183 210 237 114 141 168 196 203 230 107 134 161 188 216 243 100 127 135 162 189 216 243 140 167 194 221 229 106 133 160 207 234 111 138 165 172 200 227 124 151 178 205 232 239 116 144 190 217 245 122 149 176 203 210 0 134 161 189 216 243 120 127 194 201 228 105 133 160 187 194 111 118 145 172 199 226 104 131 178 185 212 239 116 143 170 198 244 121 149 
176 183 210 237 114 161 188 215 243 100 147 154 181 228 105 132 159 187 214 221 248 145 172 199 226 103 130 138 185 212 239 116 143 170 178 185 212 109 136 163 190 198 225 102 129 156 183 210 237 245 122 149 176 203 230 107 134 162 169 196 223 120 147 174 201 228 0 113 140 187 214 241 118 145 172 200 207 104 131 158 185 212 239 116 124 190 217 225 102 129 156 183 210 107 134 142 188 196 223 100 
127 174 201 228 105 132 140 167 194 241 118 145 172 199 207 104 111 158 185 212 239 116 143 170 178 225 102 129 156 183 210 237 245 141 169 196 223 100 127 154 181 228 105 113 140 167 194 221 248 145 172 179 206 234 111 138 165 212 239 246 123 150 178 205 232 129 156 0 210 217 244 121 149 176 203 230 107 134 142 169 196 243 120 147 174 201 208 235 113 159 187 214 241 118 125 172 179 226 103 130 
158 185 212 239 116 163 190 197 224 102 129 156 183 230 107 114 141 168 196 223 100 147 174 201 228 235 112 139 167 213 241 118 145 152 179 206 233 130 157 184 212 239 246 123 150 197 224 101 128 156 183 190 217 114 141 168 195 222 100 107 134 181 208 235 112 139 166 193 0 117 125 152 179 206 233 110 137 184 192 219 246 123 130 157 185 231 239 116 143 170 197 224 101 148 156 183 210 237 114 141 
168 195 222 100 127 134 161 188 215 239 116 124 151 178 205 232 109 156 183 191 218 245 122 149 176 223 100 127 154 162 189 216 243 140 167 194 221 229 106 133 160 207 234 111 138 165 192 200 227 124 151 178 205 232 109 116 144 190 218 245 122 149 176 183 230 107 134 161 189 0 243 120 147 194 201 228 105 133 160 187 214 111 118 145 172 199 226 104 131 178 185 212 239 116 143 170 198 244 122 149 
176 203 210 237 114 161 188 215 243 120 147 154 181 228 235 113 140 167 194 221 248 125 152 179 207 234 111 138 165 192 199 227 104 131 158 185 212 239 247 124 131 158 185 212 239 136 163 191 218 225 102 129 156 203 230 107 135 162 169 196 223 120 147 174 201 228 236 113 140 187 0 241 118 145 172 200 207 104 131 158 185 212 239 116 124 190 198 225 102 129 156 183 191 107 115 142 169 196 223 100 
127 174 201 228 105 113 140 167 194 241 118 145 172 180 207 234 111 158 185 212 239 246 143 151 178 225 102 129 156 183 210 218 245 141 169 196 223 100 127 134 181 208 235 113 140 167 174 181 209 105 133 160 187 194 221 248 125 153 180 207 234 241 118 145 173 200 227 104 131 158 165 0 220 117 144 171 198 225 232 109 137 183 211 238 115 142 169 196 203 100 127 154 182 209 236 113 120 167 194 221 
248 126 153 180 207 104 131 138 185 192 219 247 124 171 198 225 102 109 136 163 191 237 115 142 169 176 203 230 107 154 181 208 236 113 140 147 174 221 248 125 152 180 207 214 241 138 165 192 219 246 124 151 158 205 232 109 136 163 190 217 245 141 149 176 203 230 107 134 161 208 216 243 0 147 174 201 228 125 132 179 187 214 241 118 145 172 199 207 234 111 138 165 192 239 116 143 151 178 205 232 
109 156 183 210 237 114 122 169 176 223 100 127 154 181 208 235 243 140 167 194 221 248 125 152 160 207 234 111 138 165 192 219 246 123 150 178 205 232 109 136 163 210 237 244 122 149 176 203 230 127 154 161 188 216 243 120 147 194 221 228 125 132 159 187 214 111 138 165 192 199 226 103 131 0 204 232 109 116 163 170 197 244 121 148 176 203 230 237 114 161 188 215 242 120 127 154 161 208 235 112 
140 167 194 221 248 145 152 179 206 233 111 138 165 192 219 226 103 131 158 185 212 110 117 144 171 199 226 103 130 177 204 211 238 115 142 170 197 244 121 128 155 182 209 236 114 160 187 215 222 249 126 153 180 227 104 131 159 166 193 220 247 144 171 198 225 103 110 137 164 211 238 115 142 169 0 204 231 128 155 182 209 236 113 140 148 195 222 249 126 153 180 207 215 131 139 166 193 220 247 124 
151 198 225 233 110 137 164 191 218 115 142 169 196 204 231 108 135 182 209 236 113 120 148 175 202 249 106 133 160 187 214 222 249 146 173 200 227 104 131 158 186 193 220 247 124 151 178 206 233 110 247 144 152 179 206 233 110 157 184 211 218 246 123 150 177 224 101 128 135 162 190 217 244 141 168 0 222 249 106 133 161 207 235 112 139 166 173 200 227 124 151 178 206 233 110 137 144 191 218 245 
122 150 177 204 231 128 155 162 189 216 244 121 148 195 222 229 126 133 160 187 215 111 139 166 193 200 227 104 131 178 205 233 110 117 144 171 198 245 122 149 176 204 231 238 115 162 189 216 243 120 148 155 182 229 106 133 160 187 195 202 229 126 153 180 188 215 242 119 146 173 200 208 104 112 139 166 0 220 247 124 132 159 186 213 240 137 164 191 218 246 103 130 157 204 231 108 135 162 170 197 
244 121 148 175 202 229 106 133 161 207 215 242 119 146 173 200 227 124 132 159 186 213 240 117 144 191 198 245 103 130 157 184 211 108 135 162 170 197 224 101 128 175 202 229 236 113 141 168 195 242 119 146 173 200 207 235 112 158 186 213 240 117 124 151 179 225 102 130 157 184 191 238 245 142 169 196 224 0 128 155 162 209 236 113 140 167 195 222 229 126 153 180 207 234 111 139 166 193 200 227 
104 131 159 186 213 110 137 164 191 198 225 103 130 176 204 231 108 135 142 169 196 243 120 148 175 202 229 236 113 160 187 214 242 119 146 153 180 227 104 131 158 185 213 240 247 144 171 198 225 102 129 157 184 211 108 115 142 169 196 223 100 147 174 182 209 236 113 140 167 214 241 249 126 153 180 207 234 131 0 185 212 220 247 124 151 198 225 102 129 137 164 191 218 115 142 169 196 203 231 108 
135 182 209 236 113 140 147 175 202 229 106 133 160 187 214 241 118 165 173 200 227 104 131 158 185 212 240 247 124 151 178 205 232 134 141 188 195 222 249 127 154 201 228 105 112 139 166 193 221 236 113 140 167 194 221 248 106 153 180 207 234 111 138 165 173 219 247 124 151 178 205 232 239 136 163 191 218 245 122 0 176 203 100 107 135 162 189 216 243 140 167 174 201 228 106 133 160 207 234 241 
138 165 172 200 227 123 151 178 205 232 239 116 143 190 217 245 122 149 176 203 210 107 134 161 189 216 243 120 127 194 201 228 105 132 160 187 194 111 118 145 152 180 207 234 111 158 185 212 219 246 124 151 178 205 232 109 116 144 171 198 225 102 109 136 164 191 218 225 102 149 176 203 230 108 135 142 169 216 243 120 0 174 202 209 106 133 160 187 214 241 118 145 173 219 227 104 131 158 185 212 
239 136 163 190 198 245 102 129 156 203 230 107 134 162 169 196 223 120 147 174 201 228 236 113 140 187 214 241 118 145 172 199 207 104 131 158 185 212 239 116 124 171 198 225 102 129 156 183 191 237 115 142 169 196 223 100 127 154 201 208 236 113 140 167 194 241 118 125 152 180 187 194 221 118 145 172 200 227 104 111 138 0 192 220 247 124 151 178 185 212 240 117 144 171 198 225 102 129 156 184 
211 238 115 142 169 216 243 120 128 155 182 209 236 133 160 187 194 221 249 126 153 200 227 104 131 158 165 193 220 116 144 171 198 225 232 109 136 183 210 238 115 142 169 176 203 100 127 154 182 209 236 113 120 167 194 221 248 125 153 180 207 234 111 138 165 192 219 247 124 170 198 205 232 109 136 163 190 237 114 122 149 176 0 230 107 154 181 189 236 243 120 147 174 221 248 125 152 160 187 214 
241 138 165 192 219 246 123 151 158 185 212 239 116 143 171 178 225 102 129 156 183 210 237 115 142 188 196 223 100 127 154 181 208 105 113 140 167 194 221 248 125 172 180 207 234 111 138 165 192 239 116 143 151 178 205 232 109 156 183 210 217 245 122 149 176 223 100 127 154 181 189 216 243 140 167 194 221 248 105 132 160 206 234 0 138 165 172 219 226 123 150 178 205 232 109 136 143 190 217 244 
121 149 176 203 230 127 154 161 188 215 243 120 147 194 221 248 125 132 140 167 194 241 118 125 172 179 207 234 111 158 185 212 239 246 123 150 178 205 232 109 136 163 170 198 225 205 232 109 117 144 171 198 225 122 149 176 184 211 238 115 142 189 216 243 120 147 155 182 209 106 133 160 187 214 221 249 126 172 200 227 104 131 138 185 0 239 116 144 171 198 225 102 109 156 183 210 238 115 142 169 
196 243 120 127 174 181 209 236 113 160 187 214 241 248 125 153 180 226 104 131 158 165 192 219 247 143 170 198 225 102 129 136 163 210 237 114 142 169 196 203 230 127 154 181 208 235 113 120 167 194 201 228 106 133 160 187 214 111 118 145 172 199 227 104 131 158 185 192 219 247 124 151 178 225 232 109 136 144 171 198 225 122 149 176 203 0 107 115 142 189 216 243 120 147 174 182 209 106 133 160 
187 214 241 118 145 192 219 246 104 131 158 185 212 109 136 163 171 198 225 102 129 176 203 230 237 134 142 169 196 243 120 147 174 201 209 236 113 160 187 214 241 118 125 152 180 226 104 131 158 185 212 239 246 143 170 198 225 102 129 156 163 210 237 114 141 169 196 223 100 127 154 181 208 235 113 140 167 194 241 248 125 152 160 167 194 241 0 145 172 180 227 234 111 138 165 192 219 247 104 151 
178 205 102 109 136 163 190 218 245 142 169 176 203 230 107 134 162 208 236 243 120 147 174 201 228 125 152 179 207 214 241 118 145 192 219 246 123 131 158 185 212 109 136 163 190 198 225 102 129 176 203 230 107 134 161 169 196 243 120 147 174 201 228 236 113 160 187 214 241 118 145 172 180 226 103 131 158 185 212 239 116 163 170 197 225 102 129 0 183 230 237 114 141 169 196 223 100 147 174 201 
228 235 112 140 167 214 241 118 145 152 179 206 234 130 157 185 212 239 116 123 150 178 205 232 109 136 163 190 198 244 121 149 176 203 230 107 114 161 188 215 243 120 147 174 181 228 105 132 159 186 214 241 118 145 192 199 226 103 130 158 185 232 109 116 143 170 197 224 102 148 175 183 210 237 114 141 168 215 242 119 147 154 181 208 235 132 159 186 0 221 248 125 152 199 226 103 130 157 184 192 
219 136 143 170 197 224 101 128 156 202 210 237 114 141 168 195 222 119 127 173 181 208 235 112 139 186 213 240 248 125 132 159 186 233 110 137 145 172 199 226 103 150 177 204 212 239 116 143 170 197 224 101 128 136 163 190 217 180 187 214 241 119 146 173 180 227 104 131 158 185 212 240 247 144 171 198 225 102 129 156 164 230 238 115 142 169 196 223 100 0 174 182 209 236 113 140 167 214 241 249 
145 153 180 207 234 131 158 185 212 239 116 124 151 198 225 102 129 156 183 191 218 115 142 169 196 223 100 108 154 182 209 236 113 140 167 194 221 118 125 153 180 207 234 111 138 185 192 219 247 124 151 178 205 102 109 136 163 190 218 245 122 169 176 203 211 107 115 142 169 216 243 120 147 174 182 209 236 133 160 187 214 241 248 145 153 199 207 234 111 138 0 192 220 116 124 151 178 205 232 109 
136 183 210 237 115 122 149 176 203 100 127 154 181 189 236 243 120 167 194 221 248 125 152 160 187 234 111 138 165 192 219 227 104 151 178 205 232 109 136 163 190 217 245 122 149 176 203 230 107 154 161 189 216 243 120 147 174 221 228 105 132 160 187 214 241 138 145 192 199 226 104 131 158 205 232 109 116 143 170 198 225 121 149 176 183 230 237 114 141 188 215 0 120 147 154 162 189 235 243 120 
147 174 201 228 105 152 179 207 234 241 118 145 172 219 246 123 150 158 185 212 239 136 163 190 217 225 122 129 156 203 230 107 134 161 188 196 223 120 147 174 201 228 105 113 159 187 214 241 118 145 172 199 226 103 131 158 185 212 239 116 143 190 197 224 102 129 156 183 210 107 134 141 168 196 223 100 127 174 201 228 235 112 140 167 194 241 118 145 152 179 206 233 0 157 185 212 239 116 123 150 
177 224 101 128 156 183 210 237 244 141 168 195 222 100 127 154 181 208 235 112 139 166 194 221 248 145 172 179 206 233 110 137 165 211 239 246 123 150 177 204 231 128 155 183 210 217 244 121 148 195 222 249 126 134 161 188 215 112 139 166 193 201 248 105 132 179 206 233 110 137 164 172 199 246 123 150 177 204 231 239 135 163 190 217 244 121 148 175 202 229 107 134 161 0 215 242 119 166 173 200 
228 105 132 159 186 233 110 137 164 191 199 226 103 150 177 204 231 108 116 143 170 217 244 121 148 175 182 209 237 133 161 188 215 242 119 146 153 200 227 104 132 159 166 193 201 247 125 152 179 206 233 110 117 164 191 218 246 123 150 177 184 101 108 135 162 190 217 244 121 104 112 159 166 193 220 247 124 171 198 226 233 110 137 164 191 238 115 142 150 177 204 231 108 155 0 209 236 113 121 148 
175 222 249 126 153 180 207 235 242 139 166 193 220 247 124 151 178 206 102 110 137 164 191 218 245 142 169 177 204 231 108 135 162 209 236 244 121 148 175 202 229 126 153 180 207 215 242 119 146 193 220 247 124 131 159 186 213 110 137 164 191 218 245 102 130 176 204 231 108 135 162 169 196 243 101 128 155 182 209 236 113 160 168 195 222 249 126 153 180 227 234 111 139 166 193 0 247 144 151 178 
205 233 110 137 144 191 218 245 122 149 177 204 211 108 135 162 189 216 243 120 148 175 202 229 106 133 160 187 214 111 138 146 173 200 227 104 131 178 205 213 240 117 144 171 198 245 122 129 176 184 211 238 115 182 209 216 243 120 147 174 202 248 126 153 180 187 214 241 118 165 192 219 247 104 131 158 185 232 109 136 163 171 218 225 102 149 176 203 230 107 135 142 169 216 243 120 0 174 201 209 
236 133 160 187 214 241 248 106 133 180 207 234 111 138 146 173 200 247 124 151 178 205 232 109 117 164 191 218 245 122 149 176 184 230 107 135 162 189 216 243 100 147 174 201 229 106 133 160 187 214 111 118 145 173 200 227 104 151 178 185 212 239 116 144 171 218 245 102 129 156 183 210 238 134 161 189 216 223 100 127 154 201 228 105 133 140 167 194 221 118 145 172 199 227 104 111 138 0 212 239 
116 143 170 198 205 122 129 156 183 210 237 114 142 188 196 223 100 127 154 181 208 105 132 159 167 194 221 248 125 172 199 226 234 111 138 165 192 239 116 143 170 178 205 232 109 156 183 210 237 114 122 149 176 223 100 127 154 181 208 216 243 140 167 194 221 248 125 132 160 206 233 111 138 165 192 219 226 123 150 177 205 232 109 136 163 190 237 244 121 149 176 203 230 127 154 161 188 215 0 120 
147 194 221 248 105 152 159 186 214 110 137 165 192 219 226 103 130 177 204 231 109 136 143 170 197 244 121 148 175 203 230 107 114 161 188 215 242 119 146 174 181 228 105 132 159 186 213 240 118 145 172 199 226 103 110 138 165 211 219 246 123 150 177 204 232 128 136 183 190 217 244 121 148 195 222 249 107 134 161 188 215 112 139 166 174 220 228 105 132 179 206 233 110 137 145 172 199 246 123 0 

0 101 100 249 162 205 117 180 223 115 178 221 113 176 219 179 222 134 177 240 132 175 238 131 193 236 129 191 234 147 189 102 145 207 100 143 205 248 161 203 116 159 202 114 157 219 112 175 218 110 173 216 108 171 214 126 169 232 124 167 230 123 165 228 140 183 226 139 181 224 137 199 242 135 197 240 133 195 238 151 194 106 149 192 104 147 210 102 165 208 100 163 206 118 161 224 116 159 222 115 
224 0 223 242 155 217 110 172 235 128 190 103 146 208 121 163 226 119 181 244 137 199 112 174 217 130 172 235 147 190 103 165 208 121 183 226 138 201 244 156 199 112 174 217 129 192 235 147 210 103 165 228 120 183 246 138 201 244 156 219 111 174 237 129 192 104 147 210 122 165 228 120 183 245 138 201 113 156 219 131 174 236 149 192 104 147 210 122 185 228 140 203 245 158 201 113 176 219 131 194 
232 145 0 207 100 162 225 117 180 242 135 198 110 153 216 108 171 233 126 189 101 144 207 119 162 224 137 180 242 155 198 110 153 216 128 191 233 146 208 101 164 207 119 182 224 137 199 242 155 217 110 173 235 128 190 233 146 208 101 164 226 119 182 244 137 199 112 155 217 130 173 235 128 190 103 146 208 121 164 226 139 181 244 157 199 112 155 217 130 172 235 148 210 103 165 208 121 183 226 139 
229 141 204 0 187 249 162 204 117 180 222 135 178 240 153 196 108 171 213 126 188 231 144 206 249 162 204 117 179 222 135 197 110 153 215 128 170 233 126 188 101 144 206 119 162 224 137 179 242 154 197 110 153 215 128 170 233 145 188 101 163 206 119 181 224 137 179 242 154 197 110 172 215 128 190 233 145 208 101 163 226 119 181 224 136 199 242 154 217 129 172 235 127 190 103 145 208 101 163 226 
166 228 121 184 0 186 249 142 204 247 159 222 115 177 240 133 195 108 150 213 126 168 231 124 186 249 142 204 117 159 222 134 197 240 152 195 108 170 213 125 188 231 143 206 249 161 224 117 179 222 134 197 240 152 215 108 170 233 125 188 100 143 206 249 161 224 116 179 241 134 197 109 152 215 127 170 233 145 188 100 143 206 118 161 224 136 179 241 154 197 109 172 215 127 170 232 145 207 100 163 
103 165 208 121 183 0 166 229 141 184 247 159 202 114 177 220 132 195 238 150 193 105 168 211 123 186 229 185 247 160 202 115 177 220 133 195 238 151 213 106 168 211 124 186 229 142 204 247 160 222 115 177 240 133 195 108 151 213 106 168 231 124 186 249 161 204 117 159 222 135 177 240 133 195 108 170 213 126 188 231 143 186 249 161 204 117 179 222 134 197 240 152 215 108 170 233 125 188 231 143 
233 146 208 101 164 226 0 229 122 184 227 140 202 245 157 220 113 175 238 131 193 106 148 211 104 166 229 122 184 247 140 202 115 157 220 132 175 238 131 193 106 148 211 123 166 229 141 184 247 159 202 115 177 220 132 175 238 150 193 106 168 211 123 186 229 141 204 247 159 202 114 177 239 132 195 107 150 213 105 168 231 123 186 248 141 204 116 159 222 134 177 239 152 195 107 150 213 125 168 230 
171 233 146 188 101 163 206 0 209 121 164 227 139 182 245 157 200 112 175 218 130 173 236 148 191 103 166 209 121 184 227 139 202 245 157 200 112 175 218 130 193 236 148 211 103 166 228 121 184 227 139 202 244 157 219 112 175 237 130 193 105 148 211 123 166 228 121 184 246 159 202 114 177 219 132 175 237 150 193 105 168 210 123 185 228 141 203 246 159 201 114 177 219 132 194 237 150 212 105 168 
108 170 233 126 188 101 143 206 0 189 101 164 226 119 182 244 137 200 242 155 217 110 173 235 128 191 103 146 208 121 164 226 119 182 244 137 199 112 155 217 130 173 235 148 191 103 146 208 121 164 226 139 182 244 157 199 112 174 217 130 192 235 148 190 103 165 208 121 183 246 139 201 244 157 219 112 174 237 130 192 105 148 210 123 165 228 121 183 246 139 201 114 156 187 100 143 205 118 161 223 
242 135 197 240 153 215 108 171 233 0 125 168 231 123 186 248 141 204 247 159 222 134 177 239 152 195 107 150 213 125 168 230 143 186 248 161 204 116 179 222 134 177 239 152 195 107 170 213 125 188 230 143 205 248 161 204 116 179 221 134 196 239 152 214 107 170 232 125 188 100 143 205 248 161 223 116 179 241 154 196 109 152 214 127 170 232 145 187 100 162 205 118 180 223 136 178 241 154 196 109 
199 111 174 217 129 192 235 147 210 103 0 105 148 210 123 166 228 141 203 246 159 221 114 177 219 132 194 237 150 212 105 168 230 123 185 248 141 203 246 103 166 228 121 184 246 139 202 244 157 219 112 175 237 130 193 105 148 210 123 166 228 121 184 246 139 202 114 157 219 132 175 237 150 193 105 148 210 123 166 228 141 184 246 159 221 114 176 219 132 194 237 150 192 105 168 230 123 185 248 141 
231 143 206 249 161 224 117 179 222 134 197 0 200 242 155 217 110 173 215 128 191 233 146 208 101 164 226 119 182 244 137 199 242 155 217 130 173 235 148 190 103 166 208 121 164 226 139 182 244 157 199 112 174 217 130 192 235 148 190 103 165 208 121 183 226 139 201 244 156 219 112 174 217 130 192 235 148 210 103 165 228 121 183 246 139 201 244 156 219 112 174 237 149 192 105 167 210 122 165 228 
168 230 143 186 248 141 204 116 179 221 134 197 0 179 242 135 197 110 153 215 128 170 233 146 188 101 163 206 119 162 224 137 199 242 154 217 110 172 215 128 190 233 145 208 101 163 226 119 181 244 136 199 112 154 217 110 172 235 128 190 103 145 208 120 163 226 138 181 244 136 199 111 154 217 129 172 235 147 190 102 165 208 120 163 226 138 181 244 156 219 111 174 236 129 192 235 147 210 102 165 
105 168 210 123 185 228 141 203 116 159 221 114 176 0 179 222 134 197 240 152 215 108 170 233 125 188 231 143 206 249 161 224 136 179 242 134 197 109 152 215 127 170 233 145 188 100 163 206 118 161 224 136 179 241 154 197 109 172 215 127 190 232 145 208 100 163 206 118 181 224 136 199 241 154 216 109 172 234 127 190 232 145 207 100 163 225 118 181 243 136 199 111 154 216 109 172 234 147 190 102 
192 105 147 210 123 185 228 140 183 246 158 201 114 176 0 159 222 134 177 239 152 195 107 150 213 125 168 230 143 205 248 161 204 116 179 221 134 197 239 152 214 107 170 232 125 188 230 143 205 248 161 223 116 179 241 134 196 109 152 214 127 170 232 125 187 100 143 205 118 161 223 136 179 241 154 196 109 152 214 127 170 232 145 187 100 162 205 118 180 223 136 178 241 153 216 109 171 234 127 189 
129 192 104 147 210 102 165 228 120 183 226 138 201 113 156 0 159 221 114 177 219 132 194 237 150 212 125 168 230 123 185 248 141 203 246 159 221 134 176 239 152 194 107 150 212 125 167 230 143 185 248 176 238 151 214 106 169 212 124 187 230 142 205 247 160 222 115 178 240 133 196 238 151 213 106 169 231 124 187 249 142 204 117 160 222 115 178 240 153 196 108 171 213 126 188 231 144 187 249 162 
102 164 207 120 162 225 137 200 243 155 218 111 173 216 128 191 0 174 236 149 211 104 167 210 122 185 227 140 183 245 158 220 113 176 238 131 194 236 149 211 104 167 229 122 185 247 140 202 115 158 220 133 176 238 131 193 106 149 211 124 167 229 142 184 247 160 202 115 158 220 133 176 238 151 193 106 168 211 124 186 229 142 184 247 159 202 115 177 240 133 195 238 150 213 106 168 231 124 186 249 
189 232 144 207 119 162 225 137 180 242 135 198 110 153 216 128 171 0 174 236 129 191 104 147 209 102 165 227 140 182 245 157 200 113 156 218 131 173 236 149 191 104 166 209 122 184 227 140 182 245 157 200 113 175 218 131 193 236 148 211 104 166 229 122 184 227 139 202 245 157 220 113 175 238 131 193 106 148 211 104 166 229 122 184 247 159 202 114 157 220 132 175 238 150 193 105 168 211 123 186 
126 188 231 144 206 249 162 204 117 180 222 135 197 240 153 215 108 171 0 173 216 129 171 234 146 209 102 164 227 120 182 225 137 200 243 155 218 111 173 236 128 191 103 146 209 102 164 227 119 182 245 137 200 112 155 218 130 173 236 128 191 103 146 209 121 164 227 139 182 244 157 200 112 175 218 130 173 235 148 191 103 166 228 121 184 227 139 202 244 157 200 112 175 237 130 193 105 148 210 103 
213 126 168 231 124 186 249 142 204 117 159 222 135 177 240 152 195 108 150 0 153 216 128 171 233 146 189 101 144 207 119 162 225 137 180 242 155 198 110 173 216 128 171 233 146 189 101 164 207 119 182 224 137 200 242 155 198 110 173 215 128 191 233 146 208 101 164 226 119 182 244 137 199 242 155 217 110 173 235 148 190 103 146 208 121 164 226 119 181 244 157 199 112 174 217 130 173 235 148 190 
150 193 106 168 211 123 186 229 141 204 247 159 222 114 177 220 132 195 238 150 0 153 215 108 171 213 126 188 231 144 206 249 162 224 117 180 242 135 197 240 153 215 108 171 233 126 188 101 144 206 119 162 224 117 179 242 135 197 110 153 215 128 170 209 122 184 227 140 202 245 158 200 113 175 218 131 193 236 149 211 104 166 229 122 184 247 140 202 245 157 220 113 175 238 131 193 106 149 211 124 
214 126 169 232 144 187 249 142 205 117 160 223 135 198 240 153 196 108 171 214 126 0 129 172 234 147 189 102 145 207 120 163 225 138 180 243 155 218 111 173 216 129 191 234 147 209 102 164 227 120 182 245 138 200 243 155 218 111 173 236 129 191 104 146 209 122 164 227 120 182 245 137 200 113 155 218 130 173 236 148 191 104 166 209 121 164 227 139 182 245 157 200 112 175 218 130 193 236 148 191 
151 194 106 169 211 124 187 229 142 204 117 160 222 115 178 240 133 195 238 151 213 126 0 148 211 103 166 229 121 184 246 139 202 114 157 220 132 175 237 130 193 105 148 211 123 166 228 141 184 246 159 202 114 177 219 132 175 237 150 193 105 168 211 123 186 228 141 203 246 159 202 114 177 219 132 194 237 150 212 105 168 230 123 185 228 141 203 116 159 221 134 177 239 152 194 107 150 212 125 168 
206 249 162 224 137 179 242 135 197 110 153 215 128 171 233 146 188 101 163 206 119 181 224 0 227 120 182 245 157 200 112 155 218 130 173 236 148 191 103 166 209 121 184 227 139 182 244 157 200 112 175 218 130 193 236 148 211 103 166 228 121 184 227 139 202 244 157 219 112 175 237 130 193 105 148 210 103 166 228 121 184 246 139 202 114 157 219 132 175 237 130 193 105 168 210 123 185 228 141 203 
143 206 249 161 204 117 179 222 134 197 240 152 215 108 170 233 125 188 231 143 206 249 161 224 0 226 119 182 224 137 200 242 155 217 110 173 235 128 191 103 146 208 101 164 226 119 182 244 137 199 112 155 217 130 173 235 128 190 103 146 208 121 164 226 139 182 244 157 199 112 174 217 130 173 235 148 190 103 165 208 121 183 226 139 201 244 157 199 112 174 186 229 142 204 247 160 202 115 177 220 
180 223 135 198 241 153 216 109 171 234 126 189 101 144 207 100 162 225 117 180 243 135 198 110 153 0 156 218 111 174 236 129 192 104 147 209 122 165 227 120 183 245 138 200 113 156 218 131 174 236 149 191 104 147 209 122 165 227 140 202 245 158 200 113 175 218 131 173 236 149 211 104 166 229 122 129 172 235 147 190 102 165 208 120 183 226 138 181 243 156 199 111 174 217 129 192 234 147 210 102 
212 105 167 230 123 185 228 141 203 246 159 221 114 176 239 132 194 107 150 212 105 167 230 123 185 248 0 100 143 206 249 161 224 116 179 241 134 197 109 152 215 127 170 232 125 188 100 143 206 118 161 224 136 179 241 154 197 109 152 215 127 190 232 145 207 100 163 206 118 181 223 136 198 241 154 216 109 172 234 127 190 102 145 207 100 163 225 118 181 243 136 198 111 154 216 129 172 234 127 189 
149 192 105 147 212 116 171 245 150 205 109 164 239 143 198 103 157 232 136 191 246 170 225 130 184 239 163 0 150 205 110 164 239 143 198 103 177 232 137 191 246 170 225 130 184 109 163 218 123 177 102 157 211 116 171 245 150 204 109 184 238 143 198 102 177 231 136 191 245 170 224 129 184 239 163 218 122 177 232 156 211 115 170 225 149 204 109 163 238 142 197 102 156 231 136 190 245 150 224 129 
211 116 190 245 149 204 109 183 238 143 197 102 176 101 155 210 115 169 244 149 203 108 163 237 142 196 101 175 0 162 217 122 176 101 156 210 115 170 244 149 203 108 182 237 142 197 101 176 230 135 190 114 169 223 128 183 107 162 217 121 176 100 155 210 134 189 244 148 223 127 182 237 161 216 120 175 100 154 209 114 168 243 147 202 107 161 236 141 195 100 174 229 134 188 243 167 222 127 181 106 
188 243 148 202 107 181 236 141 215 120 174 229 154 208 113 168 242 147 201 106 161 235 140 195 249 174 228 133 188 0 175 249 154 208 113 168 242 147 202 106 161 235 140 195 249 174 228 133 188 243 167 222 126 181 236 160 215 119 174 249 153 208 113 167 242 146 201 106 180 235 139 194 249 173 228 133 187 112 166 221 126 180 105 160 214 119 174 248 153 207 112 167 241 146 201 105 160 234 139 194 
126 181 105 160 214 119 174 248 153 208 112 187 241 146 201 105 180 234 192 117 171 246 150 205 110 164 219 124 178 233 0 220 211 116 108 162 217 122 176 231 155 127 182 237 141 196 101 155 210 115 169 224 129 183 238 143 197 102 157 211 116 171 226 150 185 240 144 199 104 158 213 118 172 227 132 186 241 146 200 105 160 214 119 174 229 133 188 178 232 137 192 247 151 206 111 165 220 125 179 234 
166 118 110 164 239 143 198 103 158 232 137 191 246 151 225 130 184 239 144 218 123 178 232 137 211 116 171 225 150 205 109 0 246 151 206 130 185 239 144 218 123 178 232 137 212 116 171 226 130 205 109 164 219 123 198 103 157 212 136 191 246 150 205 129 184 239 143 218 123 177 232 137 211 116 170 225 130 204 109 164 218 143 197 102 157 211 136 190 245 150 205 129 184 238 143 217 122 177 231 136 
218 143 197 102 157 212 136 191 245 150 224 129 184 238 143 218 122 177 232 156 211 115 170 225 149 204 109 163 218 142 197 102 0 239 143 218 122 177 232 136 211 116 170 225 149 204 109 163 218 142 197 102 157 211 136 190 245 150 204 129 183 238 143 197 122 177 231 136 191 115 170 224 129 203 108 163 218 122 197 101 156 211 115 190 244 149 204 109 183 238 142 197 102 176 231 135 190 245 169 224 
156 211 135 190 245 149 204 128 183 238 142 217 122 176 231 136 210 115 169 224 129 203 108 163 217 122 196 101 156 210 115 189 244 0 231 136 190 115 170 224 129 184 108 163 217 122 177 101 156 211 115 190 244 149 204 108 183 237 142 197 121 176 231 135 190 114 169 224 128 183 107 162 217 122 196 101 155 210 115 189 244 148 203 128 182 237 142 196 121 175 230 135 189 114 169 223 128 183 107 162 
244 149 203 128 182 237 142 196 121 176 230 135 209 114 169 223 128 202 107 162 217 121 196 100 155 210 134 189 243 148 203 127 182 237 0 224 128 203 107 162 217 121 196 100 155 210 114 189 244 148 203 108 182 237 141 196 101 175 230 135 189 114 168 223 128 182 107 161 216 121 176 100 155 209 114 169 243 148 202 107 162 236 141 196 100 155 229 134 189 243 168 223 127 182 237 161 216 120 175 230 
182 236 141 196 120 175 230 134 189 113 168 223 127 182 106 161 216 121 175 100 154 209 114 168 243 147 202 107 181 236 141 195 100 174 229 0 216 121 175 100 154 209 114 168 243 148 202 107 162 236 141 195 100 175 229 134 189 243 168 222 127 182 236 161 215 120 175 249 154 209 113 168 242 147 202 106 181 236 140 195 100 174 229 133 188 243 167 222 127 181 236 160 215 120 174 249 153 208 113 157 
239 144 218 123 177 232 156 211 116 171 225 150 204 109 164 238 143 197 102 157 231 136 191 245 170 224 129 184 238 163 218 122 177 232 156 211 0 198 102 157 231 136 191 245 150 225 129 184 239 163 218 122 177 232 156 211 115 170 225 149 204 109 163 218 142 197 102 156 211 136 190 245 150 204 129 183 238 143 217 122 177 231 136 210 115 170 224 129 203 108 163 218 122 197 101 156 211 115 190 244 
177 231 156 210 115 170 225 149 204 108 163 218 142 197 101 156 231 135 190 245 149 224 128 183 238 142 217 122 176 231 136 210 115 169 224 129 203 0 190 245 149 204 129 183 238 143 197 122 176 231 136 190 115 169 224 129 203 108 163 217 122 196 101 156 210 135 190 244 149 204 128 183 237 142 197 121 176 231 135 210 114 169 224 128 203 107 162 217 141 196 101 155 210 134 189 244 148 203 128 182 
114 169 224 129 203 108 162 217 141 196 101 155 210 135 189 244 149 223 128 182 237 142 216 121 176 230 135 209 114 169 223 148 202 107 162 216 141 196 0 183 237 142 216 121 176 230 135 209 114 169 223 128 203 107 162 217 121 196 100 155 210 134 189 244 148 203 127 182 237 141 196 120 175 230 135 189 114 168 223 128 182 107 161 216 121 176 100 155 209 114 169 243 148 202 107 182 236 141 196 100 
202 107 162 216 141 195 100 155 209 134 189 243 148 203 127 182 236 141 196 120 175 230 134 189 113 168 223 127 182 106 161 216 120 195 100 154 209 114 188 0 175 230 134 189 113 168 223 127 182 107 161 216 121 175 100 154 209 114 188 243 148 202 107 181 236 141 195 100 174 229 134 189 113 168 222 127 182 106 161 215 120 195 249 154 209 113 188 242 147 202 106 181 236 140 195 100 174 229 133 188 
120 195 249 154 209 113 188 243 147 202 126 181 236 140 195 119 174 229 134 188 113 167 222 127 201 106 160 215 120 194 249 154 208 113 187 242 147 201 126 181 0 167 222 127 181 106 161 215 120 194 249 154 208 113 188 242 147 202 106 181 235 140 195 249 174 228 133 188 243 167 222 126 181 236 160 215 119 174 249 153 208 113 167 242 146 201 106 160 235 140 194 249 154 228 133 187 242 147 221 126 
208 113 187 242 147 201 106 180 235 140 194 230 135 189 114 169 223 128 202 107 162 216 121 196 100 155 210 114 189 243 148 203 127 182 236 141 196 120 175 230 134 0 161 215 120 194 249 154 209 113 188 242 147 202 106 181 235 140 195 119 174 229 133 188 112 167 222 126 181 106 160 215 120 174 249 153 208 113 167 242 147 201 106 161 235 140 194 249 173 228 133 187 242 167 221 126 181 105 160 214 
147 201 126 180 235 140 194 119 174 228 133 188 112 167 221 126 181 105 160 215 119 174 248 153 208 112 187 241 146 201 106 180 235 139 194 249 173 228 132 187 112 166 0 153 208 113 187 242 146 201 125 180 235 139 194 119 173 228 133 187 112 166 221 126 200 105 160 214 119 193 248 153 207 112 186 241 146 201 105 180 234 139 194 248 173 227 132 187 241 166 221 125 180 235 159 214 118 173 247 152 
234 139 194 118 173 228 132 207 111 166 221 125 200 105 159 214 119 193 248 152 207 112 186 241 145 200 105 179 234 139 193 248 172 227 132 186 111 166 220 125 180 104 159 0 146 200 105 179 234 139 193 248 173 227 132 187 241 166 220 125 180 234 159 214 118 173 228 152 207 111 166 240 145 200 104 159 234 138 193 248 152 227 131 186 241 145 220 125 179 234 158 213 118 172 227 151 206 111 166 240 
172 227 132 186 241 165 220 125 179 234 159 213 118 173 247 152 206 111 166 240 145 199 104 159 233 138 193 247 152 226 131 186 240 165 220 124 179 234 158 213 117 172 246 151 0 138 193 247 172 227 131 186 241 165 220 124 179 103 158 213 118 172 247 151 206 111 165 240 144 199 104 158 233 138 192 247 152 226 131 185 240 165 219 124 179 233 158 212 117 172 226 151 205 110 165 220 144 199 103 158 
110 165 219 124 179 103 158 213 117 172 246 151 206 110 165 239 144 199 103 178 233 137 192 247 171 226 130 185 240 164 219 124 178 233 157 212 117 171 226 150 205 110 165 219 144 0 131 185 240 145 219 124 178 233 138 212 117 172 226 151 205 110 165 219 144 198 103 158 212 137 192 246 151 206 130 185 239 144 199 123 178 233 137 212 116 171 226 130 205 109 164 219 143 198 103 157 212 136 191 246 
178 233 157 212 116 171 226 150 205 110 164 219 143 198 103 157 212 137 191 246 151 205 130 110 184 239 144 199 103 178 232 137 192 246 171 225 130 185 240 164 219 123 178 233 157 212 0 238 143 198 102 157 231 136 191 245 150 224 129 184 239 163 218 122 177 232 156 211 115 170 225 149 204 109 163 238 142 197 102 156 231 135 190 245 169 224 129 183 238 162 217 122 176 101 156 210 115 170 244 149 
231 136 190 245 169 224 129 183 238 163 217 122 177 101 156 210 115 170 244 149 204 108 163 237 142 197 101 215 140 194 249 154 228 133 187 242 147 221 126 181 235 140 214 119 174 228 133 0 160 214 139 193 248 153 207 132 186 241 146 220 125 180 234 139 213 118 173 227 152 207 111 166 221 145 200 104 159 233 138 193 248 152 227 131 186 241 145 220 124 179 234 138 213 118 172 227 132 206 111 165 
137 192 246 171 226 130 185 240 164 219 123 178 103 157 212 117 171 246 150 205 110 164 239 143 198 103 158 232 137 191 246 151 225 130 184 239 144 218 123 178 232 157 211 116 171 225 150 205 0 191 246 151 225 130 185 239 144 218 123 178 232 137 212 116 171 226 130 205 109 164 219 123 198 103 157 212 136 191 246 150 205 129 184 239 143 218 123 177 232 137 211 116 170 225 130 204 109 164 218 143 
225 130 184 239 144 218 123 177 232 137 211 116 171 225 130 204 109 164 218 143 197 102 157 212 136 191 245 150 224 129 184 238 143 218 122 177 232 156 211 115 170 225 149 204 109 163 218 142 197 0 184 239 143 218 122 177 232 156 211 116 170 225 149 204 109 163 218 142 197 102 157 211 136 190 245 150 204 129 183 238 143 197 122 177 231 136 210 115 170 224 129 203 108 163 218 122 197 101 156 211 
163 217 122 177 231 156 211 115 170 225 149 204 108 163 218 142 197 101 156 211 135 190 245 149 224 128 183 238 142 217 122 176 231 136 210 115 169 224 129 203 108 163 217 122 196 101 156 210 115 189 0 176 231 136 190 115 170 224 129 184 108 163 217 122 196 101 156 211 115 190 244 149 204 108 183 237 142 197 121 176 231 135 190 114 169 224 128 183 107 162 217 122 196 101 155 210 115 189 244 148 
231 135 210 115 169 224 129 203 108 162 217 122 196 101 155 210 115 189 244 149 203 128 182 237 142 196 121 176 230 135 209 114 169 223 128 235 160 214 119 174 228 153 207 112 167 221 146 201 105 160 215 0 221 126 181 235 140 214 119 174 228 133 208 112 167 222 146 201 105 160 215 139 194 248 153 208 132 187 242 146 201 125 180 235 139 194 119 173 228 133 207 112 166 221 126 200 105 160 214 139 
221 126 180 235 159 214 119 173 228 153 207 112 167 221 146 200 105 160 214 139 193 248 153 208 132 187 241 146 201 125 180 234 139 214 118 173 228 132 207 111 166 221 145 200 105 159 214 138 193 248 152 227 0 214 118 173 228 152 207 112 166 221 145 200 105 159 214 138 193 248 152 227 132 186 241 146 220 125 179 234 139 213 118 173 227 132 206 111 166 220 125 199 104 159 214 118 193 247 152 207 
159 213 118 173 227 152 206 111 166 240 145 200 104 159 233 138 193 247 152 227 131 186 241 145 220 124 179 234 138 213 118 172 227 132 206 111 165 220 125 199 104 159 213 138 192 247 152 206 131 185 240 145 199 0 206 111 166 220 125 199 104 159 213 118 192 247 152 206 111 186 240 145 200 104 179 233 138 193 117 172 227 131 186 110 165 220 124 179 103 158 213 118 192 247 151 206 111 185 240 144 
227 131 206 110 165 220 125 199 104 158 213 118 192 247 151 206 131 185 240 145 199 124 178 233 138 192 117 172 226 131 186 110 165 219 124 198 103 158 213 117 192 246 151 206 130 185 239 144 199 123 178 233 137 212 0 218 143 197 102 157 211 136 191 245 150 205 129 184 238 143 198 122 177 232 136 191 115 170 225 129 184 108 163 218 123 177 102 156 211 116 190 245 149 204 109 183 238 143 197 102 
204 109 163 218 142 197 102 156 211 136 190 245 150 204 129 183 238 143 197 122 177 231 136 191 115 170 224 129 203 108 163 218 122 197 101 156 211 115 190 244 149 204 108 183 238 142 197 102 176 231 135 190 114 169 224 0 211 115 190 245 149 204 109 183 238 142 197 122 176 231 136 190 115 169 224 129 203 108 162 217 122 196 101 156 210 115 189 244 149 203 108 183 237 142 197 121 176 230 135 190 
122 196 101 156 210 115 190 244 149 204 128 183 237 142 197 121 176 231 135 210 114 169 224 128 203 107 162 217 122 196 101 155 210 134 189 244 148 203 128 182 237 142 196 121 175 230 135 238 142 197 121 176 231 135 190 114 0 101 156 211 115 190 245 149 204 109 183 238 142 197 102 176 231 135 190 245 169 224 129 183 238 162 217 122 176 101 156 210 115 170 244 149 203 108 163 237 142 197 101 156 
108 163 217 122 196 101 156 210 115 190 244 149 204 108 183 237 142 197 101 176 230 135 190 114 169 224 128 183 107 162 217 121 176 101 155 210 115 169 244 148 203 108 162 237 142 196 101 156 230 135 189 244 149 223 128 182 237 0 244 149 203 108 163 237 142 196 101 156 230 135 189 244 169 223 128 183 237 162 216 121 176 100 155 210 114 169 243 148 203 107 162 236 141 196 101 175 230 134 189 244 
176 100 155 210 114 169 243 148 203 108 182 237 141 196 101 175 230 134 189 244 168 223 128 182 107 161 216 121 175 100 155 209 114 188 243 148 202 107 181 236 141 196 100 175 229 134 189 243 168 222 127 182 236 161 216 120 175 230 0 236 141 196 100 155 229 134 189 243 148 223 127 182 237 161 216 120 175 230 154 209 114 168 223 147 202 107 161 216 140 195 100 155 209 134 188 243 148 202 127 181 
114 168 243 147 202 107 162 236 141 195 100 174 229 134 188 243 168 222 127 182 236 161 215 120 175 229 154 209 113 168 223 147 202 106 161 216 140 195 100 154 229 133 188 243 147 222 126 181 236 140 215 120 174 229 134 208 113 167 222 0 209 133 188 243 147 222 127 181 236 141 215 120 174 229 154 208 113 168 222 147 201 106 161 235 140 194 249 154 228 133 188 242 147 221 126 181 235 140 215 119 
201 106 161 235 140 195 249 154 228 133 188 242 147 222 126 181 236 160 215 119 174 229 153 208 113 167 242 146 201 106 160 235 139 194 249 154 228 133 187 242 147 221 126 180 235 160 214 119 174 228 153 207 112 167 221 146 201 105 160 215 0 221 126 181 235 140 214 119 174 228 133 208 112 167 222 126 201 105 160 215 119 194 248 153 208 132 187 242 146 201 125 180 235 139 194 119 173 228 133 187 
139 194 249 153 228 132 187 242 146 221 126 180 235 140 214 119 173 228 133 207 112 167 221 146 200 105 160 214 139 193 248 153 208 132 187 241 146 201 125 180 234 139 194 118 173 228 132 187 111 166 221 125 200 104 159 214 119 193 248 169 224 0 210 115 190 244 149 204 108 183 237 142 197 101 176 231 135 190 114 169 224 128 183 107 162 217 121 196 101 155 210 115 189 244 148 203 128 182 237 142 
224 129 203 108 162 217 122 196 101 155 210 115 189 244 149 203 108 182 237 142 196 121 175 230 135 190 114 169 223 128 202 107 162 216 121 196 100 155 210 134 189 243 148 203 127 182 237 141 196 120 175 230 134 209 113 168 223 128 202 107 161 216 0 203 127 182 237 141 196 120 175 230 135 189 114 168 223 128 182 107 161 216 121 175 100 155 209 114 188 243 148 202 107 182 236 141 196 100 175 229 
162 216 141 195 100 155 209 134 189 243 148 203 127 182 236 141 196 120 175 229 134 189 113 168 223 127 202 106 161 216 120 195 100 154 209 114 188 243 147 202 107 181 236 141 195 100 174 229 134 188 243 167 222 127 182 236 161 215 120 175 249 154 208 0 195 100 174 229 134 189 243 168 222 127 182 236 161 215 120 175 249 154 209 113 168 242 147 202 106 181 236 140 195 100 174 229 133 188 243 167 
249 154 209 113 188 243 147 202 107 181 236 140 195 100 174 229 133 188 243 167 222 127 181 106 160 215 120 174 249 154 208 113 187 242 147 201 106 180 235 140 195 119 174 228 133 188 112 167 221 126 181 105 160 215 119 174 248 153 208 112 167 242 146 201 0 188 243 167 222 126 181 236 160 215 119 174 249 153 208 113 167 242 146 201 106 160 235 140 194 249 154 228 133 187 242 147 221 126 180 235 
187 242 147 201 106 180 235 140 194 249 173 228 133 187 112 167 221 126 181 105 160 214 119 174 248 153 208 112 167 241 146 201 105 160 234 139 194 249 153 228 132 187 242 166 221 125 180 235 159 214 119 173 228 152 207 112 166 221 146 200 105 160 214 139 193 0 180 235 140 214 119 173 228 153 207 112 167 221 146 200 105 160 234 139 194 248 153 227 132 187 241 146 220 125 180 234 159 214 118 173 
105 160 234 139 194 248 153 227 132 187 241 146 221 125 180 235 159 214 118 173 228 152 207 112 166 241 145 200 105 159 234 138 193 248 172 227 132 186 241 165 220 125 179 234 159 213 118 173 247 152 206 111 166 240 145 200 104 159 233 138 193 247 152 226 131 186 0 173 227 152 207 233 158 212 117 172 246 151 205 110 165 239 144 198 103 178 232 137 192 246 171 225 130 185 239 164 219 123 178 233 
185 239 144 199 123 178 232 137 192 116 171 226 130 185 109 164 219 123 178 102 157 212 117 191 246 150 205 110 184 239 143 198 103 177 232 137 191 246 170 225 130 184 239 164 218 123 178 232 157 211 116 171 225 150 204 109 164 238 143 198 102 157 231 136 191 245 150 0 157 211 116 171 226 150 205 109 164 219 143 198 102 157 232 136 191 246 150 225 129 184 239 143 218 123 177 232 156 211 116 170 
103 177 232 136 191 246 170 225 130 184 239 163 218 123 177 232 156 211 116 171 225 150 204 109 164 238 143 197 102 157 231 136 191 245 170 224 129 184 238 163 218 122 177 232 156 211 115 170 244 149 204 108 163 238 142 197 102 156 231 135 190 245 169 224 129 183 238 162 0 149 204 109 163 238 142 197 102 156 231 136 190 245 150 224 129 183 238 143 217 122 177 231 136 210 115 170 224 129 203 108 
190 245 169 224 129 184 238 163 217 122 177 101 156 210 115 170 244 149 204 108 163 237 142 197 101 156 231 135 190 245 149 224 128 183 238 142 217 122 176 231 155 210 115 169 224 148 203 108 162 217 142 196 101 156 210 135 189 244 149 203 128 183 237 142 197 121 176 230 135 0 122 196 101 156 210 135 190 244 149 204 128 183 237 142 197 121 176 231 135 210 114 169 224 128 203 107 162 217 141 196 
128 183 238 142 217 121 176 231 135 210 114 169 224 129 203 108 162 217 141 196 101 155 210 135 189 244 149 223 128 182 237 142 216 121 176 230 135 209 114 169 223 148 202 107 162 216 141 196 100 155 229 134 189 243 148 223 127 182 237 141 216 120 175 230 134 209 113 168 223 128 0 134 189 244 148 203 127 182 237 141 196 120 175 230 135 209 114 168 223 128 202 107 161 216 121 195 100 155 209 114 
216 121 175 230 154 209 114 168 223 148 202 107 162 216 141 195 100 155 209 134 189 243 148 222 127 182 236 141 215 120 175 230 134 209 113 168 223 127 202 106 161 216 120 195 100 154 209 114 188 243 147 202 127 181 236 141 195 120 174 229 134 188 113 167 222 127 182 106 161 215 120 0 107 181 236 141 195 100 174 229 134 189 113 168 242 147 202 126 181 236 140 195 119 174 229 133 188 112 167 222 
154 228 133 188 243 147 222 126 181 236 140 215 119 174 229 134 208 113 167 222 146 201 106 160 215 140 194 249 154 208 133 187 242 147 201 126 180 235 140 195 119 174 228 133 188 112 167 221 126 201 105 160 215 119 194 248 153 208 132 187 242 146 201 125 180 235 139 214 118 173 228 133 0 139 194 249 153 208 132 187 242 146 201 125 180 235 140 214 119 173 228 133 207 112 166 221 126 200 105 160 
242 147 221 126 180 235 140 214 119 173 228 153 207 112 167 221 146 200 105 160 214 139 194 248 153 227 132 187 241 146 220 125 180 234 139 214 118 173 228 132 207 111 166 221 125 200 105 159 214 119 193 248 152 207 131 186 241 146 200 125 179 234 139 193 118 172 227 132 187 111 166 220 125 0 151 206 111 185 240 145 199 124 178 233 138 192 117 171 226 131 205 110 165 219 124 198 103 158 212 137 
199 124 178 233 138 212 117 172 226 131 205 110 165 219 124 199 103 158 213 137 192 246 151 206 130 185 239 144 199 123 178 233 137 212 116 171 226 130 205 110 164 219 143 198 103 157 212 136 191 246 151 205 130 184 239 144 198 123 177 232 137 192 116 171 225 130 204 109 164 218 123 198 102 157 0 144 199 123 178 232 137 192 116 171 225 130 185 109 164 219 123 178 102 157 212 116 171 246 150 205 
137 212 116 171 226 130 205 109 164 219 143 198 103 157 212 136 191 246 150 205 129 184 239 143 198 123 177 232 137 191 116 170 225 130 184 109 164 218 123 197 102 157 211 116 190 245 150 205 109 184 238 143 198 102 177 231 136 191 246 170 225 129 184 239 163 218 122 177 102 156 211 116 170 245 149 0 136 191 246 170 225 129 184 109 163 218 123 177 102 156 211 116 190 245 150 204 109 183 238 143 
225 130 184 109 163 218 123 177 102 157 211 116 190 245 150 204 109 183 238 143 197 102 177 231 136 191 115 170 224 129 184 108 163 218 122 197 101 156 211 115 190 244 149 204 109 183 238 142 197 121 176 231 135 190 115 169 224 129 183 108 162 217 122 176 101 156 210 115 170 244 149 203 108 163 237 142 0 129 183 238 163 217 122 177 231 156 210 115 170 244 149 204 108 163 237 115 169 224 149 203 
135 190 245 169 224 129 183 238 162 217 122 176 231 156 210 115 170 244 149 203 108 163 237 142 196 101 156 230 135 190 244 149 223 128 183 237 162 217 121 176 231 155 210 114 169 224 148 203 108 162 217 141 196 101 155 210 134 189 244 149 203 128 182 237 142 216 121 175 230 135 209 114 169 223 128 202 107 0 244 149 203 128 182 237 142 196 121 176 230 135 190 114 169 223 128 183 107 162 217 121 
223 128 183 237 142 216 121 176 230 155 210 114 169 224 148 203 107 162 217 141 196 100 155 210 134 189 244 148 203 127 182 237 141 196 121 175 230 135 189 114 168 223 128 202 107 162 216 121 195 100 155 209 134 188 243 148 203 127 182 236 141 215 120 175 229 134 209 113 168 223 127 202 106 161 216 140 195 249 0 236 141 216 120 175 230 134 209 113 168 223 127 202 107 161 216 121 195 100 154 209 
141 216 120 175 230 134 209 114 168 223 147 202 107 161 216 140 195 100 154 229 134 188 243 148 222 127 181 236 141 215 120 175 229 134 208 113 168 222 127 201 106 161 216 120 195 249 154 209 133 188 242 147 202 126 181 236 140 195 119 174 229 133 188 113 167 222 127 181 106 160 215 120 174 249 153 208 113 187 242 0 229 134 188 243 167 222 127 181 106 161 215 120 175 249 154 208 113 168 242 147 
229 134 208 113 168 222 127 201 106 161 215 120 194 249 154 208 113 188 242 147 202 106 181 235 140 195 119 174 229 133 188 112 167 222 126 181 105 160 215 120 174 249 153 208 113 187 242 146 201 106 180 235 140 194 119 173 228 133 187 112 167 221 126 181 105 160 214 119 193 248 153 207 112 187 241 146 201 105 180 234 0 221 126 181 105 160 215 119 174 248 153 208 112 187 241 146 201 105 180 235 
167 222 126 201 105 160 215 119 194 248 153 208 132 187 242 146 201 125 180 235 139 194 119 173 228 133 187 112 166 221 126 200 105 159 214 119 193 248 153 207 112 186 241 146 200 105 180 234 139 194 248 173 227 132 187 241 166 221 125 180 235 159 214 118 173 247 152 207 111 166 241 145 200 105 159 234 138 193 248 152 227 0 214 119 173 228 152 207 112 166 221 145 200 105 159 234 139 193 248 153 
105 159 214 119 173 248 152 129 203 108 162 237 141 196 101 155 230 135 189 244 149 223 128 182 237 161 216 121 176 230 155 209 114 169 223 148 202 107 162 216 141 196 100 155 210 134 189 243 148 203 127 182 237 141 216 120 175 230 134 209 113 168 223 128 202 107 161 216 121 195 100 154 209 134 188 243 148 202 127 181 236 141 0 128 202 107 161 216 141 195 100 155 209 134 188 243 148 222 127 182 
114 168 223 148 202 107 162 216 141 195 100 155 209 134 189 243 148 222 127 182 236 141 215 120 175 230 154 209 113 168 223 147 202 106 161 216 140 195 100 154 229 133 188 243 147 222 127 181 236 141 215 120 174 229 134 208 113 167 222 147 201 106 161 215 140 194 249 154 208 133 188 242 147 202 126 181 235 140 195 119 174 229 133 0 120 195 249 154 209 113 188 242 147 202 106 181 236 140 195 119 
202 106 161 216 140 195 249 154 229 133 188 243 147 222 126 181 236 140 215 119 174 229 134 208 113 167 242 146 201 106 160 235 140 194 249 154 228 133 187 242 166 221 126 181 235 160 214 119 174 248 153 207 112 167 241 146 201 105 180 234 139 194 248 173 228 132 187 242 166 221 125 180 104 159 214 118 173 248 152 207 112 166 241 145 0 132 187 242 166 221 125 180 235 159 214 119 173 228 152 207 
139 194 249 173 228 133 187 112 166 221 126 180 105 159 214 119 193 248 153 207 112 186 241 146 200 105 179 234 139 194 248 173 227 132 187 241 166 220 125 180 235 159 214 118 173 247 152 207 111 166 241 145 200 105 159 234 138 193 248 152 227 132 186 241 146 220 125 179 234 139 213 118 172 227 152 206 111 166 220 145 199 104 159 213 138 0 125 179 234 139 213 118 173 227 132 206 111 166 220 145 
247 152 206 111 166 240 145 199 104 159 233 138 193 247 152 226 131 186 240 145 219 124 179 233 158 213 117 172 227 151 206 110 165 220 144 199 104 158 213 137 192 247 151 206 130 185 240 145 199 124 178 233 138 212 117 171 226 131 205 110 165 219 124 198 103 158 212 137 192 246 151 206 130 185 239 144 218 123 178 232 137 212 116 171 226 150 0 157 211 136 191 245 150 224 129 184 238 143 217 122 
204 109 183 238 143 198 102 177 231 136 191 245 170 224 129 184 238 163 218 103 178 232 137 192 116 171 226 130 185 109 164 219 123 178 103 157 212 117 191 246 150 205 110 184 239 143 198 103 177 232 137 191 246 170 225 130 184 239 164 218 123 178 232 157 211 116 171 245 150 205 109 164 238 143 198 102 157 231 136 191 245 150 225 129 184 239 143 0 150 205 109 164 219 143 198 103 157 232 136 191 
123 178 102 157 212 116 171 245 150 205 110 184 239 143 198 103 177 232 136 191 246 170 225 130 184 239 163 218 123 177 232 157 211 116 171 225 150 204 109 164 238 143 197 102 157 231 136 191 245 170 224 129 184 238 163 218 122 177 101 156 211 115 170 244 149 204 109 163 238 142 197 102 176 231 135 190 245 169 224 129 183 238 162 217 122 176 231 156 0 142 197 102 157 231 136 190 245 150 224 129 
211 116 170 245 149 204 109 183 238 143 197 102 176 231 136 190 245 170 224 129 184 108 163 217 122 177 101 156 211 115 170 244 149 204 108 163 237 142 197 101 156 231 135 190 245 149 224 128 183 238 162 217 122 176 231 155 210 115 169 224 148 203 108 163 217 142 196 101 156 210 135 189 244 149 203 128 183 237 142 216 121 176 230 135 210 114 169 224 128 0 135 190 244 149 204 128 183 237 142 217 
149 203 108 163 237 142 197 101 156 230 135 190 244 149 224 128 183 238 142 217 121 176 231 135 210 115 169 224 148 203 108 162 217 141 196 101 155 210 135 189 244 149 223 128 182 237 142 216 121 176 230 155 209 114 169 223 148 202 107 162 217 141 196 100 155 229 134 189 243 148 223 127 182 237 141 216 120 175 230 134 209 114 168 223 128 202 107 161 216 140 0 127 182 237 141 216 121 175 230 135 
237 141 196 101 155 230 134 189 244 168 223 128 182 237 161 216 121 175 230 154 209 114 169 223 148 202 107 162 216 141 195 100 155 229 134 189 243 148 222 127 182 236 141 215 120 175 230 134 209 113 168 223 127 202 106 161 216 121 195 100 154 209 114 188 243 147 202 127 181 236 141 195 120 174 229 134 188 113 168 222 127 182 106 161 215 120 175 249 154 208 113 0 120 175 229 134 189 113 168 222 
155 209 134 188 243 148 202 127 182 236 141 215 120 175 229 134 208 113 168 223 127 202 106 161 216 120 195 249 154 209 113 118 172 247 151 206 111 165 240 145 199 104 178 233 138 192 247 171 226 131 186 110 165 219 124 179 103 158 212 117 172 246 151 206 110 165 239 144 199 103 158 233 137 192 247 151 226 130 185 240 164 219 123 178 233 157 212 117 171 226 150 205 0 192 247 151 226 130 185 240 
192 247 151 206 111 185 240 144 199 104 178 233 137 192 247 171 226 131 185 240 164 219 124 178 233 158 212 117 172 246 151 205 110 165 239 144 199 103 158 232 137 192 246 151 225 130 185 240 144 219 123 178 233 137 212 116 171 226 150 205 110 164 219 143 198 103 157 212 137 191 246 151 205 130 184 239 144 198 123 177 232 137 211 116 171 225 130 204 109 164 218 143 198 0 184 239 144 218 123 178 
110 165 219 144 198 103 158 232 137 191 246 151 225 130 185 239 144 218 123 178 232 137 212 116 171 226 150 205 109 164 219 143 198 103 157 232 136 191 246 150 225 129 184 239 163 218 123 177 232 156 211 116 170 225 150 204 109 164 218 143 197 102 157 231 136 191 245 150 224 129 184 238 143 217 122 177 231 136 211 115 170 225 129 204 108 163 218 122 197 102 156 211 116 190 0 177 232 136 191 115 
198 102 157 231 136 191 245 150 225 129 184 239 163 218 122 177 232 156 211 116 170 225 149 204 109 163 218 142 197 102 157 211 136 190 245 150 204 129 183 238 143 217 122 177 231 136 210 115 170 224 129 204 108 163 218 122 197 101 156 211 115 190 244 149 204 109 183 238 142 197 121 176 231 135 190 115 169 224 129 183 108 162 217 122 196 101 156 210 115 189 244 149 203 128 182 0 169 224 129 203 
135 190 245 149 204 129 183 238 143 197 122 176 231 136 190 115 170 224 129 203 108 163 217 122 196 101 156 211 135 190 244 149 204 128 183 237 142 217 121 176 231 135 210 114 169 224 128 203 108 162 217 141 196 101 155 210 134 189 244 148 203 128 182 237 142 196 121 175 230 135 189 114 169 223 128 183 107 162 216 121 195 100 155 210 114 189 243 148 203 107 182 236 141 196 101 175 0 162 217 121 
223 128 183 237 142 216 121 176 230 135 210 114 169 224 128 203 107 162 217 121 196 100 155 210 115 189 244 148 203 127 182 237 141 196 121 175 230 135 189 114 168 223 128 182 107 162 216 121 176 100 155 209 114 169 243 148 202 107 182 236 141 196 100 175 229 134 189 243 168 223 127 182 237 161 216 120 175 249 154 209 114 168 243 147 202 107 181 236 140 195 100 174 229 134 188 113 167 0 154 209 
200 105 160 215 139 194 248 153 227 132 187 241 146 221 125 180 235 139 214 118 173 228 132 207 112 166 221 126 200 105 159 214 119 193 248 152 207 132 186 241 146 200 125 179 234 139 193 118 173 227 132 206 111 166 220 125 199 104 159 214 118 193 247 152 207 131 186 240 145 200 124 179 234 138 213 117 172 227 131 206 111 165 220 125 199 104 158 213 118 192 247 151 206 111 185 240 145 199 0 186 
178 102 157 211 116 191 245 150 205 109 184 238 143 198 122 177 232 136 191 115 170 225 129 184 108 163 218 123 177 102 156 211 116 170 245 149 204 109 163 238 143 197 102 157 231 136 190 245 170 224 129 184 238 163 217 122 177 231 156 210 115 170 225 149 204 108 163 237 142 197 101 156 231 135 190 245 169 224 128 183 238 162 217 122 176 101 155 210 115 169 244 148 203 108 162 237 142 196 101 0 

3140 0 73 4568
3031 0 73 4132
2866 0 73 3443
3225 0 73 4326
4635 0 74 3251
4722 1 74 3338
3320 1 74 4748
4274 1 74 2890
2612 1 74 3713
2514 1 74 3615
3200 2 74 4301
4808 2 74 3423
2819 2 74 3920
4099 2 75 2715
4596 2 75 3212
2796 3 75 3897
3293 3 75 4394
3916 3 75 2532
4412 3 75 3028
4909 3 75 3851
3247 3 75 4348
3606 4 75 4707
4103 4 76 2719
4599 4 76 3215
2610 4 76 3712
3107 4 76 4535
3931 4 76 2547
4290 5 76 2906
4786 5 76 3402
2797 5 76 3898
3294 5 76 4395
3791 5 77 2734
4614 5 77 3230
4761 6 77 3377
2772 6 77 3873
3269 6 77 4369
3765 6 77 4866
4262 6 77 3205
2600 6 77 3701
2959 7 77 4060
3456 7 78 4556
3952 7 78 2568
4449 7 78 3392
4946 7 78 3888
2957 7 78 4385
3643 8 78 4743
4139 8 78 2755
4636 8 78 3252
2647 8 78 4075
3144 8 79 4571
3640 8 79 2583
4326 9 79 2942
4823 9 79 3439
2834 9 79 3935
3331 9 79 4432
3827 9 79 4928
4324 9 79 3267
2524 10 79 3626
3021 10 79 4122
3518 10 80 4618
4014 10 80 2630
4511 10 80 3454
2522 10 80 3950
3208 11 80 4309
3705 11 80 4805
3134 11 80 4235
3958 11 80 2574
4454 11 80 3070
4951 11 81 3894
3289 11 81 4390
3648 12 81 4749
4145 12 81 2761
4641 12 81 3257
2652 12 81 4081
3149 12 81 4577
3973 12 81 2589
4470 12 81 3085
4828 13 82 3444
2839 13 82 3941
3336 13 82 4764
4160 13 82 2776
4657 13 82 3272
2668 13 82 3769
3164 13 82 4265
3523 14 82 4624
4020 14 82 2963
4844 14 83 3459
2855 14 83 3956
3351 14 83 4452
3848 14 83 4949
4345 14 83 2961
4704 15 83 3646
3042 15 83 4143
3211 15 83 4639
4035 15 83 2651
4532 15 83 3148
2543 15 84 3644
3039 15 84 4140
3398 16 84 4826
3895 16 84 2838
4719 16 84 3334
2730 16 84 3831
3226 16 84 4327
3723 16 84 2666
4220 16 84 2836
4906 17 85 3521
2917 17 85 4018
3413 17 85 4514
3910 17 85 2526
4407 17 85 3023
4904 17 85 3519
2914 17 85 4342
3600 18 85 4701
4097 18 85 2713
4594 18 85 3210
2605 18 86 3706
3102 18 86 4203
3598 18 86 2541
4422 18 86 3038
4919 18 86 3534
2792 19 86 3893
3289 19 86 4389
3785 19 86 2728
4282 19 86 3225
2620 19 87 3721
3117 19 87 4218
3613 19 87 4714
4110 19 87 2726
4469 20 87 3412
3946 20 87 2889
4246 20 87 2862
4742 20 87 3358
2753 20 88 3855
3250 20 88 4351
3747 20 88 4847
4243 20 88 2859
3425 21 88 4525
3921 21 88 2537
4418 21 88 3034
4915 21 88 3530
2926 21 88 4354
3422 21 88 4850
3919 21 89 2862
4743 21 89 3358
2616 22 89 3717
3113 22 89 4214
3609 22 89 4710
4106 22 89 3049
4930 22 89 3545
2941 22 89 4042
3437 22 89 4538
3934 22 89 2550
4293 73 90 2909
4790 73 90 3732
3128 73 90 4229
3624 73 90 4725
4121 73 90 2737
4618 73 90 3234
2629 73 90 3730
3126 73 90 4227
3622 73 90 2565
4308 74 91 2924
4805 74 91 3421
2816 74 91 3917
3313 74 91 4413
3809 74 91 2752
4306 74 91 3249
2644 74 91 3745
3141 74 91 4242
3637 74 91 4738
3996 75 92 2612
4493 75 92 3436
2831 75 92 3932
3001 75 92 4429
3824 75 92 4925
4321 75 92 2937
4818 75 92 3433
2829 75 92 3930
3325 75 92 4753
3684 76 92 2627
4508 76 93 3124
2519 76 93 3620
3016 76 93 4117
3512 76 93 4613
4009 76 93 2625
4506 76 93 3449
2517 76 93 3945
3341 76 93 4441
3699 77 93 4800
4196 77 93 2812
3515 77 94 4943
4339 77 94 2955
4835 77 94 3451
2846 77 94 3948
3343 77 94 4444
3840 77 94 4940
4337 77 94 2952
2537 78 94 3638
3033 78 94 4134
3530 78 95 4631
4027 78 95 2643
4524 78 95 3139
2535 78 95 3963
3031 78 95 4459
3855 78 95 4956
4352 78 95 2968
4711 79 95 3326
2722 79 95 3823
3218 79 95 4646
4042 79 96 2658
4539 79 96 3154
2550 79 96 3651
3046 79 96 4147
3543 79 96 4644
4040 79 96 2656
4536 79 96 3479
4895 80 96 3838
3233 80 96 4334
3730 80 97 4831
4227 80 97 2843
4723 80 97 3339
2734 80 97 4162
3231 80 97 4659
4055 80 97 2671
4552 80 97 3167
2563 80 97 3664
2921 81 97 4023
3418 81 97 4519
3915 81 98 2858
4739 81 98 3354
2750 81 98 3851
3246 81 98 4347
3743 81 98 4844
4240 81 98 2856
4736 81 98 3352
2747 81 98 4175
3433 82 98 4534
3930 82 99 2546
4427 82 99 3043
4923 82 99 3539
2934 82 99 4035
3431 82 99 4859
4255 82 99 2871
4751 82 99 3367
2762 82 99 3864
3259 82 99 4360
3618 83 99 2561
4115 83 0 2731
4285 83 0 3227
4781 83 0 3397
2792 83 0 3893
2962 83 0 4063
3459 83 0 4560
3955 83 0 2571
4125 83 0 3068
4622 83 0 3238
2495 84 0 3596
4360 85 1 2976
4719 86 1 3334
4751 87 1 3693
2624 88 1 4052
2983 89 1 4084
3342 90 2 4442
4027 91 2 3297
4713 92 2 3329
2587 93 2 3688
2945 94 2 4047
3304 95 2 4405
3663 96 2 4764
4022 97 2 2638
4381 98 3 2997
4740 99 3 3356

30746

0 943 45
1 306 30
2 557 30
3 493 38
4 943 24
5 939 42
6 699 29
7 458 31
8 968 47
9 510 48
10 566 24
11 266 37
12 677 23
13 437 40
14 947 22
15 707 39
16 369 25
17 640 39
18 400 22
19 910 38
20 571 25
21 331 41
22 841 24
23 601 40
24 262 26
25 772 39
26 532 25
27 292 42
28 703 24
29 463 41
30 973 27
31 733 44
32 394 26
33 283 39
34 891 22
35 553 38
36 312 25
37 822 37
38 582 24
39 994 40
40 754 23
41 514 39
42 274 26
43 685 42
44 445 25
45 955 41
46 616 27
47 376 40
48 886 26
49 646 43
50 307 29
51 817 42
52 577 28
53 337 45
54 748 27
55 508 44
56 268 30
57 778 43
58 439 29
59 949 46
60 709 28
61 469 45
62 881 31
63 640 43
64 400 30
65 826 44
66 586 30
67 346 47
68 757 29
69 517 46
70 277 32
71 787 45
72 448 31
73 958 44
74 718 30
75 478 47
76 890 29
77 649 45
78 409 32
79 919 44
80 581 31
81 341 47
82 851 30
83 611 46
84 272 33
85 782 49
86 542 32
87 302 48
88 713 35
89 473 47
90 983 34
91 743 20
92 404 33
93 914 49
94 674 35
95 434 22
96 845 34
97 605 21
98 365 37
99 875 20
