100 182 3

0 246 245 224 222 221 200 198 177 176 214 161 199 237 145 183 221 129 167 225 113 151 208 246 154 192 230 138 176 234 122 160 218 106 164 202 240 148 186 224 132 170 227 155 213 101 158 197 148 146 184 242 130 188 226 114 172 210 118 156 194 101 140 197 235 123 181 219 107 165 203 111 149 187 245 133 191 229 117 175 213 120 158 106 144 182 240 128 185 223 112 169 207 115 153 191 249 137 195 122 
117 0 154 152 131 169 207 154 192 231 138 176 234 122 160 107 165 203 241 149 187 225 133 211 118 156 194 102 140 198 236 124 182 220 128 166 204 112 150 247 135 193 231 119 177 215 123 161 199 106 145 202 240 128 186 224 112 170 208 116 154 192 100 138 196 234 122 180 218 125 163 241 149 187 245 133 171 228 117 155 212 100 158 196 234 142 180 238 126 164 222 110 168 206 244 191 229 137 175 233 
140 119 0 156 194 102 140 198 236 124 182 109 167 205 113 151 189 247 135 192 230 119 176 214 122 160 198 146 184 241 129 167 225 113 151 249 156 194 232 140 178 216 124 202 109 148 186 243 131 189 227 174 213 101 158 196 104 142 180 238 126 184 222 110 168 206 114 191 229 137 175 233 121 159 217 105 143 201 239 146 185 223 130 168 226 114 152 210 248 156 194 141 179 217 125 163 162 200 108 185 
243 151 189 0 135 173 230 118 157 214 102 140 198 236 144 182 220 128 166 224 112 150 208 245 244 223 221 109 167 205 113 190 248 136 174 232 120 178 216 143 201 239 127 185 223 131 169 116 154 192 100 138 196 234 122 219 107 165 203 241 149 187 245 172 230 118 156 214 102 160 198 125 183 221 129 167 205 113 151 248 136 194 232 120 178 216 124 162 200 108 146 184 242 130 187 115 153 211 249 157 
214 102 160 198 0 144 182 240 128 166 224 151 209 247 135 193 231 139 177 215 123 161 199 107 145 203 241 188 186 224 132 170 208 116 154 212 100 138 196 234 142 180 218 165 203 111 149 207 245 133 191 118 136 175 213 120 158 196 104 182 240 128 166 223 111 169 207 155 193 231 138 177 234 122 160 108 146 204 242 130 187 225 133 211 119 157 195 102 140 198 236 164 222 110 167 206 244 151 189 137 
194 232 121 178 216 0 162 109 148 205 243 131 189 227 115 173 211 119 157 195 103 141 199 126 164 222 110 168 206 244 152 190 248 136 174 231 120 158 215 163 201 239 146 185 242 130 168 226 114 152 210 248 156 194 232 179 217 125 163 201 152 171 209 116 155 193 100 138 196 234 122 220 108 146 203 241 149 187 225 173 211 118 157 214 102 140 198 126 183 222 110 167 205 113 151 249 137 175 232 120 
178 236 124 221 109 147 0 243 151 189 227 174 212 120 158 196 104 142 180 127 185 223 111 169 207 115 153 231 138 176 214 122 160 218 106 203 241 130 187 225 133 171 209 117 155 213 101 139 197 235 143 220 108 166 204 112 150 188 246 134 172 230 118 175 213 102 159 107 145 183 240 128 167 224 112 170 208 246 154 192 100 138 176 123 161 219 107 145 203 241 149 187 225 133 171 209 117 155 212 140 
198 106 144 182 239 127 185 0 171 209 247 154 192 100 138 216 124 162 219 108 146 203 241 189 227 134 173 211 118 156 214 142 180 238 126 183 221 110 167 245 153 191 248 136 175 232 120 218 106 144 202 240 128 185 223 171 209 117 155 193 100 138 196 124 162 220 108 165 204 242 149 187 245 133 171 229 117 175 213 160 198 236 144 182 240 128 166 224 112 170 208 246 154 192 230 177 215 123 161 199 
126 164 203 150 188 246 134 172 0 208 116 194 101 139 197 235 123 181 219 127 165 203 111 149 207 245 133 230 118 156 214 102 160 198 236 128 146 204 242 130 188 226 133 211 249 157 195 233 141 179 236 164 222 110 148 206 244 152 190 117 175 213 121 159 197 105 143 240 128 186 224 112 170 208 115 193 231 139 177 235 123 161 219 146 204 242 150 188 226 134 172 119 157 195 103 141 179 237 125 182 
240 128 186 224 112 170 208 155 193 0 139 177 235 123 161 219 107 165 203 241 149 187 244 172 230 118 156 214 102 160 198 236 143 181 220 127 165 223 111 189 207 245 153 191 229 137 175 122 160 198 106 144 202 240 128 225 113 171 209 117 155 193 101 178 197 235 123 180 219 107 164 242 150 188 226 134 172 229 117 215 103 141 199 237 144 182 221 168 206 114 152 190 247 136 193 121 179 217 105 163 
220 108 166 244 151 189 228 135 173 231 0 197 105 143 181 238 126 184 222 170 208 115 153 191 249 137 175 233 121 179 217 105 163 201 109 186 224 132 170 228 116 154 212 100 158 196 234 142 180 218 125 223 111 149 207 245 133 190 229 136 174 212 120 158 216 104 142 239 127 185 223 111 130 128 166 114 152 209 247 155 193 231 139 217 105 162 201 108 146 184 242 170 227 116 173 211 249 157 195 143 
200 238 146 184 222 130 168 115 153 191 249 0 195 233 121 218 106 164 202 110 148 186 244 172 229 117 155 213 101 139 197 144 182 220 128 166 224 112 150 247 135 174 231 119 177 215 103 200 239 146 184 242 130 168 226 114 172 210 248 156 194 102 140 217 125 163 221 109 147 205 243 131 189 227 134 172 211 118 156 104 142 199 238 126 183 221 129 167 205 113 151 209 247 135 193 120 178 216 104 162 
220 108 166 243 151 189 227 135 173 211 119 216 0 142 200 238 146 184 222 169 207 245 153 191 249 137 175 122 160 218 106 164 202 240 148 225 133 171 209 117 155 213 101 198 236 124 182 220 128 166 204 151 189 247 135 173 231 119 177 104 162 200 238 146 184 242 130 207 115 153 191 249 137 195 233 180 218 126 164 202 110 148 186 244 132 190 228 116 173 211 119 197 235 143 181 238 127 165 222 110 
168 226 114 172 210 248 156 233 121 179 217 125 163 0 109 206 244 132 190 228 227 115 153 100 138 196 234 122 180 218 125 203 111 149 187 245 133 191 229 156 214 102 160 198 236 144 182 159 178 216 104 162 200 238 145 243 131 169 227 115 172 211 249 196 234 122 180 218 126 164 202 149 187 245 133 191 229 117 174 102 160 198 236 144 182 239 128 225 113 151 209 247 155 193 231 178 216 124 162 200 
127 165 203 151 189 247 135 173 230 118 157 214 102 160 0 236 144 182 240 167 225 113 151 209 247 155 193 231 139 177 235 123 161 219 107 204 242 130 188 226 134 172 210 117 155 194 101 139 197 235 123 221 219 127 165 203 111 149 207 134 192 230 118 176 214 122 160 237 145 183 241 129 167 225 113 210 209 247 154 193 231 138 176 124 162 220 108 146 203 241 149 227 115 173 211 118 156 195 102 180 
238 145 183 241 129 167 225 153 210 248 156 194 232 140 178 0 164 202 109 147 205 243 131 229 117 174 212 120 158 196 104 182 220 127 166 223 111 149 207 245 153 191 229 137 175 233 121 218 106 144 202 240 148 186 224 132 170 228 116 154 211 249 157 235 123 181 219 107 164 203 110 148 186 244 132 190 228 116 174 101 159 197 105 143 142 160 198 126 183 221 110 167 205 113 151 248 136 194 232 120 
178 236 124 221 109 147 205 243 151 189 227 174 212 120 158 196 0 142 200 127 185 223 111 169 207 115 153 231 138 176 234 122 160 218 106 203 241 149 187 225 133 171 229 156 194 102 140 178 236 124 182 109 167 205 113 151 189 247 135 213 120 158 216 104 142 200 238 146 184 222 130 168 226 114 152 249 137 195 233 141 179 217 125 163 220 108 147 204 242 150 188 116 173 212 100 157 195 103 141 179 
107 145 183 241 129 187 225 152 210 248 156 194 232 140 178 125 163 0 109 147 205 243 151 228 116 174 212 120 158 196 104 181 239 127 185 223 111 169 207 134 192 230 138 176 214 122 160 107 145 203 241 129 187 225 133 210 248 156 194 102 140 178 236 163 221 109 167 205 243 151 189 136 174 212 120 158 216 104 142 239 127 185 223 131 169 207 115 192 230 138 176 234 122 160 218 106 164 202 240 147 
205 243 151 229 136 174 212 120 158 216 104 142 200 238 146 184 222 130 0 115 153 211 249 137 195 233 141 218 106 164 202 240 239 127 184 112 170 208 116 154 192 100 138 235 123 161 219 107 165 203 241 188 226 134 172 230 118 156 213 240 144 182 240 128 186 224 112 209 247 155 193 231 139 177 215 162 220 108 146 204 242 149 188 115 173 211 249 157 195 103 141 238 126 164 222 110 168 206 244 191 
249 137 195 233 140 178 217 164 202 110 148 186 243 132 189 117 175 213 101 0 197 104 142 220 128 166 224 112 150 207 245 193 231 139 177 215 122 161 218 146 184 242 130 168 226 114 171 249 157 195 233 141 179 236 124 202 110 148 206 244 132 189 228 175 173 211 119 157 215 103 141 238 126 184 222 130 168 206 114 191 249 137 175 233 121 159 217 164 163 201 239 147 185 243 131 228 116 154 212 100 
158 215 104 201 239 127 185 223 130 169 207 154 192 100 138 176 234 122 179 107 0 203 241 149 187 244 132 210 118 156 194 102 140 198 236 183 221 129 167 205 113 151 189 136 174 232 120 158 216 104 161 239 147 185 223 131 169 226 115 192 100 138 196 234 122 180 218 165 203 111 149 187 245 133 190 118 156 214 102 140 198 236 144 221 129 167 225 113 151 209 247 174 232 120 178 216 214 233 121 218 
126 164 202 110 148 206 244 191 229 117 175 213 121 159 197 144 182 240 128 166 224 0 150 247 155 193 231 139 177 215 123 200 108 146 184 242 130 188 226 173 211 249 157 195 103 141 179 126 164 222 110 148 206 244 152 229 137 175 213 121 159 217 105 182 240 128 186 224 112 170 208 155 193 101 139 177 235 123 161 108 146 204 242 130 188 226 134 211 119 157 195 103 141 199 237 164 222 110 168 206 
114 171 209 137 195 233 141 179 217 125 163 110 148 206 244 132 190 228 135 213 101 159 0 105 143 181 238 166 224 112 170 208 246 154 192 119 177 215 123 161 199 107 145 242 130 188 226 114 172 210 117 195 233 141 179 237 125 163 221 148 206 244 152 190 228 136 174 121 159 197 105 143 201 239 127 224 112 170 208 116 154 192 100 177 215 123 161 219 107 145 203 150 188 226 134 172 210 118 156 103 
161 199 107 145 183 240 128 226 114 152 210 248 155 194 232 179 217 125 163 220 109 147 204 0 190 228 116 174 212 119 157 105 143 181 239 127 184 223 111 208 246 134 192 230 228 116 174 102 159 198 236 143 181 239 127 205 113 151 208 246 135 192 230 178 216 123 161 200 107 145 203 131 149 207 245 133 191 229 137 215 122 160 218 106 144 202 240 168 225 113 171 209 247 155 193 140 178 236 124 162 
220 128 166 113 151 209 247 135 193 231 139 216 104 162 200 108 146 184 242 169 227 115 173 211 0 157 195 142 180 218 126 164 202 110 148 206 244 132 190 228 136 174 212 159 197 105 143 201 239 127 184 223 130 168 206 114 152 210 248 176 233 121 179 217 105 163 201 239 147 185 243 131 169 227 115 212 211 249 156 195 102 140 178 126 164 222 110 167 205 243 151 229 137 175 213 120 158 197 104 202 
109 147 185 243 131 169 227 174 212 100 158 196 104 142 180 127 166 204 111 149 207 245 133 231 119 0 214 122 160 198 106 184 241 129 168 225 113 171 209 156 194 233 140 178 236 124 162 110 148 205 243 131 189 227 115 213 120 158 197 104 142 200 238 126 184 222 110 168 206 114 152 229 137 175 233 121 159 217 105 163 201 239 147 185 242 130 169 116 154 212 100 157 195 234 141 179 237 125 163 221 
129 167 205 152 190 248 136 194 192 191 249 176 214 122 160 218 106 144 202 129 187 225 133 171 209 117 0 233 140 178 236 124 162 220 108 205 243 151 189 227 135 173 231 158 196 104 142 200 238 126 184 111 169 207 115 153 191 249 137 234 122 160 218 106 164 202 240 187 225 133 171 229 117 155 213 140 198 236 124 182 220 108 166 113 151 189 247 135 173 231 119 177 215 103 161 199 107 145 183 130 
188 226 134 172 229 118 156 213 101 159 197 235 143 181 239 166 204 112 150 188 246 134 192 230 118 176 214 0 160 198 106 183 241 129 187 225 113 171 209 156 194 232 140 178 236 124 162 109 147 205 243 151 189 227 135 212 120 158 196 104 142 180 238 185 223 111 169 207 245 153 191 138 176 214 122 160 218 106 144 241 129 187 225 133 171 209 117 194 102 140 178 236 124 182 220 167 205 243 151 189 
247 154 193 140 178 216 124 162 220 108 146 243 131 189 227 115 173 211 249 156 195 102 140 178 236 124 182 110 0 205 243 151 189 247 135 173 231 119 177 215 103 161 199 146 184 222 130 168 206 114 152 249 137 195 233 141 120 158 215 143 201 239 127 185 223 131 169 116 154 192 100 138 196 234 122 219 107 165 203 241 149 187 244 124 142 200 238 126 184 222 130 207 245 153 191 229 137 175 233 160 
218 126 164 202 110 148 205 133 191 229 117 175 213 121 159 236 144 182 240 128 166 224 112 209 247 155 193 231 139 0 234 162 200 108 146 204 242 130 188 115 173 211 119 157 195 103 141 179 236 125 182 220 108 166 204 151 190 228 135 173 231 119 157 105 143 200 238 146 184 222 130 208 115 153 192 249 137 195 233 121 179 217 105 163 201 109 147 244 243 131 189 227 115 172 210 158 196 104 142 180 
237 145 183 131 169 226 114 152 210 248 156 234 232 140 178 236 124 162 220 147 185 243 131 189 227 115 173 120 158 196 0 142 180 238 126 223 111 149 207 245 153 191 229 176 214 122 160 218 106 144 202 129 187 225 113 171 209 117 155 102 140 178 236 124 182 220 108 205 243 131 189 227 135 173 211 119 157 215 103 141 199 237 144 222 130 168 206 114 152 209 247 175 233 121 179 217 105 162 201 148 
206 244 151 189 228 135 173 231 119 157 215 103 141 199 237 184 222 130 168 206 224 223 111 208 246 154 192 230 138 176 234 0 219 107 145 203 241 149 187 115 172 210 248 156 194 102 140 237 125 183 221 109 167 205 243 190 229 136 174 212 120 158 216 144 201 239 127 185 223 131 169 247 154 192 100 138 176 234 122 219 107 165 203 241 149 187 245 173 211 118 156 214 102 140 198 126 183 221 129 167 
225 113 171 209 247 155 193 101 139 177 235 162 220 108 166 204 242 150 188 135 173 211 119 157 215 103 141 238 126 184 222 130 0 206 113 152 209 247 135 193 231 139 177 105 162 200 239 146 184 242 130 227 116 154 211 249 157 195 233 181 219 126 164 202 110 148 206 134 191 229 118 175 213 121 159 237 144 183 240 128 166 224 112 210 248 155 193 231 139 177 235 163 201 108 146 185 242 130 188 116 
173 231 119 157 215 103 161 238 146 184 222 130 168 226 114 192 249 137 195 233 121 179 217 164 202 110 148 186 244 132 190 228 116 0 212 120 158 196 104 181 219 127 165 223 111 149 207 154 192 230 138 176 214 122 160 107 145 183 241 129 187 225 113 210 248 156 194 102 231 138 176 104 162 200 108 146 184 241 130 227 115 173 211 249 157 195 233 180 218 126 164 202 110 148 205 203 222 110 148 206 
113 151 189 137 194 233 121 178 216 104 162 240 148 186 224 131 170 227 115 213 101 139 196 235 142 180 218 166 204 112 150 188 245 133 0 119 177 215 103 160 198 106 144 222 130 168 225 114 152 209 247 195 233 140 179 217 124 162 200 108 146 204 242 130 188 226 134 211 249 157 195 103 141 179 237 125 183 221 109 167 205 112 151 248 136 174 232 120 178 216 104 161 199 238 145 183 241 129 167 114 
172 210 118 156 214 102 140 237 125 183 221 109 167 205 113 190 248 136 174 232 120 178 216 143 162 200 108 146 184 242 130 207 115 153 211 0 137 195 233 180 218 126 164 202 110 148 205 133 171 229 117 175 213 101 159 236 144 182 240 128 166 224 112 209 247 135 193 231 139 177 215 162 200 108 146 204 242 130 188 115 153 211 249 157 195 233 141 179 236 125 163 220 108 166 204 151 190 228 135 173 
231 139 177 215 123 161 219 107 145 203 241 188 226 134 172 210 118 156 213 102 140 197 235 123 181 219 127 205 243 150 189 246 245 243 151 229 0 175 213 120 159 216 104 182 240 128 166 224 112 169 207 155 193 101 139 177 234 122 161 108 146 204 242 130 187 226 133 211 119 157 195 103 141 198 236 164 222 110 168 206 244 151 189 137 175 233 121 159 216 105 162 240 128 186 224 112 170 208 115 193 
101 158 197 235 142 180 238 166 224 112 150 207 245 153 191 229 137 175 233 121 159 217 105 202 240 128 186 224 132 170 208 116 154 212 100 138 196 0 122 219 127 165 203 111 149 187 244 132 190 228 116 174 212 120 158 236 143 181 239 127 165 223 111 208 246 154 192 230 138 176 234 161 200 107 145 203 241 129 187 115 172 210 118 156 194 102 140 218 125 163 221 109 147 205 243 190 228 136 174 212 
120 178 216 163 201 109 147 185 243 131 189 116 154 212 100 158 196 234 142 219 127 165 223 111 149 207 245 192 230 118 176 214 102 160 198 145 183 241 0 187 225 113 171 209 247 155 193 101 139 177 235 162 220 108 146 204 242 150 188 226 133 171 229 117 155 213 101 198 237 144 182 220 128 166 224 152 190 247 135 173 172 210 118 195 103 141 199 237 125 183 221 168 206 244 152 190 248 136 174 121 
179 217 125 163 221 109 147 122 140 178 236 124 162 220 108 205 243 151 189 227 135 173 231 158 196 104 142 200 238 126 184 111 169 207 115 153 191 249 137 0 122 160 218 106 144 202 240 187 225 133 171 229 117 155 213 140 178 236 124 182 220 108 166 243 151 189 247 135 173 231 119 177 215 103 161 199 106 144 183 130 168 226 114 152 209 248 136 193 231 139 177 215 123 161 219 146 204 242 130 188 
246 134 192 230 118 176 214 121 160 198 105 183 201 239 127 185 223 111 169 116 154 192 100 138 176 234 122 219 107 145 203 241 149 187 225 172 171 229 117 155 0 101 159 236 144 182 220 128 166 224 112 189 247 135 193 231 119 177 215 162 200 108 146 184 242 130 187 115 153 211 249 137 195 233 141 218 126 164 202 110 148 206 244 171 229 117 175 213 101 159 197 144 182 240 128 166 224 112 170 208 
115 153 211 249 157 195 233 180 218 126 164 222 110 148 206 244 132 190 228 136 174 212 120 197 105 143 181 239 127 185 223 111 169 207 114 152 190 248 136 234 122 0 217 106 104 122 160 108 146 184 242 130 187 226 114 211 249 157 195 102 141 179 236 164 222 110 148 206 244 151 189 137 175 213 121 159 216 104 143 240 128 166 224 112 170 208 246 193 101 139 177 235 123 161 218 146 204 242 130 188 
245 133 191 119 177 215 103 160 198 106 144 242 130 168 225 114 171 209 247 195 233 141 179 217 124 162 220 108 146 204 242 130 188 226 134 211 119 157 195 103 141 199 0 125 183 221 129 167 205 113 151 248 136 174 232 120 178 216 104 161 199 107 145 183 241 129 167 115 172 210 248 156 194 232 140 218 125 163 201 109 147 205 243 190 228 117 174 212 120 158 196 143 182 239 127 165 223 111 169 247 
154 212 100 138 196 234 142 219 127 165 203 111 149 207 245 172 230 118 156 214 102 160 198 145 183 241 129 167 225 113 151 248 136 194 232 120 178 216 124 201 109 147 185 0 131 189 227 155 212 100 158 196 234 142 180 238 126 164 222 110 148 206 244 191 229 137 175 233 121 159 217 105 143 200 238 146 184 222 130 208 115 154 192 249 137 195 233 180 219 107 164 202 201 239 147 224 112 170 208 246 
174 212 120 197 235 143 181 219 127 165 223 150 208 246 134 192 230 138 176 183 201 239 147 185 243 131 169 116 154 212 100 158 196 234 141 219 127 165 203 111 149 206 245 192 0 118 176 214 122 160 198 145 183 241 129 167 225 113 151 248 156 194 232 140 178 216 124 201 109 147 185 243 131 189 227 174 212 100 158 196 104 142 180 237 126 183 221 109 167 205 113 191 229 136 174 232 120 158 216 104 
162 220 108 166 204 242 149 227 115 173 211 119 157 195 103 141 198 236 124 182 220 128 166 113 112 150 208 246 134 192 230 177 215 123 161 199 107 145 183 130 168 226 114 152 210 0 156 233 232 140 178 235 123 162 219 147 205 243 150 189 227 134 172 120 158 196 104 142 199 237 125 223 111 169 207 114 152 191 248 176 214 122 160 217 106 144 201 149 187 225 133 171 209 116 154 102 140 178 236 124 
181 239 127 225 113 151 208 246 154 192 230 138 176 234 122 160 218 106 164 241 149 187 225 133 171 229 117 155 213 101 139 197 235 142 180 108 166 204 112 150 188 245 133 191 229 117 0 213 121 159 197 144 182 240 128 186 185 183 221 169 207 114 152 190 248 136 194 122 179 217 105 163 201 109 147 225 132 171 228 116 154 212 100 198 236 143 181 219 127 165 223 151 189 246 134 173 230 118 176 104 
161 219 107 145 203 241 149 226 134 172 210 118 156 214 102 180 237 125 183 221 109 167 205 152 190 248 136 174 232 120 178 105 144 201 239 147 185 223 131 169 227 115 153 211 249 137 195 0 180 218 126 164 202 110 148 206 244 132 189 227 135 173 211 159 197 104 142 181 238 126 184 222 110 168 206 114 152 190 248 175 233 121 179 217 105 163 201 128 186 224 132 170 208 116 154 101 139 197 235 123 
181 239 127 224 112 170 208 246 154 192 100 177 215 123 161 219 107 145 203 130 188 226 134 172 210 118 156 103 141 179 237 125 163 221 109 206 244 152 190 248 136 174 232 159 197 105 143 201 0 127 185 112 170 208 116 154 192 100 138 235 123 161 219 107 165 203 241 149 187 245 133 171 228 116 155 102 160 198 236 143 181 239 127 165 223 111 149 207 245 153 191 118 176 214 122 160 198 106 144 241 
149 187 245 133 132 170 208 155 193 101 139 197 235 123 180 108 146 204 242 150 188 226 134 231 119 157 215 103 141 199 237 178 176 234 122 180 218 106 164 241 149 187 245 133 171 229 117 214 102 0 198 236 124 182 220 167 205 113 151 189 247 135 193 120 158 216 104 162 200 238 146 223 131 169 227 115 153 211 249 196 234 122 180 218 126 164 202 149 187 245 133 191 229 117 175 213 121 159 197 105 
143 181 239 166 224 112 150 208 246 154 192 230 137 175 233 121 159 217 105 202 241 148 186 224 132 170 228 156 194 101 139 197 235 123 181 109 107 165 203 111 149 187 245 133 191 229 117 174 213 120 0 106 144 182 240 128 185 223 111 209 207 115 153 191 249 137 195 122 160 218 106 144 202 240 148 225 133 171 209 117 155 213 101 178 236 124 182 220 108 166 204 151 189 247 135 173 231 119 177 104 
162 220 108 146 204 242 150 227 115 173 211 119 157 195 103 180 238 126 184 222 110 168 206 244 152 190 248 136 174 231 119 217 105 143 201 239 146 184 223 130 168 226 114 152 210 248 156 233 141 179 217 0 163 221 109 186 244 132 170 228 116 174 212 159 197 105 143 181 180 198 236 144 182 220 128 166 224 112 150 247 135 173 231 119 177 215 103 200 108 146 184 242 130 168 226 153 211 249 137 195 
103 141 199 126 184 222 110 168 206 114 152 249 137 175 233 121 179 217 105 202 240 148 186 224 132 170 228 155 213 101 139 197 235 143 181 108 166 204 242 150 188 246 134 231 119 177 215 103 161 199 237 145 0 240 128 167 224 112 170 248 136 193 232 139 177 215 123 161 219 107 145 203 241 129 187 134 172 210 118 156 214 102 140 237 125 163 221 109 167 205 243 190 228 136 174 232 120 158 216 104 
162 219 107 146 203 241 149 227 134 173 211 118 156 214 102 180 238 126 183 221 109 167 205 153 191 248 136 175 232 120 158 106 144 202 240 128 185 223 131 209 117 155 193 100 138 196 234 162 220 108 165 204 242 0 187 135 173 230 119 157 214 102 160 238 126 184 222 129 167 206 113 191 249 137 194 232 121 178 216 104 162 200 108 146 184 242 130 227 115 153 211 249 157 195 233 141 179 237 125 163 
240 128 166 114 152 210 248 136 193 231 120 217 125 163 201 108 237 145 183 111 168 206 114 152 190 248 136 194 232 120 178 216 124 162 200 147 185 243 131 189 227 115 173 228 246 134 172 230 118 156 214 161 199 237 0 183 221 129 167 114 152 190 248 136 194 232 120 217 105 163 201 109 147 185 243 170 228 116 154 212 100 158 196 143 181 219 127 165 223 111 149 246 134 192 230 118 176 214 102 199 
107 165 203 241 149 187 225 133 171 228 116 154 212 100 158 236 143 181 220 127 165 223 111 149 207 245 153 191 229 137 175 122 160 198 106 144 182 240 128 186 224 112 170 208 115 153 192 139 137 195 233 121 179 217 125 0 201 109 147 205 243 131 188 116 174 212 120 158 196 104 142 219 237 125 183 221 109 167 205 152 190 229 136 174 232 120 158 106 144 201 239 147 185 223 131 209 116 154 192 100 
158 196 104 181 239 127 165 223 111 149 207 154 192 230 138 176 234 122 160 107 145 183 241 129 187 225 113 210 248 156 194 102 140 178 236 124 182 220 108 166 204 112 150 227 135 173 231 119 157 215 103 141 198 237 144 182 0 128 166 114 152 209 247 135 193 231 139 177 215 123 161 219 107 145 203 130 188 226 114 172 170 169 227 115 153 211 249 157 195 233 140 218 126 164 222 110 148 206 244 191 
249 137 194 233 121 178 216 164 202 240 148 186 243 131 169 117 155 213 101 158 196 235 142 220 108 166 204 111 150 188 245 193 231 119 177 215 103 160 198 146 184 222 130 168 225 113 152 249 137 195 233 140 179 217 124 202 110 0 186 244 132 189 227 115 173 211 249 157 195 103 141 238 126 184 222 110 168 206 244 152 190 248 136 174 232 120 177 105 143 201 239 147 185 223 131 169 226 114 153 210 
118 156 214 141 199 237 125 183 221 109 167 205 113 151 189 247 135 193 231 178 216 104 162 200 108 146 184 131 169 227 115 153 211 249 157 234 142 180 218 126 164 222 110 187 245 133 191 229 117 175 213 160 198 106 144 182 240 128 0 113 151 209 247 135 193 231 139 216 124 162 200 108 146 204 242 169 227 115 173 211 249 157 195 142 180 238 126 164 222 110 168 206 244 151 190 247 135 173 231 159 
216 124 162 220 108 146 204 242 130 188 226 134 172 210 118 195 103 141 179 237 125 183 221 168 206 244 152 190 188 227 134 212 100 158 196 234 142 180 237 125 164 221 109 167 205 243 151 229 136 174 232 120 158 216 104 178 196 234 123 0 218 126 164 242 149 188 245 133 171 229 117 215 103 160 198 236 144 182 220 168 206 113 151 190 247 135 193 121 178 217 105 162 200 108 146 224 132 170 227 115 
173 231 119 197 104 142 200 238 126 184 222 169 207 115 153 191 249 137 195 233 121 179 217 125 163 201 109 186 224 132 170 228 116 154 212 100 158 196 234 141 179 237 125 223 111 149 206 244 152 190 228 136 174 232 120 158 216 104 162 239 0 146 184 222 130 168 225 113 151 209 247 155 193 231 139 216 124 162 200 108 146 204 242 189 188 226 114 172 210 118 156 103 141 179 237 125 183 221 109 206 
114 152 210 248 155 194 232 179 217 125 163 201 109 147 204 132 190 228 116 174 212 119 157 235 143 181 239 127 165 222 111 208 246 154 192 230 138 176 233 161 199 107 145 183 241 129 186 224 113 170 208 116 154 192 100 178 235 123 181 219 107 0 203 111 149 187 245 133 191 229 117 214 102 140 198 236 144 182 220 128 166 223 112 150 207 245 153 231 139 177 215 122 121 120 177 215 123 161 199 107 
165 203 241 188 246 134 172 230 118 156 214 141 199 237 125 183 221 129 167 114 152 190 248 136 194 232 120 217 105 163 201 239 147 185 243 170 228 116 154 212 100 158 196 123 181 219 107 165 203 111 149 246 134 192 230 118 176 214 102 199 237 145 0 221 129 167 225 152 210 248 136 194 232 140 178 216 124 162 220 108 146 203 242 189 227 115 173 211 249 157 195 102 140 179 236 124 182 220 108 205 
113 151 209 247 155 193 231 139 177 235 123 161 219 107 164 242 150 188 226 134 172 229 118 156 213 101 159 197 235 143 181 109 166 204 112 150 188 246 134 231 120 177 215 103 161 199 107 185 223 130 168 226 114 152 210 138 195 233 141 179 217 125 163 0 148 187 244 132 190 228 116 214 102 159 197 105 143 181 239 167 205 112 150 208 246 134 192 139 177 216 123 161 199 107 145 242 131 169 226 114 
172 230 118 176 214 102 160 198 106 144 182 129 167 225 113 151 209 247 135 193 231 138 176 214 122 160 218 146 203 241 130 187 225 133 171 249 156 195 102 140 139 177 215 162 200 108 146 204 242 130 188 226 134 172 210 118 156 194 102 179 237 125 163 221 0 167 205 226 244 132 170 228 116 174 212 159 197 235 143 181 239 127 165 112 150 208 246 134 192 230 138 215 123 161 199 107 145 203 241 168 
246 134 172 230 118 176 214 141 199 237 125 183 221 129 167 114 152 210 248 136 194 232 120 217 105 163 201 239 147 185 243 131 169 227 115 172 210 249 156 234 142 180 237 126 164 221 109 167 205 243 151 189 247 135 173 120 158 196 104 142 200 238 126 184 222 0 168 206 114 152 209 137 136 193 231 139 177 215 123 161 199 107 145 203 241 129 187 114 172 210 118 156 194 102 140 237 236 124 181 220 
127 185 223 170 208 246 154 192 100 138 176 123 162 219 107 145 203 241 129 227 134 172 210 118 156 214 102 180 237 125 164 221 109 167 205 152 191 229 136 174 232 120 158 106 144 201 239 127 185 223 131 209 116 154 193 100 138 196 234 122 180 218 126 164 202 110 0 225 133 171 229 117 155 213 101 159 197 235 143 181 238 126 165 112 150 208 246 153 191 230 137 175 233 121 159 217 105 163 201 128 
206 244 132 190 188 187 245 133 171 229 117 175 213 101 158 236 144 182 220 128 166 223 112 209 247 135 193 231 139 177 215 162 200 238 146 184 242 130 168 115 173 211 249 157 195 233 141 218 126 164 202 110 148 206 244 191 229 117 175 213 121 159 197 144 182 240 128 0 224 112 169 247 155 193 231 139 177 235 123 200 108 146 184 242 130 188 226 114 171 210 117 155 193 101 139 237 125 182 220 108 
166 224 112 170 208 246 154 192 100 138 176 123 161 219 107 165 203 241 149 187 244 132 170 228 116 154 212 140 197 236 124 181 219 127 165 203 111 149 207 245 133 191 229 176 214 122 160 198 106 144 202 129 167 225 113 151 209 247 155 232 140 178 236 124 162 220 108 185 0 131 189 227 115 173 211 158 196 104 142 180 238 126 184 111 149 207 245 153 191 229 137 214 122 160 218 106 144 202 240 187 
245 133 191 229 117 175 213 160 198 236 144 182 220 128 166 224 112 150 207 246 153 191 229 177 215 123 161 218 106 144 202 240 148 186 224 132 170 228 116 193 101 139 197 235 123 181 219 166 204 112 150 188 187 225 133 210 248 156 194 102 140 178 236 124 181 220 108 165 203 0 149 247 135 173 230 118 176 214 102 240 108 166 204 111 150 188 245 173 211 119 157 215 103 141 198 146 184 222 130 168 
225 113 171 249 157 195 102 140 179 236 124 222 110 148 205 244 151 189 227 175 213 121 159 216 104 142 200 128 186 224 112 169 208 115 153 101 139 177 234 123 180 218 106 164 202 240 148 186 244 132 170 117 155 213 101 139 197 235 143 181 219 127 165 223 111 149 206 134 192 230 0 176 214 122 160 217 105 143 201 239 127 185 223 170 169 207 115 153 211 249 137 195 233 140 178 217 124 162 220 148 
205 113 151 189 247 135 193 120 119 177 215 103 161 199 107 184 222 130 168 226 114 152 210 137 195 233 141 179 217 125 163 110 148 186 244 132 190 228 116 213 101 159 197 105 143 181 239 166 224 112 150 208 246 134 192 139 177 215 123 161 199 107 145 242 130 168 226 114 172 210 248 0 194 102 140 178 235 123 181 109 167 205 243 150 188 246 134 172 230 118 176 214 102 160 198 125 183 221 129 167 
225 133 171 209 117 155 212 101 139 196 234 182 220 108 166 204 111 110 148 206 244 152 190 228 136 174 212 159 197 105 143 181 239 127 184 112 170 208 246 154 192 249 138 215 123 161 219 107 145 203 241 188 226 134 172 210 118 156 213 141 179 237 125 183 221 109 167 244 152 190 248 136 0 232 120 197 105 143 201 239 127 185 223 170 208 116 154 192 100 138 195 123 161 219 107 165 203 241 149 187 
244 152 190 248 136 174 232 159 217 105 143 201 239 127 185 223 131 169 207 115 153 211 249 196 234 122 180 218 126 164 202 109 148 205 243 131 189 227 135 213 101 158 196 104 142 180 238 126 164 222 110 168 206 244 152 249 137 175 233 121 159 217 105 202 240 128 186 224 132 170 208 155 193 0 139 197 235 123 181 108 166 204 242 150 188 246 134 231 119 157 215 103 161 199 237 184 222 110 168 206 
134 172 210 157 195 233 141 179 237 125 163 110 148 206 244 152 190 228 136 213 121 159 197 105 143 201 239 127 185 223 130 168 206 114 152 100 138 195 233 122 179 217 125 163 201 109 147 185 243 131 189 116 154 212 100 158 196 234 142 219 127 165 223 111 110 148 186 133 171 229 117 155 213 101 0 197 235 142 180 219 126 164 222 150 207 246 134 191 229 137 175 154 173 231 119 157 214 102 160 238 
146 203 241 129 187 225 133 211 118 156 194 102 140 198 236 164 221 109 167 205 243 151 189 136 175 232 120 158 216 104 162 240 128 185 223 131 169 207 115 193 100 138 196 234 122 180 218 146 203 242 149 187 225 133 171 229 117 155 213 101 159 197 235 182 220 128 166 224 112 150 208 246 154 192 230 0 175 233 121 199 107 145 183 241 129 186 224 112 170 208 116 154 192 100 138 235 234 122 180 218 
126 183 221 129 167 205 113 151 209 247 135 232 120 158 216 104 162 200 238 185 184 242 130 168 226 114 171 249 157 195 233 141 179 236 125 202 110 148 206 244 132 190 228 175 213 121 159 197 105 143 200 128 166 224 112 150 208 246 154 231 139 177 215 123 161 219 107 184 242 130 188 226 114 172 210 157 0 103 141 179 237 125 182 221 109 166 204 112 150 188 246 174 231 119 158 215 103 141 199 237 
165 203 241 149 187 225 133 210 118 156 194 102 140 198 236 124 181 220 127 165 203 111 149 246 135 192 230 118 117 135 173 231 119 157 215 103 161 199 237 184 222 130 168 206 114 152 210 137 195 233 121 179 217 125 163 240 148 186 244 132 170 228 116 213 101 159 197 235 143 181 219 166 204 112 150 188 246 0 192 119 177 215 103 161 199 107 145 223 130 168 226 114 152 210 248 195 233 141 179 217 
125 183 221 168 206 114 152 190 248 136 194 232 120 178 216 123 161 200 107 185 223 131 169 227 115 153 210 248 156 194 232 140 178 236 124 221 109 147 205 243 151 189 227 135 173 231 119 157 215 103 141 238 126 184 222 110 168 206 114 152 190 247 135 193 231 119 177 105 162 201 108 146 184 242 130 227 116 154 0 249 157 195 233 181 219 126 164 222 110 148 206 134 172 229 118 175 213 101 159 106 
145 202 240 148 186 224 132 210 117 155 213 101 139 197 235 182 220 108 166 204 112 150 188 135 174 231 119 177 215 103 161 239 146 184 222 130 168 226 114 152 210 248 136 194 232 140 178 125 163 201 109 147 205 243 131 189 227 134 172 211 118 156 214 142 180 238 126 183 221 109 167 245 153 191 248 136 135 173 211 0 196 234 142 180 238 126 164 222 110 168 206 244 152 190 248 175 233 121 159 217 
125 163 220 215 214 121 159 217 105 143 201 129 186 224 132 170 208 116 154 101 139 178 235 123 181 219 107 204 243 150 188 246 134 172 230 158 215 103 141 199 237 145 183 130 168 206 114 152 210 248 136 233 122 160 217 105 163 201 239 187 244 132 170 228 116 154 212 100 158 196 234 142 180 238 126 203 111 149 207 245 0 191 229 137 175 213 120 159 197 104 142 240 128 186 224 112 169 207 115 193 
101 158 196 234 142 180 238 166 164 222 110 168 206 244 152 190 248 136 174 231 119 177 215 143 201 239 127 184 223 130 168 116 114 152 210 248 136 194 232 179 217 125 163 201 109 147 205 132 170 228 116 174 212 100 158 235 143 181 239 127 165 223 111 208 246 134 192 230 118 176 214 161 199 107 145 203 241 129 187 114 152 0 248 156 194 232 140 217 125 163 221 109 147 205 243 151 189 227 135 173 
231 138 176 124 162 200 108 146 203 241 129 187 225 133 171 209 117 155 193 140 178 236 124 162 220 108 166 243 151 189 227 135 173 231 119 197 104 142 200 238 237 235 143 181 239 127 165 223 111 169 207 154 192 230 138 176 234 122 160 107 145 203 241 129 187 225 133 210 118 156 194 102 140 198 236 163 221 109 167 205 243 151 0 136 174 232 120 158 216 104 162 239 127 185 223 111 169 207 115 192 
100 158 196 234 142 180 238 165 223 111 149 207 245 153 191 118 176 214 122 160 198 106 144 202 240 128 185 223 131 169 207 155 193 100 138 196 234 122 180 218 106 164 202 110 148 186 244 171 229 117 155 213 101 159 197 144 182 220 128 166 224 112 150 247 135 193 231 119 177 215 123 161 199 107 145 183 241 129 186 114 172 210 248 0 194 101 139 217 125 163 221 109 147 204 243 190 228 136 174 212 
120 177 215 163 201 108 146 185 242 130 188 116 154 212 100 157 195 233 141 219 127 165 222 110 149 206 244 172 230 118 175 214 102 159 197 145 183 241 129 167 224 112 170 248 136 194 232 139 177 216 123 161 219 107 145 203 241 149 187 134 172 210 118 156 214 102 140 198 236 144 182 220 128 166 204 151 189 247 135 173 231 119 176 104 0 200 238 146 125 182 220 168 206 244 151 190 247 135 173 231 
139 177 235 123 161 219 107 204 242 130 188 226 134 172 210 145 144 201 239 147 185 223 131 228 116 154 212 100 138 196 234 181 220 108 165 203 111 149 187 135 173 230 118 176 214 102 160 238 145 183 222 129 167 225 113 210 248 137 194 232 140 178 216 164 202 240 147 185 243 131 169 117 174 212 100 158 196 234 142 180 238 126 164 222 110 0 206 133 191 229 137 175 213 121 159 217 105 143 201 239 
146 204 242 189 228 116 173 211 249 157 195 103 141 179 237 125 183 221 109 206 205 113 151 189 246 134 192 230 118 176 214 102 160 198 106 183 241 129 187 225 113 171 209 136 155 193 101 139 177 235 123 220 108 146 204 242 150 188 226 173 211 119 157 215 103 141 198 126 184 222 110 168 206 244 152 249 137 175 233 121 179 217 105 202 240 128 0 224 132 170 208 155 193 101 139 197 235 123 181 108 
166 224 112 169 208 246 153 191 249 137 175 233 121 179 217 145 202 240 148 186 224 132 170 208 116 154 212 100 138 196 234 181 219 127 165 203 111 149 207 245 133 190 228 136 174 212 120 198 105 143 182 239 238 237 144 182 220 128 166 224 112 150 208 135 193 231 139 177 215 123 161 108 146 184 242 130 188 226 114 211 249 157 195 103 141 179 237 0 202 110 148 206 244 132 190 137 175 213 121 159 
217 105 163 240 148 186 244 132 170 228 116 213 101 139 197 235 143 181 219 166 204 112 150 208 246 134 192 119 177 215 103 161 199 107 145 183 241 129 167 225 113 170 208 156 194 232 140 178 235 124 162 219 107 165 203 241 149 187 245 172 210 118 156 214 102 140 198 236 124 182 220 128 166 204 112 209 247 135 193 231 119 177 215 122 161 199 106 144 0 240 128 226 114 171 209 248 155 193 101 179 
236 144 182 220 128 166 224 151 209 247 135 193 231 139 177 124 182 220 108 166 204 112 150 227 135 173 211 119 157 215 103 200 238 126 184 222 130 168 206 153 191 249 137 175 233 121 179 106 164 202 240 148 186 244 132 209 117 155 213 101 139 197 235 123 181 219 127 165 203 111 149 246 134 192 230 118 176 214 121 159 198 105 143 201 239 127 185 113 170 0 246 154 192 100 138 235 123 161 219 107 
165 223 111 208 246 134 192 230 138 176 214 122 160 198 106 144 202 240 128 225 113 171 209 247 155 193 100 182 201 239 147 185 223 131 169 116 154 212 100 138 196 234 141 219 107 165 203 111 149 187 244 172 230 118 176 214 102 160 198 145 183 221 129 167 225 113 151 248 136 194 232 140 178 216 123 201 239 147 185 243 131 169 227 174 212 100 158 196 234 142 0 127 165 203 111 149 207 245 133 230 
138 176 234 122 179 217 106 163 201 109 147 185 243 131 189 116 174 212 100 158 196 104 142 219 127 165 203 111 149 207 245 192 191 229 137 175 213 121 159 106 144 202 240 128 186 224 131 209 247 155 193 101 139 177 235 162 180 218 107 164 202 240 148 245 133 172 229 117 155 213 101 199 237 125 182 220 128 166 204 152 190 247 135 193 231 119 177 105 162 201 239 0 184 242 130 227 116 154 211 249 
157 215 103 200 238 126 184 222 130 168 206 153 191 249 137 175 233 121 159 106 164 202 240 148 186 224 132 210 117 155 193 101 139 197 235 123 181 219 127 165 203 111 149 246 134 192 230 118 176 214 122 199 237 145 183 241 129 167 225 152 210 248 156 194 192 191 249 176 234 122 160 218 106 164 202 149 187 225 133 171 229 117 155 102 140 198 236 124 182 220 108 205 0 151 189 247 135 193 231 158 
236 124 162 220 108 146 204 131 189 227 115 173 211 119 157 104 142 180 238 126 184 222 110 207 245 153 191 229 137 175 233 160 218 106 144 202 240 148 186 113 171 209 117 155 193 101 139 236 124 182 220 108 166 204 112 189 227 135 173 211 119 157 215 103 141 199 237 144 182 221 128 206 114 152 209 248 136 193 231 179 217 105 163 201 108 146 185 132 170 228 116 173 211 0 157 235 123 181 219 127 
184 222 130 208 246 153 192 249 137 175 233 161 219 107 164 202 240 148 186 134 172 210 117 155 213 101 139 237 125 182 221 128 166 204 112 190 247 136 174 231 119 177 215 163 201 239 146 184 242 130 168 116 154 192 249 138 195 233 121 219 126 165 203 110 148 186 244 172 230 118 156 213 101 159 197 145 183 221 128 167 224 112 150 248 136 194 232 120 177 215 123 161 199 107 0 183 241 129 187 114 
172 230 118 156 214 102 160 237 145 183 221 129 108 166 204 151 189 227 135 173 231 119 157 104 142 200 238 146 184 222 129 207 115 153 191 249 137 175 233 215 123 161 199 107 145 203 241 188 226 114 172 210 118 156 194 141 179 237 125 163 221 109 147 244 152 190 228 136 174 212 120 197 105 143 181 239 127 185 223 170 208 246 154 192 100 138 176 123 161 219 107 145 203 241 149 0 134 172 210 118 
176 214 122 199 107 145 183 241 129 187 225 152 210 248 156 194 232 140 178 125 163 221 109 147 205 243 131 228 116 174 212 100 158 196 104 181 239 127 165 223 111 169 207 134 153 191 248 136 174 232 120 218 106 144 201 240 147 185 223 171 209 116 155 212 100 138 196 124 122 180 218 126 164 202 110 187 245 133 171 229 117 175 213 160 198 236 144 182 240 128 166 113 151 209 247 135 0 231 139 216 
124 182 220 108 166 204 242 189 247 135 173 231 119 177 215 142 200 238 126 184 222 130 168 115 153 191 249 137 195 233 121 218 106 164 202 240 148 186 244 171 229 117 155 213 101 159 197 124 182 220 128 166 204 112 150 247 135 193 231 119 177 215 123 200 238 146 184 222 130 168 226 153 211 249 137 195 194 192 100 177 235 123 161 219 107 165 203 150 188 226 134 172 230 118 156 103 141 0 237 125 
203 241 129 226 114 152 210 248 156 194 232 179 217 125 163 221 109 147 205 132 190 228 116 174 212 120 158 105 143 181 239 127 185 223 111 208 246 154 192 230 138 176 234 161 219 107 182 204 183 181 219 167 205 112 151 189 246 134 192 120 177 216 104 161 199 107 145 223 131 169 226 114 153 210 248 196 234 141 179 218 125 163 221 149 187 245 133 171 228 116 174 102 160 198 236 143 181 239 0 205 
113 151 169 227 115 153 211 138 196 234 142 180 218 126 164 111 149 187 245 133 191 229 117 214 102 160 198 106 144 182 240 167 205 113 151 209 247 125 182 201 199 198 236 144 182 220 128 225 113 151 209 247 155 193 231 178 216 104 162 200 108 146 184 131 169 227 115 173 211 249 157 234 142 180 218 126 164 222 110 207 245 133 191 229 137 175 213 120 159 216 104 142 200 238 146 224 112 169 207 0 

0 113 159 185 210 169 195 241 117 143 169 194 220 116 142 168 194 240 115 141 167 193 219 115 141 167 193 219 245 140 166 192 218 114 140 166 191 217 243 139 165 191 217 243 138 164 190 216 242 138 164 190 216 242 117 163 189 215 241 137 163 188 214 240 116 162 188 214 240 116 142 187 213 239 115 161 187 213 239 114 140 186 212 238 114 114 160 186 192 218 224 100 106 132 138 204 210 236 132 138 
183 0 164 229 124 142 188 103 169 214 130 175 241 156 202 117 183 228 144 189 105 170 216 131 132 190 118 196 104 181 109 167 245 153 231 159 217 144 222 130 208 116 194 121 179 107 185 243 171 248 156 234 142 220 148 206 133 211 119 197 105 183 110 168 246 174 232 160 218 145 223 131 209 137 195 123 181 108 186 114 172 100 158 235 143 221 149 227 135 212 120 198 106 184 112 189 247 175 233 161 
144 222 0 113 190 118 176 104 182 240 167 225 153 231 139 217 144 202 130 188 116 194 102 179 107 165 243 151 229 156 214 142 220 128 206 114 191 119 177 105 183 241 169 227 154 232 140 218 146 204 131 189 117 195 103 181 108 166 244 172 230 158 216 143 221 129 207 135 193 120 178 106 184 242 170 247 156 233 141 219 147 205 133 210 118 196 104 182 110 187 245 173 231 159 217 145 222 150 208 136 
119 177 105 0 145 223 131 209 137 195 123 200 108 186 244 172 100 158 235 163 221 149 207 135 212 120 198 126 184 112 189 247 175 233 161 239 147 224 152 210 138 196 124 202 110 187 115 173 101 159 237 164 222 150 228 136 214 122 199 127 205 113 191 249 176 234 162 240 168 226 153 211 139 197 125 203 130 188 116 174 102 180 238 166 243 151 229 137 215 143 201 128 206 114 192 100 178 105 163 241 
224 152 210 138 0 178 106 164 242 170 228 156 214 141 219 127 205 133 191 118 176 104 182 240 168 245 153 231 139 217 145 203 130 208 116 194 102 180 107 185 243 171 229 157 215 143 220 148 206 134 192 120 178 105 183 111 169 247 155 232 160 218 146 224 132 209 117 195 123 181 109 186 244 172 230 158 236 144 221 149 207 135 193 121 199 107 184 112 170 248 176 234 161 219 147 225 133 211 138 196 
179 107 185 243 171 0 211 119 197 125 203 111 188 247 174 232 160 238 166 224 151 209 137 195 123 201 128 186 114 172 100 178 236 163 241 149 227 135 213 140 198 126 204 112 190 248 175 103 161 239 167 225 153 211 138 216 124 202 130 188 115 193 101 179 237 165 242 150 228 156 214 142 200 127 205 113 191 119 177 104 162 240 168 226 154 231 140 217 125 203 131 189 117 194 102 180 238 234 162 220 
202 110 168 227 154 212 0 233 161 219 147 205 113 191 249 157 215 123 181 239 167 225 133 191 249 157 215 123 201 109 167 225 133 191 249 157 234 142 200 108 166 224 133 210 118 176 234 142 200 108 166 244 152 210 118 176 234 142 220 128 186 244 152 210 118 176 104 162 220 128 186 244 152 210 138 196 104 162 220 128 186 114 172 230 138 196 104 162 220 148 206 114 172 230 138 196 104 181 239 147 
130 188 246 154 212 120 178 0 219 127 185 243 171 229 137 195 103 161 219 127 205 113 171 229 137 195 103 181 239 147 205 113 171 229 137 215 123 181 239 147 205 113 171 249 157 215 123 181 239 147 225 133 191 249 157 215 123 181 108 166 224 132 191 249 157 234 142 200 108 166 224 132 190 118 176 234 142 200 108 166 224 152 210 118 176 234 142 200 128 186 244 152 210 118 176 234 162 220 128 186 
149 207 135 193 101 159 217 125 0 166 224 132 190 248 176 234 142 200 108 166 224 152 210 118 195 103 161 219 147 205 113 171 229 137 235 143 201 109 167 225 153 211 119 177 235 143 201 128 186 244 152 210 118 177 235 162 220 128 186 244 152 210 118 196 104 162 220 128 186 244 172 230 138 196 104 162 220 128 206 114 172 230 138 196 104 162 240 148 206 114 172 230 138 216 124 182 240 148 206 114 
247 155 213 121 179 106 165 223 131 0 231 139 197 124 182 240 149 207 115 173 231 158 216 124 182 240 148 206 134 192 100 158 216 124 182 240 168 226 134 192 100 158 216 124 202 110 168 226 134 192 100 178 236 144 202 110 168 226 134 212 120 178 236 144 202 110 188 246 154 212 120 178 236 144 221 129 187 246 154 212 120 178 105 163 221 129 227 135 193 101 159 217 125 183 111 169 227 135 193 101 
234 142 239 147 205 113 171 229 137 195 0 236 144 202 130 188 246 154 212 120 178 106 164 222 130 188 136 194 102 160 218 126 184 111 169 227 135 193 101 159 218 145 203 111 169 227 135 193 121 179 107 165 223 151 209 117 175 233 160 238 146 204 112 170 228 136 234 142 200 108 166 224 152 210 118 176 234 142 200 128 186 244 152 210 118 176 234 161 219 127 185 244 152 210 137 195 103 161 219 127 
110 168 226 134 192 100 178 236 144 192 119 0 141 199 107 165 242 150 208 116 175 233 180 238 146 204 132 190 248 156 214 122 180 238 166 224 132 190 248 156 214 142 200 108 166 224 132 190 248 175 233 141 200 108 166 224 151 209 117 175 233 141 199 107 185 243 151 209 117 175 233 141 219 127 185 243 151 209 117 195 103 161 219 127 185 243 151 229 137 195 103 161 219 127 185 113 171 229 137 195 
158 236 144 202 110 168 226 134 212 120 178 236 0 127 185 243 151 209 117 175 102 160 218 126 184 242 151 228 136 194 102 160 218 126 184 112 170 228 136 194 102 160 218 146 204 112 170 228 136 194 122 180 238 146 204 112 170 228 156 214 122 180 238 146 204 112 190 248 156 214 122 180 238 166 224 132 190 248 156 214 122 199 107 165 223 131 189 248 175 233 141 199 107 165 223 131 209 117 175 233 
216 124 182 240 148 206 114 172 100 158 216 124 182 0 223 131 189 247 155 233 141 199 107 165 223 131 189 117 175 233 141 199 107 165 243 151 228 136 194 102 160 218 126 204 112 170 248 156 234 142 200 108 166 224 132 210 118 176 234 142 200 108 166 243 152 210 118 176 234 142 219 127 185 243 151 209 117 175 103 161 219 127 185 243 151 209 137 195 103 161 219 127 185 113 171 229 137 195 103 161 
144 202 110 168 226 154 212 120 178 236 144 202 130 188 0 209 137 195 103 161 219 127 185 243 171 229 137 195 103 161 219 127 204 112 170 228 136 195 103 180 238 146 204 112 170 228 136 214 122 180 238 146 204 112 170 248 156 214 122 180 238 146 224 132 190 248 156 214 122 180 108 166 224 132 190 248 156 234 142 200 108 166 224 132 190 118 176 234 142 200 108 166 224 151 209 117 175 233 142 200 
182 240 148 206 134 192 100 158 216 124 182 240 168 226 134 0 155 213 141 199 107 165 223 131 189 247 175 233 141 199 107 165 223 151 209 117 175 233 141 199 107 185 243 151 209 117 175 233 161 219 127 185 243 151 209 117 194 103 161 219 127 185 132 230 157 105 202 130 227 155 233 161 219 127 185 243 151 209 137 195 103 161 219 127 185 243 170 228 137 195 103 161 219 127 204 112 170 228 136 194 
177 235 143 201 109 187 245 153 211 119 177 235 143 221 129 187 0 208 116 194 102 215 123 181 239 167 225 133 191 249 157 215 143 201 128 206 114 172 230 138 196 104 182 240 148 206 114 172 230 138 216 124 182 240 148 206 114 192 100 158 216 124 182 240 148 226 134 192 100 158 216 124 182 110 168 226 134 192 100 158 235 143 201 109 167 226 134 192 119 177 235 143 201 109 167 225 153 211 119 177 
140 198 126 184 242 150 208 116 174 102 160 218 126 184 242 150 208 0 249 157 215 143 201 109 167 225 133 191 119 177 235 143 201 109 167 225 153 211 119 177 235 143 201 109 187 245 153 211 119 177 235 162 220 128 186 244 152 210 119 196 104 162 220 128 186 244 152 230 138 196 104 162 220 128 206 114 172 230 138 196 104 162 240 148 206 114 172 230 138 216 124 182 240 148 206 114 172 100 158 216 
179 107 165 223 131 189 247 155 213 140 198 107 165 223 131 189 116 174 0 196 123 181 239 147 205 113 171 229 157 215 123 181 239 147 205 133 191 249 157 215 123 181 129 187 245 153 211 138 196 124 182 240 148 206 114 172 100 158 106 164 222 130 188 246 154 212 139 197 106 164 222 130 188 246 173 231 139 197 105 163 221 149 207 115 173 231 139 197 105 183 241 149 207 115 173 231 139 217 125 183 
146 204 112 190 248 156 214 122 180 238 166 224 132 190 248 156 214 122 200 0 221 129 207 115 173 231 139 197 105 183 241 149 207 115 173 231 139 216 124 182 240 149 207 115 173 100 158 216 124 182 240 148 226 134 192 100 158 216 124 182 110 168 226 134 192 100 158 216 144 202 110 168 226 134 192 120 178 236 144 202 110 168 226 154 212 120 178 236 144 202 130 188 246 154 231 159 217 125 183 241 
224 132 190 248 156 214 142 200 108 166 224 132 190 248 176 234 142 200 108 166 0 207 115 173 231 139 217 125 183 241 149 207 115 193 101 159 217 125 183 241 149 226 134 192 100 158 216 125 202 110 168 226 134 192 100 158 236 144 202 110 168 226 134 192 120 178 236 144 202 110 168 246 154 212 120 178 236 144 202 130 188 246 174 232 140 198 106 164 241 149 207 115 173 231 140 217 125 183 241 149 
132 190 248 156 214 122 180 108 166 224 132 190 248 156 234 142 200 108 166 224 132 0 173 231 139 197 125 183 241 149 207 115 173 146 224 132 190 248 156 233 141 199 107 165 223 131 229 137 195 103 161 239 147 205 113 171 229 137 195 123 181 239 147 205 113 171 249 157 215 123 181 239 147 205 132 190 248 156 214 123 181 239 166 224 132 190 248 156 214 142 200 108 166 224 132 190 248 176 234 142 
105 183 241 149 207 115 173 231 159 217 125 183 241 149 207 115 193 101 159 217 125 183 0 133 211 119 177 235 143 201 109 167 245 153 211 119 177 235 143 201 128 186 245 153 211 119 177 104 162 220 128 186 244 152 210 138 196 104 162 220 128 186 114 172 230 138 196 104 162 220 148 206 114 172 230 138 196 104 182 240 148 206 114 172 230 158 216 124 182 240 148 206 114 192 100 158 216 124 182 240 
223 131 189 247 155 213 121 198 106 165 223 131 189 247 174 232 140 198 106 164 222 130 208 0 229 137 215 123 181 239 147 205 113 191 249 157 215 123 181 239 147 225 133 191 249 157 215 123 181 109 167 225 133 191 249 157 235 143 201 109 186 244 153 230 138 196 104 162 220 128 226 134 192 100 158 236 144 202 110 168 226 134 192 120 178 236 144 202 110 168 245 153 211 119 197 125 183 241 149 207 
190 248 156 214 122 180 108 166 224 132 190 248 156 214 142 200 108 166 224 132 190 118 176 234 0 125 183 241 149 207 115 173 231 158 216 124 182 240 148 207 115 192 100 158 216 124 182 240 168 226 134 192 100 158 216 124 202 110 168 226 134 192 100 178 236 144 202 110 168 226 134 212 120 178 236 144 202 110 168 246 154 212 120 178 236 144 222 130 188 246 154 212 120 178 105 163 221 129 187 245 
228 136 194 102 160 218 127 185 112 170 228 136 194 102 160 238 146 204 112 170 228 136 194 122 180 0 201 129 187 245 153 211 119 177 105 163 221 129 187 245 153 211 139 197 105 163 221 129 187 245 173 231 139 197 105 163 221 148 206 115 173 231 139 197 105 182 240 148 206 114 172 230 138 216 124 182 240 148 206 114 192 100 158 216 124 182 240 148 226 134 192 100 158 216 164 222 130 188 246 154 
117 195 103 161 219 127 185 243 170 228 136 194 103 161 219 127 204 112 170 228 136 194 102 180 238 146 0 187 245 153 211 119 177 235 143 221 129 187 245 153 211 119 177 105 163 190 248 156 234 142 200 108 166 224 132 190 118 176 104 162 239 147 205 113 172 230 138 196 123 181 239 147 205 113 171 249 157 215 123 181 239 147 205 133 191 249 157 215 123 181 239 167 225 133 191 249 157 215 143 201 
164 222 150 208 116 174 232 140 198 106 184 242 150 208 116 174 232 160 218 126 184 242 150 208 116 193 101 0 123 181 239 166 224 132 190 248 156 215 123 200 108 166 224 132 190 248 176 234 142 200 108 166 224 132 210 118 176 234 142 200 108 166 244 152 210 118 176 234 142 220 128 186 244 152 210 118 176 104 162 220 128 186 244 152 210 138 196 104 162 220 128 186 113 171 229 137 195 103 162 220 
202 110 168 226 154 212 120 178 236 144 202 130 188 246 154 212 120 178 236 164 222 130 188 246 154 212 120 198 0 219 147 205 113 171 229 137 195 103 181 239 147 205 113 171 229 137 215 123 181 239 147 205 113 190 248 156 214 123 181 239 147 224 132 190 248 156 214 122 180 108 166 224 152 210 118 176 234 162 220 128 186 244 191 249 157 215 123 201 109 167 225 133 191 249 157 235 143 201 109 167 
130 208 116 174 232 140 198 106 164 242 150 208 116 174 232 140 218 126 184 242 150 208 116 174 102 160 218 126 184 0 225 133 191 249 157 235 143 201 109 167 225 133 191 118 176 234 142 200 109 167 225 152 210 118 176 234 142 200 128 186 244 152 210 118 176 234 162 220 128 186 244 152 210 138 196 104 162 220 128 186 244 172 230 138 196 104 162 220 128 206 114 172 230 138 235 143 201 109 167 225 
208 116 174 232 140 218 126 184 242 150 208 116 194 102 160 218 126 184 242 150 228 136 194 102 160 218 126 184 112 170 0 211 119 177 235 143 201 109 167 244 153 211 119 177 235 143 201 128 186 244 152 210 118 176 104 162 220 128 186 244 152 210 138 196 104 162 220 128 186 244 172 230 138 196 104 162 220 148 206 114 172 230 138 196 104 182 240 148 206 114 172 230 158 216 124 182 240 148 206 114 
247 155 213 121 198 106 184 242 150 208 116 174 232 160 218 126 184 242 150 208 136 194 102 160 218 126 184 242 170 228 136 0 177 235 143 201 109 167 225 133 211 119 177 235 143 201 109 187 245 153 211 119 177 235 143 220 128 144 158 216 124 182 240 148 206 134 192 100 158 216 164 222 130 188 246 154 212 140 198 106 164 222 130 188 246 174 232 140 198 106 164 222 130 207 115 173 231 140 198 106 
238 146 204 113 190 248 156 214 122 180 238 146 224 132 190 248 156 214 122 200 108 166 224 132 190 248 156 234 142 200 108 166 0 207 115 173 231 139 197 105 163 241 149 207 115 173 231 139 217 125 183 241 149 207 115 173 101 159 217 125 183 241 149 207 134 192 100 158 216 124 183 110 168 226 134 192 100 158 216 144 202 110 168 226 134 192 100 178 236 144 202 110 168 226 154 212 120 178 236 144 
127 185 243 151 209 117 195 103 161 219 127 185 243 171 229 137 195 103 161 219 127 204 112 171 229 137 195 103 161 238 146 204 112 0 153 211 119 177 235 143 221 129 187 245 153 211 119 177 105 163 221 129 187 245 153 231 139 197 105 163 221 129 187 115 173 231 139 197 105 163 221 149 207 115 173 231 139 197 125 183 241 149 207 115 192 100 158 236 144 202 110 168 226 134 232 140 198 126 184 242 
205 113 171 249 157 215 123 181 239 147 205 132 190 248 156 215 123 181 108 166 224 132 190 248 156 214 142 200 108 166 224 132 190 118 0 139 197 125 183 241 149 207 115 173 231 159 217 125 183 241 149 207 115 193 101 159 217 125 183 241 169 227 135 193 101 159 217 125 203 111 169 227 135 193 101 178 236 144 202 110 168 226 135 212 120 178 236 144 202 110 168 246 154 212 120 178 236 144 222 130 
243 151 229 137 195 103 161 219 127 185 113 171 229 137 195 103 161 219 147 205 113 171 229 137 195 123 181 239 147 205 113 171 229 156 214 0 236 163 221 129 187 246 154 212 139 197 105 163 221 129 187 245 173 231 139 197 105 163 221 129 207 115 173 231 139 197 105 183 241 149 207 115 173 231 139 217 125 183 241 149 207 115 193 101 159 217 125 183 241 149 227 135 193 101 159 217 125 183 110 168 
132 190 248 156 233 141 199 107 166 224 132 209 117 175 233 141 199 107 205 113 171 229 137 195 103 161 239 147 205 113 171 229 137 215 123 181 0 222 130 188 246 154 212 120 178 105 163 222 130 188 246 154 231 139 197 105 163 221 129 187 115 173 231 139 197 105 163 221 149 118 195 103 161 220 128 186 244 171 229 137 195 103 201 109 167 225 133 211 119 177 235 143 201 109 167 245 153 211 119 177 
140 218 126 184 242 150 208 116 193 101 159 217 126 184 242 150 227 135 193 101 159 217 125 203 111 169 227 135 193 101 159 237 145 203 111 169 227 0 118 176 234 142 200 128 186 244 152 210 118 176 104 162 220 128 186 244 152 210 138 196 104 162 220 128 186 244 172 230 138 196 104 162 220 147 205 113 171 229 137 196 104 181 239 147 205 113 171 229 157 215 123 181 239 147 245 153 211 119 177 235 
218 126 184 242 170 228 136 194 102 160 218 126 203 111 169 227 135 193 102 160 237 145 203 111 169 227 135 213 121 179 237 145 203 111 169 247 155 213 0 104 162 220 128 186 244 152 230 138 196 104 162 220 128 186 114 172 230 138 196 104 162 220 148 206 114 172 230 138 196 123 181 240 148 206 114 172 230 157 215 123 181 239 147 205 113 191 249 157 215 123 181 239 167 225 133 191 119 177 235 143 
126 184 242 150 208 136 213 121 179 107 165 223 131 189 247 155 213 141 199 107 165 223 131 189 117 175 233 141 199 107 165 223 151 209 117 175 233 141 199 0 240 148 206 114 192 100 158 216 124 182 240 168 226 134 192 100 158 216 124 201 109 167 226 134 192 100 158 235 143 201 109 167 225 133 211 119 177 235 143 201 109 167 245 153 211 119 177 235 143 221 129 187 245 153 211 119 177 105 163 221 
184 112 170 228 136 194 102 160 218 146 204 112 170 228 136 194 122 180 238 146 204 112 170 228 155 213 121 179 237 146 204 131 189 247 155 213 121 179 237 165 0 186 244 172 230 138 196 104 162 220 128 206 114 172 230 138 196 104 182 240 148 206 114 172 230 138 216 124 182 240 148 206 114 192 100 158 216 124 182 240 148 225 134 192 100 158 216 124 182 109 167 225 133 191 249 157 235 143 201 109 
222 130 208 116 174 232 140 198 106 164 242 150 208 116 174 232 140 198 126 184 242 150 208 116 174 102 160 218 126 184 112 170 247 155 213 122 180 238 146 204 131 0 231 139 197 106 203 111 169 227 135 193 121 179 237 145 203 111 169 227 155 213 121 179 237 145 203 111 189 247 155 213 121 179 237 164 222 130 189 247 155 115 193 101 159 217 145 203 111 169 227 135 193 101 198 106 165 223 131 208 
171 229 157 215 123 181 239 147 205 113 191 249 157 215 123 181 239 147 225 133 191 249 157 215 123 201 109 167 225 133 191 249 157 235 143 201 109 167 225 133 191 119 0 140 218 126 184 242 150 208 116 174 101 159 217 126 184 242 150 208 135 193 101 159 217 125 183 111 169 227 135 193 101 159 217 145 203 111 169 227 135 193 101 179 237 145 203 111 169 227 155 213 121 179 237 145 203 111 189 247 
210 118 196 104 162 220 128 186 244 172 230 138 196 104 162 220 128 205 113 171 229 137 196 104 162 239 147 205 113 171 229 137 215 123 181 239 147 205 113 171 249 157 215 0 236 144 222 130 188 246 154 212 120 178 106 164 222 130 188 246 154 232 140 198 106 164 222 130 188 116 174 232 140 198 106 164 242 150 208 116 174 232 140 198 125 183 241 149 207 116 174 232 159 217 165 223 131 189 247 155 
138 196 104 162 220 128 186 244 191 249 157 215 123 181 109 167 225 133 211 139 197 105 163 221 129 187 115 173 231 139 197 105 163 221 149 207 115 173 231 139 197 105 182 240 0 131 189 247 155 213 121 179 238 165 223 131 189 247 155 213 121 199 107 165 223 131 189 247 175 233 141 199 107 165 223 131 209 117 175 233 141 199 107 165 243 151 209 117 175 233 141 219 127 185 243 151 209 117 175 103 
216 124 182 109 167 226 134 192 100 158 235 143 201 109 167 225 133 191 119 177 235 143 201 109 167 225 153 211 119 177 235 143 201 129 187 245 153 211 119 177 235 163 221 129 187 0 208 136 194 102 160 218 126 184 242 170 228 136 194 102 160 218 146 204 112 170 228 136 194 102 179 237 146 204 112 170 228 155 213 121 179 237 145 203 111 189 247 155 213 121 179 237 145 223 131 189 247 155 213 121 
104 162 220 128 206 114 172 230 138 196 104 162 240 148 206 114 172 230 138 216 124 182 240 148 206 114 172 100 158 216 124 182 240 148 206 133 191 249 157 216 124 182 129 187 245 153 0 194 102 160 218 126 184 242 150 228 136 194 102 160 218 126 184 112 170 228 136 194 102 160 238 146 204 112 170 228 136 194 122 180 238 146 204 112 170 228 155 213 121 179 237 145 204 199 127 185 243 151 209 117 
100 158 216 124 182 240 188 246 154 212 140 198 106 164 222 130 188 246 173 231 139 198 106 164 222 130 207 115 173 231 139 197 105 183 241 149 207 115 173 231 139 217 125 183 241 149 207 0 248 156 214 122 200 108 166 224 132 190 248 156 234 142 200 108 166 224 132 190 118 176 234 142 200 108 166 244 152 210 118 176 234 142 200 127 185 243 151 209 118 176 103 161 219 127 185 243 151 209 137 195 
158 216 144 202 110 168 226 134 192 100 178 236 144 202 110 168 226 154 212 120 178 236 144 202 110 188 246 154 212 120 178 236 164 222 130 188 246 154 212 120 197 106 164 222 130 188 246 154 0 195 103 161 219 127 204 112 170 228 136 194 102 180 238 146 204 112 170 228 136 214 122 180 238 146 204 112 170 248 156 214 122 180 238 146 224 132 190 248 156 214 122 180 108 166 224 132 190 248 156 214 
197 105 163 241 149 207 115 173 231 139 197 124 182 240 148 207 115 173 231 158 236 144 202 110 168 246 154 212 120 178 125 183 241 150 208 116 174 101 159 217 125 183 241 149 207 135 193 101 159 0 200 108 166 224 132 190 248 176 234 142 200 108 166 224 152 210 118 176 234 142 200 108 186 244 152 210 118 176 234 162 220 128 186 244 152 210 118 196 104 162 220 128 186 244 152 229 137 195 103 161 
125 202 110 168 226 134 193 101 178 236 144 202 110 168 226 134 212 120 178 236 144 202 110 168 246 154 212 120 178 236 144 222 130 188 246 154 212 120 178 106 164 222 130 188 246 154 232 140 198 106 0 147 205 113 171 229 137 195 122 181 239 147 205 113 171 229 156 214 122 180 238 146 204 132 190 248 156 214 122 180 238 166 224 132 190 248 156 214 122 200 108 166 224 132 190 248 176 234 142 200 
183 241 149 207 115 173 231 139 217 125 183 241 149 207 115 193 101 159 217 125 183 241 149 226 134 192 101 159 217 125 183 110 168 226 134 192 100 158 236 144 202 110 168 226 134 192 120 178 236 144 202 0 243 151 229 137 195 103 181 239 147 205 113 171 229 137 215 123 181 239 147 205 113 171 248 156 214 122 180 239 147 224 132 190 248 156 214 122 180 108 166 224 132 190 248 156 214 142 200 108 
221 149 207 115 173 181 239 147 225 133 191 249 157 215 123 201 109 167 245 153 231 139 197 105 163 221 129 206 114 172 230 138 197 105 163 240 148 206 114 172 230 138 216 124 182 240 148 206 114 172 100 158 0 179 107 165 223 131 189 247 155 213 141 199 107 165 223 131 189 117 175 233 141 199 107 165 223 151 209 117 175 233 141 199 107 185 243 151 209 117 175 233 160 218 126 184 242 150 208 117 
249 157 215 123 201 109 167 225 133 191 249 177 235 143 201 109 167 225 133 211 119 177 235 143 201 109 167 245 153 211 119 177 235 143 221 129 187 245 153 211 119 177 105 163 221 129 187 245 153 230 138 196 105 0 145 203 111 169 228 136 194 121 179 237 145 203 111 169 227 155 213 121 179 237 145 203 131 189 247 155 213 121 179 237 165 223 131 189 247 155 213 141 199 107 165 223 131 189 247 175 
138 196 104 162 220 148 206 114 172 230 138 196 104 182 240 148 206 114 172 230 157 215 123 181 239 148 206 114 191 249 157 215 143 201 109 187 245 153 211 119 177 235 182 241 149 207 115 192 100 158 216 124 182 240 0 210 118 176 234 142 200 108 166 244 152 210 118 176 234 142 220 128 186 244 152 210 118 176 104 162 220 128 186 244 152 210 138 196 104 162 220 128 186 114 172 230 138 196 104 162 
145 203 111 169 227 154 213 121 179 237 145 203 130 188 246 154 212 120 178 236 164 222 130 188 246 154 212 120 198 106 164 222 130 188 246 174 232 140 198 106 164 222 130 208 116 174 232 140 198 106 184 242 150 208 116 0 157 215 123 181 239 147 225 133 191 249 157 215 123 181 108 166 224 133 191 249 157 234 142 200 108 166 224 132 190 118 176 234 142 200 108 166 224 152 210 118 176 234 142 200 
183 241 149 207 115 173 101 159 217 125 183 241 149 207 135 193 101 159 217 125 183 111 169 227 135 193 101 159 217 145 203 111 169 227 135 193 101 178 236 144 203 111 169 227 154 212 120 178 236 144 202 110 188 246 154 212 0 103 161 219 127 185 243 151 229 137 215 123 181 239 167 225 133 191 249 157 215 123 200 109 167 225 133 191 249 176 234 142 200 108 166 224 132 210 118 176 234 142 200 108 
241 149 207 115 173 231 139 217 125 183 241 149 207 115 193 101 159 242 170 228 136 194 102 160 218 126 204 112 170 228 175 233 141 199 107 165 223 131 209 117 175 233 141 199 107 185 243 151 209 117 175 233 141 219 127 185 243 0 134 192 100 158 216 124 202 110 168 226 134 192 100 158 235 143 201 110 168 226 134 192 119 177 235 143 201 109 167 245 153 211 119 177 235 143 201 129 187 245 153 211 
194 102 160 218 126 184 112 170 228 136 194 102 160 218 146 204 112 170 228 136 194 102 180 238 146 204 112 170 228 156 214 122 180 238 146 204 112 189 247 155 213 121 180 238 146 223 131 189 247 155 213 121 199 107 165 223 131 189 0 230 138 196 104 162 220 128 206 114 172 230 138 196 104 182 240 148 206 114 172 230 138 216 124 182 240 148 206 114 172 100 158 216 124 182 240 148 226 134 192 100 
232 141 199 107 165 223 131 189 116 174 232 140 198 106 164 223 150 208 116 174 232 140 198 126 184 242 150 208 116 174 232 160 218 126 184 242 150 208 136 194 102 160 218 126 204 131 189 247 156 214 122 180 238 165 243 151 209 137 195 0 216 144 202 110 168 226 134 192 100 178 236 144 202 110 168 226 154 212 120 178 236 144 202 110 187 245 153 212 120 178 236 163 221 129 187 245 153 211 119 197 
160 218 126 184 242 170 228 136 194 102 160 218 126 204 112 170 228 136 194 102 180 238 146 204 112 170 228 136 214 122 180 238 146 204 112 170 248 156 214 122 180 238 146 224 132 190 248 156 214 122 180 107 165 223 132 190 248 156 214 141 0 163 240 148 210 205 113 171 229 137 215 123 181 239 147 205 113 191 249 157 215 123 181 239 147 225 133 191 249 157 215 123 201 109 167 225 133 191 249 157 
140 198 106 164 241 149 207 115 173 231 140 198 125 183 241 149 207 115 173 101 159 217 145 203 131 189 247 155 213 121 179 107 165 223 131 189 247 155 213 140 198 106 164 223 131 189 247 174 232 140 198 106 164 222 150 208 116 174 232 140 198 0 239 147 205 113 191 249 157 215 123 181 239 167 225 133 191 249 177 235 143 201 129 187 245 153 211 119 177 235 162 220 128 186 244 153 211 138 196 104 
217 145 203 111 169 227 135 193 101 179 237 145 203 111 169 227 155 213 121 179 237 145 203 111 189 247 155 213 121 157 235 143 201 109 167 245 153 211 119 177 235 143 240 148 206 114 173 100 158 216 124 182 240 148 206 134 192 100 158 216 124 182 0 223 131 189 247 175 233 141 199 107 165 223 151 209 117 175 233 141 199 107 185 243 151 209 117 175 233 141 219 127 185 243 151 209 117 194 102 161 
124 182 240 167 225 134 192 100 158 216 124 201 109 167 225 133 191 249 177 235 143 201 109 167 225 133 211 119 177 235 143 201 109 167 245 153 211 119 177 235 143 221 129 187 245 153 211 119 177 105 163 221 129 187 245 153 211 139 197 105 163 221 168 0 189 117 175 233 141 199 107 165 223 151 209 117 175 233 181 239 147 205 132 190 248 156 214 122 180 238 166 224 132 190 248 156 214 122 200 108 
221 129 187 245 173 231 139 197 105 163 221 149 207 115 173 231 139 197 105 183 241 149 207 115 173 231 139 217 125 183 241 149 207 115 193 101 159 217 125 183 241 149 226 135 193 101 159 217 125 202 110 168 226 134 192 100 198 106 164 222 130 188 246 154 0 195 142 200 109 167 225 133 210 118 176 234 142 200 108 166 244 152 210 118 176 234 142 220 128 186 244 152 210 118 176 104 162 220 128 186 
169 227 135 193 101 159 237 145 203 111 169 227 135 193 121 179 237 145 203 111 169 227 155 213 121 179 237 145 203 130 188 246 154 212 120 179 237 164 222 130 188 246 154 212 120 198 106 164 222 130 188 246 174 232 140 198 106 164 222 130 208 116 174 232 140 0 181 239 147 205 113 171 229 137 215 123 181 239 147 205 113 191 249 157 215 123 181 239 147 225 133 191 249 157 215 123 200 108 166 224 
207 115 173 231 139 197 105 163 241 149 207 115 173 231 139 197 125 183 241 149 207 115 173 101 159 217 125 183 241 149 207 135 193 101 159 217 125 183 111 169 227 135 193 101 159 217 145 203 111 169 227 135 193 101 178 237 145 203 111 169 227 154 212 120 178 236 0 127 185 243 151 209 117 195 103 161 219 127 185 243 171 229 137 195 103 161 219 127 205 113 191 249 157 215 123 181 239 167 225 133 
246 174 232 140 198 106 164 222 149 207 115 173 231 139 198 106 183 241 149 207 115 173 231 139 217 125 183 241 149 207 115 193 101 159 217 125 183 241 149 227 135 200 147 205 113 171 229 137 195 123 181 239 147 205 153 211 119 177 235 143 201 128 187 245 153 211 119 0 159 218 126 184 242 169 227 135 193 101 159 217 145 203 111 169 227 135 193 101 179 237 145 203 111 169 227 155 213 121 179 237 
200 108 186 244 152 210 118 176 234 162 220 128 186 244 152 210 118 196 104 162 220 128 186 244 172 230 138 196 104 162 220 128 205 113 171 229 138 196 104 162 239 147 205 113 171 229 137 215 123 181 239 147 205 113 171 249 157 215 123 181 239 147 205 133 191 249 157 215 0 106 164 222 130 188 116 174 232 140 198 106 164 222 150 208 116 174 232 140 198 126 184 242 150 208 116 174 232 159 217 125 
239 166 224 132 190 248 156 214 142 200 108 166 224 132 190 248 176 234 142 200 108 166 224 132 210 118 176 234 142 200 108 186 244 152 210 118 176 234 142 220 128 186 244 152 210 118 176 104 162 220 128 186 244 152 229 137 196 104 162 220 128 186 113 171 229 137 195 103 181 0 222 130 188 246 154 232 140 198 126 203 112 170 228 136 194 102 160 237 145 203 111 169 227 135 213 121 179 237 145 203 
186 244 152 210 118 176 104 162 220 128 186 244 152 230 138 196 104 162 220 128 186 114 172 230 138 196 104 162 220 148 206 114 172 230 138 196 124 182 240 148 206 114 172 230 157 215 123 182 240 148 206 133 191 249 157 215 123 181 239 167 225 133 191 249 157 215 123 201 109 167 0 208 116 174 232 140 198 106 184 242 150 208 116 174 232 140 218 126 184 242 150 208 116 174 102 160 218 126 184 242 
225 133 191 249 157 234 143 201 109 167 225 133 191 118 176 234 142 200 108 166 244 152 210 118 176 234 142 200 128 186 244 152 210 118 176 234 162 220 128 186 244 152 210 138 196 104 162 220 128 186 244 172 230 138 196 104 162 220 148 206 114 172 230 138 196 104 181 240 148 206 114 0 154 213 121 179 237 145 203 111 188 246 154 212 120 178 236 164 222 130 188 246 154 212 120 198 106 164 222 130 
113 171 249 157 215 123 201 109 167 225 152 210 119 177 104 162 220 128 186 244 152 210 138 196 104 162 220 128 186 244 172 230 138 196 104 162 220 148 206 114 172 230 138 196 104 182 240 148 206 114 172 230 158 140 218 126 184 242 150 208 136 194 102 160 218 126 223 131 189 247 155 213 0 104 162 220 148 206 114 172 230 138 196 124 182 240 148 206 114 172 230 158 216 124 182 240 148 206 114 192 
155 213 141 199 107 165 223 131 189 247 174 233 141 199 107 165 223 131 208 116 174 232 140 198 106 184 242 150 208 116 174 232 140 218 126 184 242 150 208 116 174 102 160 218 126 184 242 150 228 136 194 102 160 218 126 184 112 170 228 136 194 102 160 238 146 204 112 170 228 136 194 121 180 0 130 188 246 154 212 139 197 105 163 222 130 188 246 173 231 139 197 105 163 221 129 207 115 173 231 139 
122 180 238 146 204 112 190 248 156 214 122 180 238 146 224 132 190 248 156 214 122 200 108 166 224 132 190 248 156 234 142 200 108 166 224 132 190 118 176 234 142 200 108 166 243 151 209 117 175 233 142 200 127 185 243 151 209 117 175 233 161 219 127 185 243 151 209 137 195 103 161 219 127 185 0 246 154 212 120 178 106 183 111 209 156 234 181 109 207 154 232 160 218 126 184 242 150 208 116 193 
157 215 123 181 239 166 224 132 190 248 156 215 123 200 108 166 224 132 190 248 176 234 142 200 108 166 224 132 210 118 176 234 142 200 108 166 244 152 210 118 176 234 142 220 128 186 244 152 210 118 176 104 162 220 128 186 244 152 230 138 196 104 162 220 128 186 113 171 229 137 195 103 162 220 147 0 168 226 154 212 120 178 236 144 202 130 188 246 154 212 120 178 236 164 222 130 188 246 154 212 
195 103 161 219 147 205 113 171 229 137 195 103 181 239 147 205 113 171 229 137 215 123 181 239 147 205 113 190 248 224 132 190 117 175 233 141 199 107 165 223 151 209 117 175 233 141 199 127 185 243 151 209 117 175 233 161 219 127 185 243 151 209 137 195 103 161 219 127 185 243 171 229 137 195 103 161 0 202 110 168 226 134 212 120 178 236 144 202 110 187 245 153 211 119 177 235 144 221 129 187 
150 228 136 194 102 160 218 126 204 112 170 228 136 194 122 180 238 166 224 132 190 248 156 214 122 200 108 166 224 132 190 248 175 233 142 200 108 166 224 132 209 117 175 233 141 199 107 165 243 151 209 117 175 233 141 219 127 185 243 151 209 117 175 103 161 196 104 162 220 148 206 114 172 230 138 196 124 0 145 203 111 169 247 155 213 121 179 237 145 203 131 189 247 155 213 121 179 237 165 223 
186 244 172 230 138 196 104 162 220 147 205 113 171 229 137 196 104 181 239 147 205 113 171 229 137 215 123 181 239 147 205 113 191 249 157 215 123 181 239 147 225 133 191 249 157 215 123 201 109 167 225 133 191 249 157 235 143 201 109 167 225 133 191 119 177 235 143 201 109 167 244 152 210 118 176 235 143 201 0 241 149 207 135 193 101 159 217 125 183 111 169 227 135 193 101 159 217 145 203 111 
224 152 210 118 176 234 142 200 108 186 244 152 210 118 176 234 162 220 128 186 244 152 210 118 196 104 162 220 128 186 244 171 229 137 196 104 162 220 128 205 113 171 229 137 170 140 123 112 229 192 163 169 235 226 233 109 214 170 196 203 131 196 243 150 248 100 147 224 120 218 205 115 193 191 245 161 205 172 100 0 168 227 202 248 104 202 189 176 115 240 128 225 153 231 198 126 133 230 174 196 
218 185 101 238 205 244 191 217 165 112 210 126 223 210 106 113 120 197 145 230 158 212 179 107 185 211 179 237 223 131 249 176 144 190 137 104 182 149 188 175 110 121 107 233 141 108 245 172 120 237 204 152 249 165 152 159 106 243 210 158 236 183 131 208 124 190 197 223 119 126 223 210 178 145 132 158 216 155 142 109 0 139 106 203 111 169 235 183 241 247 124 150 188 135 103 200 100 237 137 242 
154 156 139 107 244 211 217 204 152 206 173 109 115 122 164 151 158 121 108 209 157 183 154 161 148 186 102 128 226 102 180 206 173 215 202 150 157 163 170 216 203 241 208 215 202 169 215 244 172 159 146 243 159 126 224 100 146 212 239 214 240 148 175 224 192 230 158 105 151 138 145 171 178 145 152 159 106 227 103 110 117 0 205 231 179 166 173 179 225 232 239 115 232 200 226 173 180 187 233 240 
171 107 224 171 237 114 231 198 165 211 238 225 212 179 146 173 159 166 244 132 139 217 204 131 249 176 143 150 137 171 198 185 159 205 243 143 110 151 177 131 197 139 145 132 198 126 224 191 237 133 100 107 165 112 210 145 231 159 188 214 195 242 140 237 219 226 174 121 238 245 113 211 198 145 112 139 110 155 189 196 183 209 0 175 123 200 246 214 201 156 103 130 136 183 145 172 238 205 121 238 
185 231 179 201 247 195 201 247 215 202 169 116 123 172 222 224 124 170 177 164 111 189 216 163 130 117 144 241 228 195 186 173 160 147 114 160 167 154 141 108 194 240 116 233 201 207 192 100 158 216 124 182 240 167 225 133 191 100 158 216 124 201 109 167 225 133 191 249 177 235 143 201 109 167 225 133 211 119 177 235 143 201 109 0 150 208 116 194 102 160 218 126 184 242 150 228 136 194 102 160 
143 201 109 167 225 133 191 119 177 235 143 201 109 167 244 152 211 119 177 235 143 201 128 186 244 152 210 118 176 104 162 220 128 186 244 152 210 138 196 104 162 220 128 186 244 172 230 138 196 104 162 220 148 206 114 172 230 138 196 104 182 240 148 206 114 172 230 138 216 124 182 240 148 206 114 191 249 158 216 124 182 240 148 225 0 247 155 213 121 198 106 164 222 130 188 246 154 232 140 198 
181 239 147 205 133 191 249 177 235 143 201 109 167 225 172 230 138 196 104 182 240 148 206 114 172 230 138 216 124 182 240 148 206 114 192 100 158 216 124 182 240 148 226 134 192 100 158 216 124 182 110 168 226 134 231 159 106 204 151 249 177 124 182 240 148 206 134 192 100 158 216 124 182 240 168 226 134 192 100 158 216 124 202 110 168 0 209 117 175 233 141 199 107 185 243 151 209 117 175 233 
216 124 182 240 148 225 133 191 249 157 215 123 201 109 167 225 133 191 249 157 235 143 201 109 167 225 133 191 119 177 235 143 201 109 167 245 153 211 119 177 235 143 240 168 116 213 141 238 186 114 172 249 157 215 123 181 240 148 225 133 191 249 157 215 123 181 109 167 225 133 191 249 157 215 143 201 109 167 225 133 191 119 177 235 143 201 0 151 209 117 195 103 161 219 127 185 243 171 229 137 
100 178 236 144 202 110 168 226 134 212 120 178 236 144 202 110 168 245 153 212 120 178 236 144 221 129 187 245 153 211 119 177 105 163 221 129 187 245 173 231 139 217 125 183 241 149 207 115 193 101 159 217 125 183 241 149 227 135 193 101 159 217 125 202 110 168 227 135 193 101 159 236 144 202 110 168 226 134 192 120 178 236 144 202 110 168 246 0 117 226 153 211 119 177 235 144 221 129 187 245 
228 136 214 122 200 108 166 224 132 190 248 156 234 142 200 108 166 224 151 229 137 195 103 161 219 127 225 172 100 198 125 223 170 248 176 234 142 200 108 166 224 132 210 137 195 103 161 219 127 185 244 171 229 137 195 103 161 219 147 205 113 171 229 137 195 103 181 239 147 205 113 171 229 157 215 123 181 239 147 205 113 191 249 157 215 123 181 239 0 130 188 246 154 232 140 198 106 164 222 130 
113 171 229 137 214 122 180 238 146 205 113 171 248 156 214 122 180 238 146 224 132 190 248 156 214 122 180 108 166 224 132 190 248 156 214 142 200 108 166 224 132 190 118 176 234 142 200 108 166 224 152 210 118 176 234 142 200 108 186 244 152 210 118 176 234 161 219 127 185 243 152 210 118 195 103 161 219 127 185 243 171 229 137 195 103 161 219 127 205 0 226 134 192 100 178 236 144 202 110 168 
151 209 117 175 233 141 219 127 185 243 151 209 117 195 103 161 239 147 205 113 190 248 156 214 122 180 128 186 244 152 210 118 196 104 162 220 128 186 244 172 230 138 196 104 162 220 128 206 114 172 230 138 196 104 162 239 147 205 113 171 229 138 215 123 181 239 147 205 113 171 249 157 215 123 181 239 147 205 133 191 249 157 215 123 181 109 167 225 133 191 0 232 140 198 106 164 222 150 208 116 
229 137 195 123 181 239 147 205 113 171 249 157 215 123 181 239 147 205 132 190 249 157 215 123 181 239 166 224 132 190 248 156 214 142 200 108 166 224 132 190 248 176 234 142 200 108 166 224 132 210 118 176 234 142 200 108 186 244 152 210 118 176 234 142 220 128 186 244 152 210 118 176 104 162 220 128 186 244 191 249 157 235 143 201 109 167 225 133 191 119 177 0 198 106 204 112 170 247 155 213 
177 235 143 220 128 103 181 239 147 205 113 171 229 137 215 123 181 239 187 245 153 211 119 177 235 143 220 128 187 245 153 211 119 196 104 162 220 128 186 244 152 230 158 216 124 202 110 168 226 134 212 120 197 105 163 221 129 187 135 193 101 159 217 125 203 111 169 227 135 193 101 159 237 145 203 111 169 227 135 213 121 179 237 145 203 111 169 246 154 212 120 178 0 219 127 185 243 151 229 137 
100 230 158 216 189 100 137 142 196 112 118 105 195 201 228 175 103 125 130 227 191 193 243 170 197 144 111 189 176 202 181 247 238 166 172 230 178 236 203 131 113 140 166 133 195 162 240 148 135 161 239 167 114 101 155 162 228 143 201 208 215 123 201 109 206 134 172 179 185 153 211 107 185 199 225 153 231 107 225 212 238 205 212 128 205 192 160 107 133 187 174 201 168 0 197 145 171 178 224 211 
103 181 128 225 193 199 186 154 101 218 245 101 199 245 212 199 127 114 211 198 146 204 210 158 105 222 150 208 124 190 177 124 111 209 176 202 170 228 175 221 248 215 162 220 207 151 248 235 123 221 117 132 119 153 159 146 232 187 155 181 109 115 138 121 238 110 204 210 134 141 108 205 212 219 206 173 120 178 205 172 179 146 172 147 154 102 199 127 204 132 139 205 121 214 0 243 191 118 105 132 
241 196 144 131 228 235 162 201 247 234 201 149 246 193 180 128 206 193 160 206 232 109 175 122 109 104 221 149 136 233 181 246 194 181 187 206 153 120 127 121 219 186 102 199 238 205 152 210 158 121 238 206 121 238 225 133 179 166 244 231 198 225 101 108 205 153 230 178 125 243 245 213 148 226 102 219 226 162 109 183 197 200 238 205 192 128 174 161 168 206 232 200 226 134 200 0 170 117 144 150 
232 140 146 114 120 182 189 156 163 150 137 143 170 117 218 154 220 147 245 192 108 214 110 187 174 122 109 155 233 180 187 174 240 116 123 169 144 198 205 211 127 114 192 179 146 184 223 119 185 152 178 205 101 238 146 113 210 126 172 218 186 212 238 225 232 168 214 149 117 182 169 156 163 189 117 104 182 189 235 143 228 215 131 138 125 151 158 145 171 138 125 183 210 118 187 194 0 172 159 146 
215 159 134 219 187 134 232 179 127 181 167 194 122 239 115 213 180 116 158 125 112 178 244 100 146 102 239 115 161 188 245 213 239 167 114 121 206 249 235 132 138 145 171 139 145 191 127 244 160 186 154 239 135 181 188 124 190 224 152 139 232 108 115 232 168 103 150 105 131 158 125 191 134 240 227 154 236 112 119 165 172 245 122 188 104 130 247 143 249 236 132 217 121 207 233 110 132 0 208 156 
166 212 148 115 232 180 112 158 105 151 138 125 211 146 133 211 139 102 239 115 161 168 234 130 176 203 170 137 242 249 216 223 230 197 243 218 225 172 238 154 220 116 182 188 136 182 208 235 202 248 235 202 118 164 230 237 113 120 186 212 239 226 181 207 214 240 247 183 209 196 222 150 117 163 190 236 112 166 134 160 167 114 180 128 225 101 128 174 240 116 111 228 184 190 185 156 182 248 0 194 
161 239 174 201 188 194 221 117 214 142 239 187 154 149 163 249 177 144 190 106 223 230 237 224 191 126 192 159 146 173 199 245 161 148 226 173 239 222 150 176 183 249 125 223 190 177 183 131 118 101 127 134 160 147 134 161 187 103 200 128 135 102 239 226 102 243 210 212 160 167 134 136 234 110 188 155 142 109 187 123 149 144 222 130 117 163 150 176 202 181 247 214 201 109 116 182 208 152 170 0 

3990 0 62 4235
3582 0 62 2845
3370 1 62 2634
3635 1 63 2899
2848 2 63 4925
4484 2 63 4075
4875 3 63 4139
4363 3 64 3954
4234 4 64 3825
4893 4 64 4484
4437 5 64 4028
4449 5 65 3713
3993 6 65 3584
3024 6 65 2615
3549 7 65 3140
3499 7 66 3089
4351 8 66 3614
3961 8 66 3552
4813 9 66 4077
2931 9 66 2521
3534 9 67 2798
3078 10 67 2669
3354 10 67 2618
3631 10 67 3222
3502 61 67 2765
3451 61 68 3042
3728 61 68 3318
4253 62 68 3843
4529 62 68 3793
4479 62 69 4069
2517 63 69 4594
4953 63 69 4544
2743 63 69 4493
4273 64 70 3864
2717 64 70 4795
2667 64 70 4744
3519 65 70 2782
3468 65 70 3059
3418 65 71 3008
4270 66 71 3533
4219 66 71 3483
4169 66 71 3759
4694 67 71 4284
4643 67 72 4234
4920 67 72 4183
2958 68 72 2549
2907 68 72 2498
2857 68 72 4934
3709 69 73 2973
3658 69 73 3249
3608 69 73 3198
4133 70 73 3723
4409 70 74 3673
4359 70 74 3949
4884 71 74 4474
4833 71 74 4424
2623 71 74 4373
3148 72 75 2739
3097 72 75 2688
3047 72 75 2638
3650 72 75 2914
4175 73 75 3766
4125 73 76 3716
4074 73 76 3665
4678 73 76 3942
4443 74 76 3707
4392 74 77 3983
4669 74 77 3933
4618 74 77 4209
4489 75 77 3753
4438 75 77 4029
4388 75 78 3979
2505 75 78 4255
4535 76 78 4126
4485 76 78 4075
4761 76 78 4025
4711 76 79 4301
4581 77 79 3845
4531 77 79 4122
4480 77 79 4071
4757 77 79 4021
4301 78 80 3891
4577 78 80 3841
4527 78 80 3790
4476 78 80 4067
4347 79 81 3610
4296 79 81 3887
4246 79 81 3836
4522 79 81 3786
4066 80 81 3657
4342 80 82 3606
4292 80 82 3556
4241 80 82 3832
4112 81 82 3376
4062 81 82 3652
4011 81 83 3602
4288 81 83 3878
3831 82 83 3422
4108 82 83 3371
4057 82 83 3648
4007 82 84 3597
3956 82 84 3547
3827 83 84 3418
3776 83 84 3367
4053 83 84 3644
4002 83 85 3593
4279 83 85 3870
4150 84 85 3740
4099 84 85 3690
4376 84 85 3639
4325 84 86 3589
4602 84 86 4192
4472 85 86 4063
4422 85 86 4013
4371 85 86 3962
4648 85 87 3911
4597 85 87 4188
4468 86 87 3732
4417 86 87 4008
4367 86 87 3958
4316 86 88 3907
4593 86 88 3857
4137 87 88 3727
4413 87 88 3677
4363 87 88 3953
4312 87 89 3903
4261 87 89 3852
4132 88 89 3723
4082 88 89 3672
4414 88 90 4332
3186 88 90 3103
3789 88 90 3707
4641 89 90 4559
2758 89 91 2676
3689 89 91 3280
4292 89 91 4210
2737 89 91 2654
3589 90 91 3506
4192 90 92 4110
4796 90 92 4714
3240 90 92 2831
4171 90 92 4088
4774 90 92 4692
3140 91 93 3057
3743 91 93 3661
4020 91 93 3611
4296 91 93 3560
4573 91 93 4164
2493 91 94 4570
4850 92 94 4441
4800 92 94 4390
2590 92 94 4340
2539 92 94 4289
2488 92 95 4566
4924 92 95 4515
4795 93 95 4386
4745 93 95 4335
2535 93 95 4285
4971 93 96 4234
4920 93 96 4511
4869 93 96 4460
4740 94 96 4331
4690 94 96 4281
4966 94 97 4557
4916 94 97 4507
4865 94 97 4456
4815 94 97 4405
4685 95 98 4276
4635 95 98 4226
4911 95 98 4502
4861 95 98 4452
4810 95 98 4401
2600 95 98 4351
4630 96 99 4221
4580 96 99 4171
4856 96 99 4447
4806 96 99 4397
4755 96 99 4346
4705 96 0 3969
3921 97 0 3512
3465 98 0 3056
3009 99 0 2600

32042

0 709 29
1 618 27
2 883 23
3 321 21
4 887 40
5 680 38
6 556 31
7 431 21
8 957 40
9 475 28
10 410 47
11 344 37
12 279 30
13 312 20
14 997 39
15 932 29
16 867 48
17 917 43
18 851 33
19 786 22
20 721 42
21 655 31
22 590 21
23 525 44
24 460 34
25 394 23
26 428 43
27 362 32
28 297 22
29 982 41
30 916 31
31 851 24
32 786 44
33 369 24
34 304 43
35 988 33
36 923 26
37 956 45
38 891 35
39 826 24
40 761 44
41 695 33
42 630 23
43 565 42
44 499 36
45 533 25
46 468 45
47 402 34
48 337 24
49 272 43
50 956 33
51 891 22
52 826 46
53 760 35
54 794 25
55 729 44
56 663 34
57 598 23
58 533 43
59 467 32
60 402 26
61 337 45
62 272 35
63 305 24
64 990 44
65 976 27
66 910 46
67 845 39
68 780 29
69 714 48
70 649 20
71 682 39
72 617 29
73 552 44
74 487 34
75 421 27
76 356 47
77 291 36
78 975 26
79 910 45
80 943 35
81 878 24
82 813 44
83 748 37
84 682 27
85 617 46
86 552 36
87 486 25
88 421 45
89 454 34
90 389 24
91 324 47
92 259 37
93 943 26
94 878 46
95 813 35
96 747 25
97 682 44
98 617 34
99 552 23
