100 251 5

0 248 156 195 215 104 143 162 201 240 129 188 246 135 194 122 161 220 129 168 227 135 174 103 161 200 109 168 227 116 174 213 122 181 220 129 187 226 135 213 102 161 220 109 168 226 115 174 233 122 180 239 128 187 246 154 193 102 141 200 108 147 206 115 154 213 121 180 219 128 186 225 134 173 232 141 207 246 155 214 103 161 220 109 168 207 116 194 103 142 200 239 148 207 116 155 213 122 161 220 
156 0 234 143 162 221 129 168 227 136 175 103 162 201 110 168 207 116 175 214 123 181 220 129 188 227 136 214 103 162 220 109 168 227 116 175 233 122 181 240 129 187 246 155 214 122 181 220 129 168 226 155 214 103 161 200 109 168 207 116 174 213 122 181 239 128 187 246 155 213 102 161 220 109 167 226 115 174 233 141 180 239 128 187 245 134 193 102 141 200 108 167 206 115 174 212 121 160 219 128 
186 206 0 153 192 101 160 199 108 166 225 114 173 231 120 199 108 147 205 114 153 212 101 179 238 147 186 244 133 192 101 159 218 127 166 225 133 192 231 140 199 238 146 185 244 153 211 100 159 218 107 166 224 113 172 100 139 198 107 146 205 113 152 211 120 159 217 126 165 224 133 191 100 159 198 107 165 204 113 191 230 139 198 237 146 204 243 152 211 100 158 217 106 165 224 132 191 100 139 197 
106 165 204 0 171 210 119 158 217 126 184 223 132 191 230 138 197 236 145 223 112 171 230 119 158 216 105 184 243 132 190 249 138 197 105 144 203 112 151 210 118 157 216 145 184 242 151 190 249 157 196 138 177 216 105 144 202 111 150 229 137 176 235 144 183 241 150 209 118 176 215 124 183 222 131 209 248 157 215 104 163 222 111 189 248 137 196 104 143 202 111 170 228 137 176 235 144 183 241 170 
228 117 176 235 0 183 241 150 209 117 156 215 124 163 222 130 169 228 137 176 234 143 182 111 169 208 117 176 215 124 182 241 150 208 247 156 215 104 163 241 130 189 247 136 195 104 143 221 130 169 228 137 175 234 143 202 241 149 208 247 156 215 104 162 201 110 169 227 116 175 234 143 201 110 149 208 116 155 214 143 182 221 129 188 227 136 194 103 162 221 110 168 227 116 175 103 142 201 240 149 
207 116 175 234 142 0 240 149 207 246 155 234 123 181 240 129 188 227 136 214 103 162 220 109 168 227 136 194 103 142 201 109 168 207 116 175 233 142 201 240 148 207 246 155 194 103 161 200 109 168 227 135 194 103 142 200 109 148 207 135 174 233 142 181 239 128 187 116 174 213 122 161 220 128 187 246 155 194 102 161 220 109 168 226 135 194 102 141 228 117 156 214 123 162 221 110 169 227 136 195 
103 162 221 110 169 227 0 195 104 143 201 240 149 208 247 175 234 123 182 240 129 188 247 155 214 123 162 221 129 188 227 155 194 103 162 221 110 168 227 136 195 103 142 201 240 149 207 136 175 234 123 181 240 129 188 116 155 214 123 162 220 129 188 247 155 194 103 162 220 109 168 227 116 175 214 122 181 240 129 207 246 155 214 122 161 220 129 187 246 155 194 103 161 200 109 188 227 135 194 233 
142 200 109 168 227 116 174 0 142 181 239 148 207 116 174 213 122 161 220 128 167 226 135 194 233 141 200 109 168 226 115 174 233 122 180 109 148 207 246 154 213 102 161 239 128 187 246 135 193 102 161 220 128 167 226 135 193 232 141 200 109 167 226 115 174 232 121 200 109 148 206 245 154 213 102 180 239 128 187 245 134 193 102 161 219 128 167 226 134 193 232 161 200 108 167 226 115 173 232 121 
180 239 147 186 245 134 193 121 0 219 128 167 225 134 173 102 160 199 108 167 206 114 173 232 141 199 238 147 206 114 153 232 121 180 238 147 166 225 114 192 101 140 199 108 147 205 114 173 212 121 160 218 127 166 225 153 192 101 160 199 107 166 225 158 197 106 165 204 112 171 210 139 197 236 145 204 112 151 210 119 178 236 145 184 243 132 191 119 158 217 125 164 223 132 171 249 158 197 106 164 
223 112 171 249 138 197 106 145 203 0 151 230 138 177 236 145 184 243 151 210 119 177 216 125 184 223 132 190 229 138 197 236 144 203 242 171 229 118 177 236 125 183 242 151 210 118 157 216 125 164 223 151 190 249 157 196 105 164 203 131 190 229 138 196 235 144 203 112 151 209 118 157 216 125 164 222 131 170 229 137 176 235 144 203 111 170 209 118 176 215 124 203 242 131 189 228 137 196 104 163 
222 131 189 228 137 196 235 163 222 111 0 209 117 176 215 144 202 241 150 209 248 156 215 124 183 241 130 189 248 156 195 124 183 222 130 189 228 137 196 104 163 222 111 169 208 117 176 104 143 202 241 150 208 247 156 215 124 163 221 130 169 228 117 195 104 163 202 110 149 208 117 176 234 143 182 241 149 208 247 176 215 123 182 241 130 188 247 156 215 123 162 221 130 169 228 156 195 104 162 201 
110 149 208 247 156 214 123 162 221 110 168 0 136 195 103 142 201 110 149 227 136 175 234 142 181 240 149 208 116 175 214 123 181 240 129 208 116 155 214 103 162 220 109 188 247 136 194 103 142 201 109 168 227 136 175 233 142 181 240 168 207 116 175 233 122 181 240 149 207 116 155 214 103 161 220 149 188 246 135 194 103 142 201 109 168 207 116 174 213 122 161 240 148 207 246 155 194 102 161 240 
129 187 246 135 194 102 141 220 129 168 226 135 0 233 142 220 109 168 207 115 174 213 122 200 239 148 207 246 154 213 102 161 220 128 167 226 115 174 232 141 200 109 148 206 115 154 213 141 180 239 148 187 245 154 213 122 180 219 128 187 245 134 193 122 161 219 108 167 226 115 173 102 141 200 108 147 206 115 154 232 141 180 239 147 186 245 154 213 121 180 239 128 186 245 134 213 121 160 219 108 
167 226 134 193 102 160 199 108 167 206 115 173 212 0 180 219 127 186 225 154 212 101 160 219 108 166 225 134 193 101 140 199 108 147 206 134 173 232 140 179 238 147 186 114 173 212 121 179 218 107 166 225 134 192 101 140 199 238 146 205 244 153 212 101 159 218 127 186 244 153 192 101 159 198 107 112 151 190 249 158 197 105 164 223 132 190 229 138 197 105 144 223 132 171 229 138 177 236 125 203 
112 171 210 118 177 216 125 203 242 151 210 249 157 216 0 184 242 151 190 249 138 196 105 184 223 131 170 229 138 177 235 164 203 112 170 209 118 177 216 125 183 242 131 190 229 137 196 105 164 222 111 170 229 118 176 105 144 203 111 150 209 118 176 235 144 183 242 150 209 248 157 235 124 183 242 131 189 228 137 216 105 144 202 111 150 209 117 156 215 124 163 222 130 169 228 156 215 104 163 202 
111 169 228 137 176 235 143 182 241 150 189 117 176 215 124 0 221 130 189 247 156 215 104 163 221 110 169 247 136 195 104 143 202 110 149 228 117 176 234 143 182 241 149 208 117 176 215 123 182 221 130 208 247 156 215 104 162 221 110 189 247 136 195 234 143 201 110 149 208 117 156 214 123 162 221 149 188 247 156 195 103 162 201 129 188 227 136 195 234 142 201 110 169 227 116 175 234 123 181 110 
169 208 116 155 214 123 181 240 149 188 247 155 194 233 122 181 0 129 187 246 155 194 103 181 220 129 188 227 135 174 233 161 220 109 168 207 116 174 213 142 200 239 148 207 246 155 213 122 181 239 148 187 246 155 194 122 181 220 129 187 226 135 174 102 161 200 109 168 207 115 174 233 141 200 239 148 207 115 154 233 122 181 239 148 187 246 154 213 122 181 220 128 187 226 135 174 232 141 200 239 
148 206 245 174 232 121 180 239 128 187 245 154 213 122 161 219 128 0 226 154 193 102 161 200 108 167 226 134 193 102 141 200 239 147 206 134 173 232 121 180 239 128 186 245 134 193 102 160 199 108 147 225 134 193 232 141 180 238 147 225 114 173 212 121 180 219 127 206 245 153 212 101 160 219 127 186 245 154 193 101 160 199 108 186 225 134 193 232 140 179 238 166 205 114 173 212 121 179 218 147 
206 114 153 212 121 160 218 147 206 245 153 192 101 160 199 127 186 225 0 192 231 140 199 238 146 205 244 153 212 101 159 238 127 186 244 133 192 101 140 218 127 166 225 133 172 231 140 198 107 166 205 114 172 231 120 199 107 146 205 244 133 192 100 159 218 107 166 224 133 172 231 120 178 237 126 185 244 133 191 120 159 217 126 185 224 133 191 238 127 166 225 114 172 231 120 198 107 146 205 114 
172 211 120 199 237 146 185 244 153 211 100 179 218 127 185 244 133 192 100 0 218 127 166 224 133 172 231 159 198 107 166 205 113 152 211 140 198 237 146 185 244 152 211 120 179 237 126 185 244 133 191 100 139 198 107 146 204 113 152 230 139 178 237 146 185 243 152 211 120 178 217 126 185 224 132 211 100 159 217 106 165 224 113 191 100 139 198 106 145 204 113 171 210 119 178 217 126 184 223 152 
211 119 158 217 126 165 223 152 191 100 158 197 106 145 204 132 171 230 119 178 0 125 184 243 151 210 249 158 217 106 164 243 132 191 249 138 197 106 164 223 132 171 230 138 197 236 145 223 112 171 230 119 177 216 125 204 243 151 210 249 158 216 105 184 243 132 190 249 138 197 105 164 223 132 190 229 138 197 236 144 183 242 151 190 249 157 216 125 184 223 131 190 249 138 196 105 164 223 131 170 
229 138 177 105 164 203 112 170 209 118 177 235 144 203 242 151 209 248 157 236 125 0 242 131 170 209 118 196 235 144 203 242 150 209 248 176 235 124 183 222 131 189 248 157 216 104 163 222 131 170 228 157 196 105 163 202 111 170 209 137 196 235 144 202 241 150 209 117 176 235 124 183 222 130 189 118 157 215 124 163 222 130 169 248 157 196 104 163 202 111 169 228 137 196 235 143 202 241 150 228 
117 176 235 143 182 241 150 189 248 156 195 104 143 202 110 189 228 137 176 234 143 202 0 169 208 117 176 234 123 182 241 150 208 117 156 215 123 162 221 150 189 247 156 195 104 143 201 130 189 228 136 175 234 143 201 110 169 228 117 175 234 123 182 110 149 208 117 156 214 123 162 241 149 188 247 156 195 103 142 221 130 188 227 136 195 234 142 201 110 169 227 116 175 234 123 201 110 149 208 116 
155 214 123 182 240 149 188 247 155 214 103 182 221 129 188 247 136 195 103 162 221 129 168 0 136 175 234 162 201 110 168 207 116 155 214 123 181 220 129 188 227 135 194 103 162 220 109 168 207 116 175 103 142 201 240 148 207 246 155 233 122 181 240 148 187 246 155 214 122 181 220 129 148 207 115 194 233 142 181 239 148 207 246 174 213 122 181 239 128 187 246 155 213 122 161 220 128 167 226 211 
120 139 178 237 145 184 243 152 211 119 178 217 126 165 224 152 211 100 158 197 106 165 204 132 0 230 139 197 236 145 204 113 171 230 119 178 236 145 184 113 152 210 119 178 217 126 165 243 152 210 249 158 197 106 165 223 132 191 230 138 197 236 145 223 112 171 230 119 178 236 145 204 112 151 210 119 178 217 125 184 243 151 210 249 158 197 106 184 223 132 190 229 138 197 236 145 203 112 151 210 
119 158 216 145 184 223 131 190 229 138 197 236 144 203 242 151 209 248 157 236 125 183 242 131 190 0 137 216 105 164 203 111 170 209 118 196 235 144 203 242 150 209 248 177 235 124 183 242 131 189 248 157 216 124 163 222 131 170 228 157 196 105 163 202 111 170 209 137 196 235 144 202 241 150 209 118 176 235 124 183 241 130 189 118 157 215 124 163 222 131 170 248 157 196 104 163 202 111 170 228 
137 196 104 143 202 241 150 228 137 176 235 124 182 241 150 209 117 156 215 124 183 222 130 189 228 137 0 234 143 182 241 169 228 117 176 234 104 143 201 110 149 208 117 175 214 123 182 240 149 208 247 156 214 103 162 241 130 188 227 136 195 234 142 221 110 169 227 116 175 234 142 201 110 149 208 116 175 214 123 181 240 149 208 247 155 214 103 182 240 129 188 227 136 194 233 162 221 110 168 227 
136 194 233 162 201 110 168 207 116 175 214 142 201 240 149 207 246 155 214 123 181 240 129 188 246 135 194 0 162 220 129 168 227 135 194 103 162 220 109 168 207 116 175 103 142 201 240 148 207 246 155 214 103 161 220 129 168 226 115 194 103 161 200 109 148 207 115 154 213 122 181 220 128 187 226 155 213 102 161 220 109 167 206 135 194 233 141 200 239 148 206 115 174 233 122 180 239 148 187 115 
174 233 122 180 219 128 187 246 154 213 102 161 219 108 167 246 135 193 102 141 200 108 167 226 135 174 232 141 0 239 148 206 115 174 213 121 180 219 128 206 245 154 213 102 160 219 108 187 245 134 193 102 141 199 108 167 226 134 173 232 141 200 239 167 206 115 173 212 121 180 219 147 206 245 154 212 101 160 219 128 186 245 134 193 232 121 179 108 167 206 114 153 212 121 160 219 127 186 225 134 
192 231 140 219 108 166 225 114 173 231 120 180 239 128 187 246 135 193 232 161 219 128 167 226 115 174 232 161 200 0 148 206 115 174 213 141 180 239 148 206 245 154 213 121 180 239 128 187 245 134 193 122 161 219 128 167 226 115 173 102 161 200 108 147 206 115 173 232 141 180 239 147 206 245 154 212 101 160 199 108 167 225 114 193 232 141 199 108 147 206 114 173 232 141 180 238 147 186 245 173 
212 121 180 219 127 186 225 134 192 101 140 199 238 147 205 134 173 212 121 160 218 127 166 225 133 172 231 140 199 238 0 225 114 172 231 120 179 218 127 205 244 153 192 100 139 198 107 185 224 133 172 231 140 179 237 166 205 113 172 211 120 179 237 146 205 244 152 211 120 159 218 126 185 244 153 191 100 139 198 126 165 224 133 172 231 139 178 107 165 204 113 172 211 120 178 237 146 204 243 152 
211 120 159 217 126 165 224 133 191 230 139 198 106 165 204 113 172 211 119 198 237 145 204 243 152 211 100 178 237 126 184 0 132 191 100 158 197 106 145 204 113 152 210 139 178 236 145 184 223 112 171 230 119 177 236 125 184 242 131 210 119 158 216 125 164 223 131 190 249 158 197 105 164 203 112 190 229 138 197 236 144 203 242 171 229 118 177 236 125 183 242 151 210 118 157 216 125 164 222 151 
190 249 157 216 105 164 223 131 190 249 138 196 105 144 203 131 170 229 138 177 235 124 183 112 170 209 118 157 216 125 183 222 0 190 229 137 196 235 144 222 111 170 229 118 176 235 124 203 242 150 209 118 157 215 124 183 242 150 189 248 157 196 105 163 202 111 170 209 117 176 215 144 202 241 150 209 248 156 215 104 163 222 111 169 228 117 176 104 143 202 111 150 208 117 156 235 143 182 241 150 
189 247 156 235 124 182 221 130 189 247 136 215 124 163 221 130 169 228 136 195 104 163 202 110 169 208 117 195 234 143 202 241 149 0 247 176 234 123 182 241 130 188 247 156 215 123 162 221 130 169 227 156 195 104 162 201 110 169 208 117 156 214 123 182 221 129 188 247 156 214 103 162 221 110 168 247 136 195 103 142 201 110 149 227 136 175 234 123 181 240 149 208 116 175 214 123 162 201 109 188 
227 136 194 103 142 201 109 148 207 116 155 214 103 161 220 149 188 246 155 194 103 161 200 150 189 248 137 195 234 143 202 130 169 228 0 176 234 143 182 110 149 208 117 176 215 123 182 241 150 208 247 156 215 104 162 241 130 189 247 136 195 234 143 221 110 169 228 117 175 234 143 202 110 149 208 117 175 214 123 182 241 149 208 247 156 214 103 162 201 110 169 227 116 175 234 142 201 110 149 208 
116 155 214 143 182 240 149 188 247 155 214 123 182 221 129 188 247 136 194 103 142 201 240 149 207 246 155 233 122 161 220 129 168 227 135 0 233 142 201 240 148 187 246 174 233 122 181 220 129 187 226 155 194 102 141 200 109 148 207 135 174 233 141 180 239 148 207 115 174 213 122 181 239 128 187 246 154 213 122 161 220 109 167 246 135 193 102 141 200 109 148 226 135 174 232 141 180 239 148 206 
115 174 233 122 180 239 128 206 115 154 213 122 161 219 128 167 226 134 173 232 141 180 239 167 206 115 174 212 121 180 219 147 206 245 154 213 0 160 219 128 186 245 134 193 102 141 199 108 147 206 114 153 212 121 160 238 147 186 245 154 193 231 120 179 238 127 186 244 133 192 101 160 218 127 166 225 133 172 231 160 199 107 166 205 114 172 211 140 199 238 146 205 244 153 212 120 179 238 127 185 
244 153 192 120 159 218 127 185 224 133 192 101 159 218 107 166 224 113 172 101 140 198 107 146 205 244 153 231 140 179 237 126 185 244 153 211 120 0 218 126 185 224 133 192 231 139 178 237 146 204 243 172 211 120 178 237 126 185 244 152 211 120 159 217 126 165 224 152 191 100 159 198 106 165 204 113 172 211 119 178 217 126 184 243 152 211 100 158 217 106 165 224 113 171 230 119 178 236 125 204 
113 171 210 119 158 217 125 204 243 152 191 249 158 217 106 184 243 132 191 249 138 197 106 165 223 132 171 230 138 177 236 165 204 112 171 210 119 177 0 145 204 243 151 210 249 158 217 125 184 243 132 190 249 138 197 125 164 223 132 171 229 138 177 106 164 203 112 171 210 118 177 216 125 184 223 131 190 229 138 216 105 164 223 112 170 229 118 197 105 144 203 112 151 209 118 177 236 144 183 242 
151 210 248 177 236 125 183 222 111 170 229 138 196 105 144 203 111 150 209 118 157 216 124 163 222 131 170 248 157 196 105 163 202 111 170 194 103 142 201 0 149 207 246 175 233 122 181 240 129 188 246 155 214 122 161 220 129 188 227 155 194 103 161 220 109 168 227 135 194 103 142 201 240 148 207 135 174 233 122 181 240 129 187 116 155 213 122 161 220 129 187 246 155 194 103 161 220 109 168 226 
115 174 233 142 181 239 128 207 115 174 213 122 161 220 128 207 246 154 193 102 161 200 109 187 226 135 194 233 141 200 109 148 206 115 154 213 102 161 219 128 0 226 134 173 232 141 180 239 147 186 245 154 193 101 160 239 128 186 225 134 193 232 141 219 108 147 206 114 153 212 121 180 238 147 186 245 153 192 101 180 219 127 186 225 134 192 231 160 219 108 166 225 114 173 232 140 199 108 147 205 
114 173 212 140 199 238 147 205 244 153 212 121 179 238 127 186 244 133 192 121 160 218 107 166 225 134 173 231 140 179 238 146 185 244 153 212 120 179 218 127 185 0 133 212 101 159 218 107 166 225 113 192 101 140 198 107 146 205 114 153 211 120 159 218 126 165 224 153 192 100 159 198 237 126 185 243 132 191 100 139 198 106 145 224 132 171 230 119 178 237 145 204 113 152 211 119 178 217 126 184 
113 152 211 119 158 217 106 184 243 132 191 100 139 197 106 165 224 132 171 230 139 197 236 165 204 113 171 230 119 178 236 145 204 113 152 210 119 158 217 145 184 243 0 191 249 138 197 126 165 223 132 171 230 138 197 236 145 204 243 151 190 249 158 236 125 184 223 132 190 249 138 216 105 164 223 132 171 229 138 197 106 164 203 112 171 210 118 157 216 125 184 223 131 190 229 157 216 105 164 223 
112 170 229 118 177 235 144 183 242 151 190 118 177 216 125 183 222 131 170 248 157 196 105 164 203 111 170 229 137 196 235 144 203 111 150 229 138 177 235 144 183 242 150 0 118 177 216 124 163 222 131 209 248 157 196 105 163 202 111 189 228 137 196 105 144 202 111 170 229 137 176 235 144 183 241 170 209 118 176 215 124 163 222 130 169 228 137 196 235 143 202 111 169 228 117 176 235 124 182 111 
150 209 117 156 215 124 182 241 150 189 248 156 215 104 163 241 130 189 248 137 176 234 123 202 241 150 208 117 156 215 123 162 221 110 169 228 136 175 234 143 201 110 169 208 0 175 214 104 163 202 111 169 208 117 176 234 143 202 241 150 208 247 156 234 123 182 241 130 189 247 136 215 124 163 221 130 169 228 136 195 104 163 202 110 169 208 117 195 234 143 202 241 149 208 247 175 234 123 182 241 
149 188 247 156 215 123 182 221 130 188 227 136 195 234 143 182 240 149 208 116 175 234 123 182 240 129 188 116 155 214 123 162 221 129 168 247 156 195 103 162 201 110 149 207 116 0 214 123 181 220 129 207 246 135 194 103 142 201 109 148 207 246 155 213 122 161 220 129 187 246 155 194 103 161 200 129 168 226 115 174 233 122 181 109 148 207 115 154 213 102 161 239 148 187 246 135 193 102 161 220 
128 187 246 135 194 233 141 220 128 167 226 115 174 233 122 200 109 148 206 115 154 213 122 180 239 148 187 246 154 213 102 180 219 128 187 246 135 193 232 141 200 239 147 206 245 154 0 121 180 239 147 186 245 154 193 121 180 219 128 187 226 134 173 102 160 199 108 167 206 115 173 212 121 180 238 127 186 225 134 212 121 160 219 108 147 186 244 153 192 101 160 199 107 166 225 134 192 231 140 199 
107 146 205 134 173 231 140 179 238 146 185 114 173 212 120 179 218 127 185 244 153 212 101 159 218 107 166 244 133 192 101 140 198 107 146 225 133 172 231 140 179 237 146 205 114 172 211 0 179 218 126 205 244 153 211 100 159 218 107 185 244 133 192 100 139 198 107 146 205 113 152 211 120 178 217 146 185 244 152 191 100 159 198 126 185 224 133 191 230 139 198 107 165 224 113 172 230 119 178 237 
146 185 243 152 191 100 158 217 126 185 224 132 191 230 139 198 237 145 204 243 152 210 249 178 237 126 184 243 132 191 249 158 217 126 165 223 132 171 230 158 197 106 165 204 112 171 210 139 0 236 145 204 243 151 210 119 178 236 125 184 243 132 190 119 158 217 125 164 223 132 171 249 158 197 106 164 203 112 171 230 138 197 236 145 203 242 151 230 119 177 236 125 184 242 131 190 249 138 197 105 
164 203 112 190 229 138 197 236 144 203 242 171 229 118 177 236 125 183 242 151 210 118 157 216 125 164 222 131 190 249 157 196 235 144 183 112 170 209 118 177 216 124 183 222 131 190 229 137 196 0 144 222 111 170 229 118 176 235 124 129 168 227 116 175 233 122 181 109 148 207 116 155 214 103 161 240 148 187 246 155 194 103 161 220 129 188 227 135 194 233 142 220 109 168 227 116 174 233 122 200 
109 148 207 116 174 213 122 181 239 148 207 246 155 213 102 181 240 129 187 246 135 194 233 141 200 239 148 207 115 154 213 141 180 239 148 187 246 154 193 122 181 219 128 167 226 135 174 102 161 200 0 167 206 115 174 232 121 180 239 128 187 226 134 213 102 160 199 108 147 206 115 154 212 121 180 219 127 186 225 154 212 101 160 219 108 167 206 134 173 232 140 179 238 127 186 114 153 212 121 160 
218 127 186 245 153 212 121 160 219 107 166 245 153 192 101 140 199 108 147 225 134 173 231 140 179 238 147 205 114 173 212 120 179 238 127 205 244 153 212 121 160 218 107 186 244 133 192 101 140 199 107 0 205 114 172 211 120 179 218 146 205 244 153 192 100 159 198 127 185 224 133 192 231 140 198 107 166 224 113 172 231 140 179 237 146 185 244 133 191 100 139 218 126 165 224 133 172 211 100 158 
217 126 165 224 132 171 230 159 198 106 165 204 113 171 210 139 198 237 145 204 243 152 210 119 178 237 126 184 243 132 191 119 158 217 126 165 223 132 171 100 158 197 106 165 204 112 171 230 139 197 236 145 0 243 151 230 119 178 236 125 184 243 132 210 119 158 217 125 164 223 132 191 249 158 197 106 164 203 112 171 210 119 177 216 125 184 223 151 210 249 158 216 105 164 223 132 190 249 138 197 
105 164 203 132 190 229 138 197 236 144 203 242 151 210 249 157 216 105 164 242 131 190 249 138 196 235 144 203 112 151 209 118 157 216 124 183 242 151 190 248 157 196 105 183 222 131 190 229 137 196 235 163 222 0 170 229 118 176 235 144 203 111 150 209 118 157 215 144 183 242 150 189 248 157 196 124 183 222 131 189 228 137 196 105 163 222 111 170 228 117 176 105 144 202 111 150 209 117 156 235 
144 202 241 150 189 248 156 215 104 163 222 111 169 228 117 196 104 143 202 111 150 208 117 176 235 124 182 241 150 189 247 156 215 124 182 221 130 189 228 156 215 104 163 221 241 149 208 117 176 234 123 182 241 130 0 247 136 195 104 143 201 110 149 227 136 175 234 143 182 240 149 205 114 153 212 101 159 218 107 186 244 133 192 101 140 198 107 166 225 133 172 231 140 198 237 166 205 114 172 231 
120 179 238 146 205 114 153 211 120 159 218 146 185 244 153 192 100 159 218 127 185 224 133 192 231 140 198 107 166 224 113 172 231 120 179 237 126 185 244 133 191 100 139 218 126 185 224 133 172 230 139 218 107 165 204 0 172 211 120 198 237 146 204 243 152 211 120 159 217 106 165 224 113 171 230 139 178 237 145 184 243 152 191 249 158 197 106 165 204 112 171 100 139 197 236 145 204 243 151 230 
139 178 236 145 184 243 151 210 119 178 217 125 184 223 132 210 249 158 217 106 164 223 112 191 249 138 197 106 145 203 112 171 230 138 177 236 145 184 242 171 210 119 177 216 125 184 223 151 210 249 158 216 105 164 223 132 0 249 138 197 105 144 203 112 151 210 118 157 216 125 164 242 151 190 249 157 196 105 164 223 131 190 229 138 196 235 144 223 112 170 229 118 177 235 124 183 242 131 190 248 
157 196 105 183 222 131 190 229 118 157 215 104 163 222 111 169 228 137 176 104 163 202 111 170 209 117 176 235 143 202 241 150 209 248 156 235 124 182 221 130 189 228 137 215 104 163 222 130 169 228 137 195 104 163 202 111 169 0 117 195 234 143 202 241 150 208 247 176 234 123 182 221 130 189 247 156 215 104 163 221 130 169 228 136 195 104 163 202 110 169 208 117 175 214 123 182 221 130 188 247 
156 214 123 162 221 110 169 247 156 195 104 143 201 110 149 227 136 175 234 143 182 240 149 208 247 155 214 103 162 201 110 188 247 136 195 233 142 201 110 149 207 116 155 214 123 162 220 149 188 246 135 194 103 162 201 129 168 227 0 194 233 142 201 109 168 227 116 175 233 122 181 109 148 207 116 155 214 122 161 240 148 187 246 135 194 103 161 220 129 168 226 135 194 233 142 200 109 168 227 116 
174 233 122 200 109 148 207 116 155 213 122 181 239 148 187 246 155 213 102 161 220 109 167 206 115 174 233 141 200 239 148 207 115 154 213 122 180 239 148 187 246 154 193 122 180 219 128 187 226 135 174 102 161 220 109 167 206 245 154 0 121 180 239 128 187 245 134 193 232 141 199 108 147 206 115 173 232 141 180 238 147 186 245 108 147 205 114 153 212 120 159 238 147 186 244 153 192 101 160 218 
127 186 244 133 192 101 140 218 127 166 225 133 172 231 140 199 107 166 205 114 172 211 120 199 238 146 205 244 153 212 101 179 218 127 185 244 133 192 101 159 218 127 166 224 133 172 231 159 198 107 166 205 114 172 211 140 198 237 146 205 0 153 211 120 179 218 126 185 244 133 192 100 159 218 126 165 224 133 172 231 139 178 237 146 185 244 152 211 100 159 198 106 165 224 113 172 230 119 178 237 
145 184 243 152 211 119 178 217 126 184 223 152 191 230 139 197 106 145 204 113 171 230 139 178 236 125 184 113 171 210 119 158 217 125 164 243 152 191 249 158 197 106 164 223 132 191 230 138 197 106 145 223 132 171 230 138 177 236 125 204 112 0 210 119 158 216 125 184 243 151 190 249 158 197 106 184 223 132 190 249 138 197 106 164 223 132 171 229 138 177 236 164 203 112 171 210 118 157 216 145 
203 242 151 210 249 158 216 105 164 223 112 170 229 118 177 105 144 203 112 151 190 229 137 196 235 144 203 242 150 209 248 176 235 124 183 242 131 189 248 157 216 124 163 222 131 170 228 157 196 105 163 202 111 170 209 137 196 235 144 202 241 150 0 117 176 235 124 183 241 130 189 118 157 215 124 163 222 130 169 248 157 196 104 163 202 111 169 228 137 196 235 143 202 241 150 228 117 176 235 124 
182 241 150 209 117 176 215 124 182 221 130 209 248 156 215 104 163 202 110 189 248 137 195 234 143 202 111 169 228 117 176 234 143 182 241 150 189 247 156 195 104 162 201 130 189 228 136 195 234 143 201 240 149 208 247 156 214 103 162 241 130 188 247 0 195 103 142 221 130 169 227 136 175 234 142 201 110 169 208 116 175 214 123 201 240 149 208 247 155 214 103 182 240 129 188 247 136 194 103 162 
221 129 188 227 136 194 233 162 221 110 168 227 116 175 234 142 201 240 149 207 116 155 214 123 181 240 149 188 246 155 194 123 181 220 129 188 227 135 194 103 162 220 109 168 207 116 175 103 142 201 240 148 207 116 155 233 122 181 240 148 187 246 155 214 0 181 220 129 168 207 115 194 233 142 200 239 148 207 246 155 213 102 161 220 109 167 226 135 194 102 141 200 109 148 206 239 128 187 226 134 
193 102 141 219 128 167 226 134 173 232 141 200 108 167 206 115 173 212 121 200 239 147 206 245 154 212 101 180 239 128 186 245 134 193 101 160 219 128 186 225 134 173 232 160 199 108 167 206 114 173 212 141 199 238 147 206 245 153 212 101 160 219 108 166 225 0 173 101 140 199 108 147 205 114 153 232 140 179 238 147 186 244 153 212 121 179 218 127 186 225 133 192 231 140 199 238 146 205 114 173 
231 140 179 238 146 185 244 173 212 120 179 218 127 185 224 153 212 101 159 218 107 166 224 133 172 231 140 179 237 146 185 114 172 211 120 179 218 126 185 244 153 211 100 159 218 107 165 244 133 192 100 139 198 107 146 224 133 172 231 139 178 237 146 205 113 172 0 120 178 217 126 205 244 152 211 100 159 217 106 185 244 133 191 100 139 198 107 146 204 113 152 211 119 158 217 146 185 243 152 191 
100 158 217 126 185 243 132 191 100 139 197 126 165 224 132 171 230 119 178 237 145 184 243 152 191 249 158 217 126 184 223 132 171 210 119 177 236 145 184 243 151 190 249 177 216 125 164 223 132 171 229 158 197 106 164 203 112 171 229 138 197 236 145 203 112 151 210 0 177 236 145 184 242 151 190 118 177 216 125 164 223 131 170 249 158 197 105 164 203 112 170 229 138 197 236 144 203 112 151 229 
138 177 236 144 183 242 151 210 118 177 216 125 183 222 131 190 249 138 196 235 144 203 242 170 229 118 177 235 124 183 242 150 209 118 157 216 124 183 222 151 190 248 157 216 105 163 202 111 170 209 118 176 235 124 183 241 150 209 118 157 215 124 163 241 150 189 248 157 0 104 143 222 131 170 228 137 176 235 143 202 111 170 209 117 176 235 124 202 241 150 209 117 156 215 124 183 241 150 189 248 
156 195 104 183 222 130 189 228 137 195 104 163 222 111 169 228 137 176 234 143 202 111 150 208 117 156 215 143 182 241 150 189 247 156 195 124 182 221 130 189 228 136 195 104 143 202 241 149 208 247 156 234 123 182 241 130 188 247 156 215 123 162 221 130 188 227 136 195 104 0 221 110 169 208 116 195 104 143 201 240 129 188 247 155 214 123 162 221 129 168 227 156 195 103 162 201 110 149 207 136 
195 234 142 201 110 149 207 204 113 152 211 120 159 217 126 185 244 152 191 100 159 198 106 185 224 133 191 230 139 198 237 165 224 113 172 230 119 178 237 145 204 113 152 211 119 158 217 146 185 243 152 191 100 158 197 126 185 224 132 191 230 139 197 106 165 224 113 171 230 119 0 236 125 184 243 132 191 249 138 217 126 165 223 132 171 230 138 197 106 165 204 112 171 210 119 197 236 145 204 243 
151 210 249 158 217 125 164 223 132 171 229 158 197 236 145 203 242 151 210 118 177 236 125 184 223 131 190 118 157 216 105 164 223 131 170 249 138 177 236 144 183 242 151 209 118 177 216 125 183 242 131 209 248 157 216 125 164 222 111 190 248 157 196 105 144 203 111 190 229 138 177 0 144 183 242 170 209 118 177 216 124 183 242 150 209 118 157 216 124 163 222 151 189 248 157 196 105 144 202 111 
170 229 118 176 215 124 183 241 150 209 248 157 215 104 163 241 130 189 248 137 196 104 163 222 131 170 228 137 196 235 143 182 241 150 189 248 156 215 104 182 221 130 189 248 117 156 215 143 182 241 149 188 247 156 195 123 182 221 130 189 227 136 195 104 162 221 110 169 228 117 175 104 0 201 110 149 208 117 156 234 143 182 240 149 188 247 156 214 123 182 221 130 188 227 136 214 103 162 221 110 
169 227 136 195 103 162 201 110 169 208 116 195 234 142 201 240 149 208 247 175 234 123 182 221 129 188 247 136 194 103 142 201 110 149 207 136 175 233 142 181 240 149 188 116 175 214 123 181 220 129 188 246 155 214 103 162 220 109 168 227 116 174 233 122 181 240 129 207 116 155 213 122 161 0 129 187 246 155 194 103 161 200 109 187 226 135 194 233 142 200 239 168 226 115 174 233 122 181 239 148 
207 115 174 213 122 181 220 148 207 246 155 213 102 161 220 128 187 246 135 194 102 141 200 109 167 226 135 174 233 141 180 109 168 207 115 174 213 122 180 239 148 207 246 154 213 102 161 239 128 187 226 135 193 102 141 200 108 147 206 115 154 213 121 180 239 148 187 245 154 193 102 180 219 128 0 226 134 193 232 160 219 108 167 226 115 173 232 141 199 108 147 206 245 134 193 121 160 219 128 167 
225 134 173 101 160 219 108 167 206 114 173 101 140 199 238 147 206 114 153 155 194 102 161 200 109 148 206 135 194 233 141 180 239 148 207 115 174 213 122 180 239 128 187 246 154 213 122 161 219 128 167 246 154 193 102 161 200 108 147 226 135 193 232 141 180 239 148 226 115 174 213 121 180 239 128 0 245 154 213 121 160 219 128 167 226 134 173 232 141 180 238 147 206 115 173 212 121 180 219 147 
206 115 154 212 101 160 219 128 186 245 134 193 101 160 199 108 167 206 114 173 212 121 160 238 127 186 225 134 192 231 140 219 108 166 225 114 173 231 140 199 108 147 205 114 173 212 120 179 218 127 186 225 133 192 101 160 218 107 166 225 114 172 231 160 199 107 146 205 114 153 211 140 179 238 146 185 0 153 192 120 179 218 127 185 224 133 192 101 159 218 127 166 224 113 172 101 159 198 107 146 
205 113 172 231 140 198 237 146 205 244 153 211 100 159 218 107 165 224 113 192 100 139 198 107 146 204 113 172 231 139 178 237 146 185 243 172 211 120 178 217 126 185 224 133 191 230 139 198 106 145 204 113 172 230 119 178 217 106 165 223 132 191 230 139 197 236 145 223 112 171 230 119 178 236 125 204 243 0 210 119 158 217 125 184 243 152 191 249 158 197 106 184 223 132 191 230 138 197 236 164 
223 112 171 230 138 177 236 145 204 112 171 210 119 177 216 145 204 243 151 210 249 158 197 125 184 243 132 190 229 138 197 106 164 223 112 171 229 138 177 236 145 184 242 131 190 249 157 216 125 164 223 131 190 229 138 196 105 164 223 112 170 229 118 197 105 144 203 112 151 209 118 157 216 125 164 222 131 170 0 157 196 105 164 203 111 170 209 137 196 235 144 203 242 150 209 118 177 235 124 183 
242 150 189 118 177 216 124 183 222 131 170 248 157 216 105 163 202 111 170 248 137 196 235 144 202 111 150 229 118 176 235 144 183 241 150 209 118 176 215 124 183 222 130 209 248 157 215 104 163 202 111 189 248 137 196 235 143 202 111 170 228 117 176 235 143 182 241 150 189 248 137 195 104 163 202 130 169 228 137 0 234 143 202 111 169 228 117 176 234 123 182 111 150 208 117 156 215 123 162 241 
150 189 247 156 175 234 143 221 110 169 208 117 175 214 123 202 241 149 208 247 156 214 123 182 241 149 188 247 156 195 103 180 219 108 166 225 114 173 231 140 199 108 166 205 114 153 212 140 199 238 147 186 244 153 192 121 179 218 127 186 225 133 192 101 160 218 107 166 225 134 172 101 140 199 107 166 205 114 153 231 0 199 238 146 185 244 153 231 120 179 218 127 185 224 133 192 101 140 198 107 
146 205 114 172 231 140 179 237 146 185 244 172 211 120 179 218 126 185 224 153 211 120 159 218 107 165 224 133 192 100 139 198 107 146 205 133 172 211 120 178 217 126 185 244 152 211 100 159 217 106 165 244 133 191 100 139 198 106 145 224 113 172 211 119 178 217 126 204 243 152 211 100 158 217 106 185 243 132 191 100 139 0 106 165 224 132 171 230 139 178 237 165 204 113 171 210 119 178 217 145 
204 243 152 210 119 158 217 126 184 243 152 191 249 158 197 126 184 223 132 191 230 139 178 236 145 204 243 151 210 249 158 236 125 184 243 132 190 249 138 217 125 164 223 112 171 229 118 197 106 145 203 112 171 210 119 177 236 145 203 242 151 210 249 177 236 125 184 242 131 151 209 138 177 236 144 203 242 151 209 118 177 236 0 183 222 131 190 118 157 216 105 164 222 111 170 249 138 196 105 144 
203 111 170 229 138 196 235 144 203 242 151 229 118 177 235 124 183 242 131 209 118 157 216 124 163 222 131 190 248 157 196 105 163 202 111 190 229 137 196 235 144 203 242 170 229 118 176 235 124 183 242 131 189 248 157 196 104 143 202 131 189 228 137 176 235 143 182 111 170 209 117 176 215 124 183 241 150 209 248 156 215 124 163 0 130 189 248 156 195 104 143 222 130 169 228 137 176 235 143 202 
111 169 228 117 176 235 124 202 111 150 208 117 156 215 124 182 241 150 189 247 156 195 104 182 221 130 189 228 137 195 234 163 221 110 169 228 117 176 234 143 202 110 149 208 117 156 215 143 182 241 150 189 247 156 195 123 182 221 130 189 228 136 195 104 162 221 110 169 228 117 175 104 143 201 110 149 208 117 156 214 123 162 221 130 0 227 136 195 103 162 201 110 169 208 116 195 234 142 201 240 
149 208 116 175 234 142 181 240 149 188 247 175 214 123 182 221 110 168 207 136 194 233 142 201 240 149 207 116 175 233 122 181 240 129 188 116 155 214 123 161 220 129 168 212 101 160 219 127 166 225 114 193 101 160 199 108 147 205 114 193 232 140 179 238 147 186 244 173 212 121 179 218 127 186 245 153 212 101 160 218 127 166 225 134 192 0 160 199 107 146 205 134 192 231 140 179 238 147 185 114 
173 231 120 179 238 127 186 244 133 192 101 140 198 107 146 225 133 172 231 140 179 237 146 205 114 172 231 120 179 218 127 205 244 153 211 100 159 218 107 166 224 113 172 231 120 178 237 146 185 244 152 191 100 159 198 126 185 224 133 191 230 139 198 107 165 224 113 172 230 119 178 107 126 185 243 152 191 100 158 217 126 185 224 132 191 230 0 217 106 165 224 113 171 230 119 198 106 145 204 243 
171 210 119 198 237 145 204 243 152 210 249 178 237 126 184 223 132 191 230 158 217 106 165 223 112 171 230 139 197 106 165 204 112 171 210 119 178 217 125 164 223 132 190 249 158 197 106 164 223 112 171 230 138 197 106 145 203 112 151 230 138 177 236 145 184 242 131 190 249 158 197 105 164 203 112 190 229 138 197 236 125 164 222 131 190 249 157 0 105 164 203 131 190 229 138 196 235 144 183 111 
170 229 118 177 235 144 183 111 150 209 118 177 216 124 163 242 151 190 248 157 196 105 163 222 131 190 229 137 196 235 144 222 111 170 229 118 176 235 144 203 111 150 209 118 176 215 124 183 242 150 189 248 157 196 104 183 222 131 189 228 137 196 235 143 202 111 150 209 248 156 215 144 183 241 130 189 248 137 195 124 163 222 130 169 228 137 195 104 0 202 111 169 228 117 176 215 123 182 221 130 
189 247 136 215 124 163 221 130 169 228 136 215 104 163 202 110 169 208 117 195 234 143 202 241 149 208 247 175 234 123 182 241 130 188 247 156 215 123 182 221 130 169 227 156 195 104 162 201 110 169 208 136 195 234 143 201 240 149 208 117 175 234 123 182 240 149 188 117 156 214 123 182 221 129 168 247 156 195 103 162 201 110 168 227 136 195 234 142 201 0 149 208 116 155 214 103 162 220 109 188 
247 155 194 103 162 201 109 188 227 136 194 233 142 201 240 168 227 116 175 233 122 181 240 149 207 116 155 214 103 142 200 129 168 227 135 174 233 142 181 109 168 207 116 174 213 122 181 240 148 207 246 155 213 102 161 114 153 212 101 159 218 127 166 244 133 192 101 159 198 107 166 225 133 192 231 140 198 237 146 225 114 172 231 120 179 238 127 205 114 153 0 100 159 218 127 185 244 133 192 100 
159 218 107 185 244 133 192 231 139 198 237 166 224 113 172 231 120 179 237 146 205 113 152 211 120 179 218 146 185 244 152 211 100 159 218 126 185 244 133 192 231 139 198 126 165 224 113 172 231 120 178 107 146 204 113 152 211 120 178 237 126 185 224 132 191 100 139 217 106 165 224 133 172 230 119 198 106 165 204 113 152 211 119 198 217 126 184 223 132 191 230 0 217 106 165 223 112 171 230 139 
197 106 165 204 113 171 210 139 197 236 145 204 243 152 210 119 178 236 125 184 243 132 191 119 158 217 126 165 223 132 171 249 158 197 106 165 204 112 171 230 138 197 236 145 204 243 151 230 119 177 236 125 184 243 132 210 119 158 217 125 164 223 132 190 249 158 197 106 164 203 112 190 229 138 197 236 145 203 242 171 230 118 177 236 125 184 242 151 210 119 158 216 0 144 203 112 170 209 118 177 
236 125 183 112 170 209 118 157 216 125 164 242 151 190 249 157 196 105 164 222 131 190 229 138 196 105 144 222 111 170 229 138 177 235 124 203 111 170 209 118 157 216 124 203 242 151 190 248 157 196 105 183 222 131 190 229 137 196 105 163 222 111 170 229 137 176 235 144 202 111 170 209 118 157 215 144 203 242 150 189 248 157 196 124 183 222 131 189 228 137 196 104 163 0 111 170 228 137 176 105 
163 202 111 170 209 117 176 235 144 202 241 150 209 248 156 235 124 183 241 130 189 248 137 215 124 183 222 130 169 228 137 196 104 163 202 111 169 208 117 196 235 143 202 241 150 208 247 176 235 124 182 241 150 189 248 156 215 124 182 221 130 169 228 156 195 104 163 202 110 169 208 137 195 234 143 202 241 149 208 117 176 234 123 182 241 150 189 117 156 215 123 162 221 130 0 247 156 195 104 162 
221 110 169 247 136 195 104 143 201 110 149 228 136 175 234 143 182 241 149 208 117 175 214 123 182 221 130 188 247 156 214 103 162 221 110 188 247 136 195 104 123 182 240 149 208 116 155 214 123 162 221 149 188 247 155 194 103 162 201 129 188 227 136 194 233 142 201 236 125 184 242 131 190 249 138 216 125 164 223 131 190 229 138 197 105 164 203 112 170 209 118 197 236 144 203 0 151 209 248 177 
236 144 183 242 151 190 248 177 216 125 183 222 131 190 229 157 216 105 164 222 111 170 229 138 196 105 144 203 111 150 209 138 177 235 144 183 242 151 190 118 177 216 124 183 222 131 190 248 157 216 105 163 222 111 170 229 137 196 105 144 202 111 150 229 137 176 235 144 183 242 150 209 248 157 215 104 163 222 111 189 248 137 196 104 143 202 111 170 228 117 176 235 143 182 241 150 0 248 156 195 
124 163 222 130 189 248 156 195 104 143 202 130 169 228 137 176 234 143 182 111 169 208 117 176 215 124 182 138 177 236 125 184 242 131 190 119 158 216 125 164 223 131 170 249 158 197 105 164 203 112 170 229 138 197 105 144 203 242 151 229 138 177 236 125 183 242 131 210 118 157 216 125 164 222 131 190 249 157 196 105 164 223 112 190 229 138 196 105 144 203 242 170 229 138 177 235 124 0 242 170 
209 118 177 216 105 144 202 111 170 229 137 176 235 144 183 111 170 209 118 176 215 124 183 242 150 209 248 157 196 104 163 242 131 189 228 137 196 104 143 222 111 170 228 137 176 235 144 202 111 170 209 117 176 215 124 202 241 150 209 248 156 195 104 183 241 130 189 228 137 196 104 163 222 111 169 228 137 176 235 143 202 111 169 208 117 176 215 143 202 241 150 208 247 156 195 124 182 241 0 189 
248 156 195 124 163 221 130 189 228 137 176 104 163 221 110 169 208 117 176 104 143 202 241 150 208 247 156 234 123 182 241 130 189 247 156 215 123 182 221 130 189 228 136 215 104 162 221 110 169 208 117 195 104 143 202 241 149 208 247 175 234 123 182 241 149 188 247 156 214 123 182 221 130 188 227 156 215 103 162 221 110 169 208 136 195 104 143 201 240 149 208 116 175 234 123 182 240 149 188 0 

0 221 193 184 239 163 174 229 134 188 243 148 202 107 162 197 121 176 231 135 190 225 149 184 239 163 218 103 177 212 137 191 226 151 205 110 165 219 104 179 214 138 193 248 133 207 242 147 201 126 161 235 120 175 229 134 208 113 168 222 127 162 237 121 176 101 155 190 115 150 204 109 164 218 143 178 232 137 192 246 151 226 130 185 220 144 179 234 139 213 248 172 207 112 167 221 126 200 235 140 
242 0 103 157 149 223 128 182 107 162 216 121 176 121 112 167 221 146 200 105 160 215 139 194 248 153 208 132 187 241 146 201 125 180 235 139 194 118 173 228 132 187 112 166 221 126 200 105 159 214 119 193 248 152 207 112 186 241 146 200 105 179 234 139 193 248 173 227 132 187 111 166 220 125 180 104 159 214 118 193 247 152 207 111 186 240 145 200 124 179 234 138 193 117 172 227 131 186 111 165 
157 211 0 107 162 237 141 196 101 155 230 134 189 244 148 223 128 182 237 142 216 121 175 230 135 209 114 169 223 148 202 107 162 216 141 195 100 155 209 134 189 243 148 203 127 182 236 141 215 120 175 230 134 209 113 168 223 127 202 106 161 216 140 195 100 154 209 133 188 243 147 222 127 181 236 141 215 120 174 229 134 208 113 168 222 127 201 106 161 215 140 194 249 154 208 133 188 242 147 202 
154 208 113 0 100 155 229 134 188 243 148 222 127 182 236 161 215 120 175 229 154 208 113 168 223 147 202 106 161 216 140 195 249 154 209 133 188 243 147 222 126 181 236 140 215 119 174 229 134 208 113 167 222 127 201 106 160 215 120 194 249 154 208 113 187 242 147 201 126 181 235 140 195 119 174 228 133 188 112 167 222 126 181 105 160 215 119 174 248 153 208 112 167 242 146 201 106 180 235 139 
222 126 201 105 0 242 147 202 126 181 236 140 195 119 174 229 133 208 112 167 222 127 201 106 160 215 120 194 249 153 208 113 187 242 147 201 106 180 235 140 194 119 173 228 133 188 112 167 221 126 181 105 160 214 119 194 248 153 208 112 187 241 146 201 125 180 235 139 194 118 173 228 132 207 111 166 221 126 200 105 159 214 119 193 248 152 207 112 186 241 146 200 105 179 234 139 193 248 173 227 
159 214 119 193 248 0 235 140 214 119 173 228 133 207 112 166 221 126 200 105 160 214 139 193 248 153 207 132 187 241 146 201 125 180 234 139 194 118 173 227 132 187 111 166 221 125 180 104 159 214 118 193 248 152 207 112 186 241 145 200 105 179 234 139 193 248 172 227 132 186 241 165 220 125 180 234 159 213 118 173 247 152 206 111 166 240 145 200 104 159 233 138 193 247 152 226 131 186 241 165 
247 152 207 111 186 240 0 227 132 187 111 166 220 125 180 104 159 214 118 173 247 152 207 111 166 210 134 189 243 168 223 127 182 237 161 216 120 175 230 154 209 114 168 243 147 202 107 161 236 140 195 100 155 229 134 188 243 148 222 127 181 236 161 215 120 175 229 154 208 113 168 222 147 202 106 161 235 140 195 249 154 228 133 188 242 167 222 126 181 236 160 215 119 174 229 153 208 113 167 242 
154 229 133 188 243 167 222 0 209 113 168 242 147 202 107 161 236 140 195 100 174 229 133 188 243 167 222 127 181 106 160 215 120 174 249 154 208 113 168 242 147 201 106 161 235 140 194 249 174 228 133 188 242 167 221 126 181 235 160 215 119 174 229 153 208 112 167 222 146 201 106 160 215 139 194 249 153 228 132 187 242 146 221 126 180 235 140 214 119 173 228 133 207 112 167 221 126 200 105 160 
242 166 221 126 180 235 160 214 0 201 106 161 235 140 194 249 154 228 133 187 242 147 221 126 181 235 160 214 119 174 228 153 208 112 167 222 146 201 105 160 215 139 194 248 153 208 132 187 242 146 201 125 180 235 139 214 119 173 228 133 207 112 166 221 126 200 105 160 214 139 193 248 153 207 132 186 241 146 220 125 180 234 139 213 118 173 227 152 207 111 166 221 145 200 104 159 214 138 193 247 
180 234 139 214 118 173 228 152 207 0 233 138 192 247 172 226 131 186 240 165 219 124 179 233 158 213 117 172 227 151 206 110 165 239 144 199 103 158 233 137 192 247 151 226 130 185 240 144 219 124 178 233 138 212 117 171 226 131 205 110 165 219 144 198 103 158 212 137 191 246 151 205 130 185 239 144 199 123 178 232 137 192 116 171 226 130 205 109 164 219 123 198 102 157 212 136 191 246 150 205 
137 212 116 171 226 150 205 109 164 219 0 226 130 185 240 144 219 123 178 233 137 212 117 171 226 131 205 110 164 219 143 198 103 157 212 137 191 246 151 225 130 184 239 144 218 123 178 232 137 211 116 171 225 150 204 109 164 219 143 198 102 157 212 136 191 245 150 205 129 184 239 143 218 122 177 232 136 211 116 170 225 130 204 109 163 218 123 197 102 156 211 116 190 245 150 204 109 183 238 143 
225 149 204 109 163 218 143 197 102 157 231 0 218 123 177 232 156 211 116 171 225 150 204 109 164 218 143 197 102 157 211 136 191 245 150 205 129 165 239 144 199 103 178 233 137 192 116 171 226 130 185 110 164 219 124 178 103 157 212 117 171 246 150 205 110 165 239 144 198 103 158 232 137 191 246 171 225 130 185 239 164 218 123 178 232 157 212 116 171 226 150 205 109 164 219 143 198 102 157 212 
164 219 123 178 102 157 212 116 171 245 150 205 0 192 246 171 226 130 185 240 164 219 123 178 102 157 212 117 171 246 150 205 110 164 239 143 198 103 157 232 137 191 246 151 225 130 184 239 144 218 123 178 232 157 211 116 171 225 150 204 109 164 219 143 198 102 157 212 136 191 245 150 225 129 184 239 143 218 122 177 232 136 211 116 170 225 149 204 109 163 218 142 197 102 156 231 136 190 245 150 
232 156 211 116 170 225 149 204 109 164 218 143 197 0 184 239 144 218 123 177 232 156 211 116 171 225 150 204 109 164 238 143 197 102 157 231 136 191 245 170 224 129 184 238 163 218 122 177 232 156 211 115 170 225 149 204 108 163 218 142 197 102 156 231 135 190 245 149 224 129 183 238 143 217 122 176 231 136 210 115 170 224 129 203 108 163 217 122 196 101 156 210 135 190 244 149 204 128 183 237 
170 244 149 203 108 163 237 142 197 101 156 230 135 190 0 177 231 156 210 115 170 225 149 204 108 163 218 142 197 101 156 211 135 190 245 149 224 128 183 238 142 217 122 176 231 136 210 115 169 224 129 203 108 162 217 122 196 101 156 210 115 189 244 149 203 128 183 237 142 197 121 176 230 135 190 114 169 224 128 203 107 162 217 121 196 100 155 210 134 189 244 148 203 127 182 237 141 216 121 175 
107 162 217 121 196 101 155 210 134 189 244 148 203 128 182 0 169 224 129 203 108 162 217 141 196 101 155 210 135 189 244 149 223 128 182 237 142 216 121 175 230 135 209 114 169 223 148 202 107 162 216 141 196 100 155 210 134 189 243 148 203 127 182 237 141 196 120 175 230 134 189 113 168 223 128 202 107 161 216 121 195 100 154 209 114 188 243 148 202 107 181 236 141 195 100 175 229 134 189 243 
195 100 155 209 134 188 243 148 202 127 182 236 141 215 120 175 0 162 216 121 195 100 155 209 134 189 243 148 203 127 182 236 141 196 120 175 229 134 189 113 168 223 127 182 106 161 216 120 175 227 131 186 110 165 220 124 179 104 158 213 118 172 247 151 206 111 165 240 144 199 104 178 233 138 192 247 171 226 131 185 240 165 219 124 179 233 158 212 117 172 226 151 206 110 165 220 144 199 103 158 
110 165 219 124 179 103 158 213 117 192 246 151 206 110 185 239 144 0 131 186 110 165 220 124 179 103 158 213 117 172 246 151 206 111 165 240 144 199 104 158 233 137 192 247 152 226 131 185 240 164 219 124 178 233 158 212 117 172 226 151 205 110 165 219 144 198 103 158 232 137 192 246 151 225 130 185 239 164 219 123 178 233 157 212 116 171 245 150 205 110 164 239 143 198 103 157 232 136 191 246 
178 233 157 212 117 171 246 150 205 110 164 239 143 198 103 158 232 137 0 124 178 103 157 212 117 171 246 150 205 110 184 239 144 198 103 177 232 137 191 246 171 225 130 185 239 164 218 123 178 232 157 212 116 171 245 150 205 109 164 238 143 198 102 157 232 136 191 246 150 225 129 184 239 143 218 123 177 232 137 211 116 170 225 149 204 109 164 218 143 197 102 157 211 136 190 245 150 205 129 184 
116 171 245 150 204 109 164 238 143 197 102 157 231 136 191 245 150 224 129 0 116 171 225 150 204 109 164 219 143 198 102 157 231 136 191 245 150 225 129 184 239 143 218 122 177 232 136 211 116 170 225 130 204 109 163 218 123 197 102 156 211 136 190 245 150 204 129 183 238 143 217 122 177 231 136 210 115 170 224 149 203 108 163 218 142 197 101 156 211 135 190 244 149 224 128 183 238 142 217 121 
204 108 163 218 142 197 101 156 211 135 190 245 149 224 128 183 238 142 217 122 0 108 163 238 142 197 102 156 231 135 190 245 149 224 129 183 238 162 217 122 176 231 155 210 115 170 224 149 203 108 163 217 142 196 101 156 210 135 190 244 149 204 128 183 237 142 197 121 176 231 135 210 114 169 224 128 203 107 162 217 122 196 101 155 210 115 189 244 148 203 108 182 237 142 196 101 175 230 135 189 
141 196 101 155 210 135 189 244 149 223 128 182 237 142 216 121 176 230 135 209 114 0 101 156 210 135 189 244 149 203 128 183 237 142 197 121 176 230 135 190 114 169 224 128 183 107 162 217 121 196 100 155 210 114 189 244 148 203 108 182 237 206 110 165 220 144 199 104 158 213 137 192 247 151 226 130 185 240 144 219 124 178 233 138 212 117 171 226 131 205 110 165 219 144 198 103 158 212 137 191 
124 178 233 138 212 117 172 226 151 205 110 165 219 144 198 103 158 232 137 192 246 151 0 177 232 156 211 116 171 225 150 204 109 164 218 143 197 102 157 212 136 191 245 150 224 129 184 238 143 218 122 177 232 136 211 115 170 225 129 204 109 163 218 123 197 102 156 211 116 190 245 149 204 129 183 238 143 197 122 176 231 136 210 115 170 224 129 203 108 163 217 122 196 101 156 211 135 190 244 149 
231 136 210 115 170 224 129 203 108 163 218 142 197 101 156 211 135 190 244 149 204 128 183 0 170 225 129 204 108 163 218 142 197 101 156 211 135 190 245 149 224 128 183 238 142 217 122 176 231 155 210 115 169 224 148 203 108 163 217 142 196 101 156 210 135 189 244 149 203 128 183 237 142 197 121 176 230 135 210 114 169 224 128 203 107 162 217 121 196 100 155 210 115 189 244 148 203 108 182 237 
169 224 148 203 107 162 217 141 196 101 155 210 134 189 244 148 223 128 182 237 142 216 121 175 0 162 217 141 196 101 155 210 135 189 244 149 203 128 182 237 142 196 121 176 230 135 190 114 169 223 128 183 107 162 217 121 196 100 155 210 114 189 243 148 203 107 182 237 141 196 101 175 230 134 189 114 168 223 128 182 107 161 216 121 175 100 154 209 114 188 243 148 202 107 181 236 141 195 120 175 
107 161 216 121 195 100 155 209 114 188 243 148 202 107 182 236 141 196 120 175 229 134 189 113 168 0 155 209 114 189 243 148 203 127 182 236 141 196 120 175 230 134 209 113 168 223 127 202 106 161 216 121 195 100 154 209 114 188 243 147 202 107 181 236 141 195 120 174 229 134 188 113 168 222 127 182 106 161 215 120 175 249 154 208 113 168 242 147 202 106 161 235 140 195 249 174 229 133 188 243 
195 249 154 209 133 188 242 147 202 126 181 236 140 195 119 174 229 133 188 112 167 222 127 181 106 160 0 147 202 107 181 236 140 195 100 174 229 134 188 113 167 222 127 181 106 160 215 120 175 249 154 208 113 168 242 147 201 106 161 235 140 195 249 154 228 133 188 242 167 221 126 181 236 118 172 247 151 206 111 165 240 144 199 104 178 233 138 192 247 171 226 131 185 240 164 219 124 179 233 158 
240 145 199 124 178 233 138 192 117 172 226 131 186 110 165 219 124 179 103 158 212 117 192 246 151 206 110 0 117 172 226 131 186 110 165 219 124 179 103 158 213 117 172 246 151 206 110 165 240 144 199 104 158 233 137 192 247 151 226 131 185 240 164 219 124 178 233 157 212 117 171 226 151 205 110 165 219 144 198 103 158 232 137 192 246 151 225 130 185 239 144 218 123 178 233 157 212 116 171 226 
178 232 137 192 246 171 226 130 185 240 164 219 123 178 233 157 212 116 171 226 150 205 110 164 239 143 198 103 0 240 164 219 123 178 233 157 212 117 171 246 150 205 110 164 239 144 198 103 177 232 137 191 246 170 225 130 185 239 164 218 123 178 232 157 211 116 171 245 150 205 109 164 238 143 198 102 157 232 136 191 246 150 225 129 184 239 143 218 122 177 232 137 211 116 170 225 149 204 109 163 
246 170 225 129 184 109 163 218 123 177 102 156 211 116 170 245 150 204 109 164 238 143 197 102 157 231 136 191 245 0 232 157 211 116 171 225 150 204 109 164 218 143 198 102 157 231 136 191 245 150 224 129 184 239 143 218 122 177 232 136 211 115 170 225 129 204 109 163 218 123 197 102 156 211 136 190 245 150 204 129 183 238 143 197 122 176 231 136 210 115 170 224 129 203 108 163 217 142 197 101 
183 238 143 217 122 177 231 136 210 115 170 224 149 204 108 163 218 142 197 101 156 211 135 190 245 149 224 128 183 238 0 225 149 204 108 163 218 142 197 102 156 231 135 190 245 149 224 128 183 238 162 217 122 176 231 155 210 115 169 224 149 203 108 163 217 142 196 101 156 210 135 190 244 149 204 128 183 237 142 197 121 176 230 135 210 114 169 224 128 203 107 162 217 121 196 101 155 210 115 189 
121 176 231 155 210 114 169 224 148 203 108 162 217 141 196 101 155 210 134 189 244 149 223 128 182 237 142 216 121 175 230 0 217 141 196 101 156 210 135 189 244 149 203 128 182 237 142 197 121 176 230 135 190 114 169 223 128 203 107 162 217 121 196 100 155 210 114 189 244 148 203 108 182 237 141 196 101 175 230 134 189 114 168 223 128 184 108 163 217 122 177 101 156 211 115 190 244 149 204 108 
210 115 170 224 129 203 108 163 218 122 197 101 156 211 115 190 244 149 204 128 183 238 142 197 121 176 231 135 190 115 169 224 0 211 116 190 245 149 204 128 183 238 142 197 122 176 231 136 210 115 169 224 129 203 108 162 217 122 196 101 156 210 135 189 244 149 203 128 183 237 142 197 121 176 230 135 190 114 169 224 128 183 107 162 217 121 176 100 155 210 115 189 244 148 203 108 182 237 141 196 
148 203 107 162 217 141 196 101 155 210 134 189 244 148 203 128 182 237 142 196 121 175 230 135 189 114 169 223 128 202 107 162 216 0 203 128 182 237 142 196 121 176 230 135 190 114 169 223 128 183 107 162 216 121 176 100 155 210 114 169 243 148 203 107 182 237 141 196 101 175 230 134 189 244 168 223 128 182 237 161 216 121 175 230 154 209 114 169 243 148 202 107 162 236 141 195 100 175 229 134 
216 121 195 100 155 209 114 188 243 148 202 107 182 236 141 196 100 175 229 134 189 243 168 223 127 182 237 161 216 120 175 249 154 209 0 196 100 175 230 134 189 113 168 223 127 182 106 161 216 120 175 100 154 209 114 188 243 147 202 107 181 236 141 195 100 174 229 134 188 243 167 222 127 182 106 161 215 120 175 249 154 208 113 168 242 147 202 106 161 235 140 195 249 154 229 133 188 243 147 222 
154 209 113 188 242 147 202 106 181 236 140 195 119 174 229 133 188 112 167 222 127 181 106 160 215 120 174 249 153 208 113 167 242 147 201 0 188 243 167 222 127 181 236 160 215 120 174 229 154 208 113 168 242 147 201 106 161 235 140 195 249 154 228 133 188 242 147 221 126 181 236 140 215 119 174 229 133 208 112 167 222 146 201 106 160 215 139 194 249 153 228 133 187 242 147 221 126 180 235 159 
242 146 201 106 160 235 140 194 249 154 228 133 187 242 147 221 126 181 235 160 214 119 174 228 153 207 112 167 221 146 201 105 160 234 139 194 0 181 235 160 214 119 174 228 153 208 112 167 241 146 201 105 160 235 139 194 249 173 228 132 187 242 166 221 125 180 235 159 214 119 173 228 152 207 112 166 221 146 200 105 160 214 139 193 248 153 227 132 187 241 146 220 125 180 234 139 213 103 178 233 
165 220 124 199 103 158 213 117 192 246 151 206 130 185 240 144 199 123 178 233 137 192 117 171 226 131 205 110 164 219 124 198 103 157 212 117 191 0 178 233 138 192 117 171 226 131 185 110 164 219 124 198 103 158 212 117 191 246 151 205 110 185 239 144 199 103 178 232 137 192 246 171 226 130 185 240 164 219 123 178 102 157 212 117 171 246 150 205 110 164 239 143 198 103 157 232 137 191 246 151 
103 157 212 117 191 246 150 205 110 184 239 144 198 103 177 232 137 191 116 171 225 130 185 109 164 218 123 178 102 157 211 116 171 245 150 205 109 164 0 171 225 130 185 239 164 218 123 178 233 157 212 116 171 245 150 205 109 164 239 143 198 103 157 232 136 191 246 170 225 130 184 239 163 218 123 177 102 156 211 116 171 245 150 204 109 183 238 143 197 102 177 231 136 191 245 170 224 129 184 238 
171 245 150 204 109 184 238 143 198 102 177 231 136 191 245 170 225 129 184 108 163 218 122 177 101 156 211 115 190 245 149 204 109 183 238 142 197 102 176 0 163 218 122 177 102 156 211 116 170 245 149 204 109 163 238 143 197 102 157 231 136 190 245 169 224 129 184 238 163 217 122 177 231 156 210 115 170 225 149 204 108 163 218 142 197 101 156 211 135 190 245 149 224 128 183 238 142 217 121 176 
108 183 238 142 197 102 176 231 135 190 245 169 224 129 183 238 162 217 122 176 231 155 210 115 169 224 149 203 108 163 237 142 196 101 156 230 135 190 244 149 0 156 210 115 170 224 149 203 108 163 217 142 197 101 156 211 135 190 244 149 223 128 183 238 142 217 121 176 231 155 210 114 169 224 148 203 108 162 237 141 196 101 155 230 135 189 244 149 223 128 182 237 142 216 121 175 230 135 209 114 
196 101 156 230 135 189 244 149 223 128 183 237 162 216 121 176 230 155 209 114 169 243 148 203 107 162 236 141 196 100 155 229 134 189 244 148 223 127 182 237 161 0 168 222 147 202 106 161 235 140 195 249 154 228 133 188 243 147 222 126 181 236 140 215 119 174 229 133 208 113 167 222 127 201 106 160 215 140 194 249 154 208 133 187 242 147 221 126 180 235 140 214 119 174 228 153 207 112 167 221 
154 228 133 188 242 147 221 126 181 173 228 133 207 112 167 221 146 200 105 160 214 139 193 248 153 227 132 187 241 146 220 125 180 234 139 214 118 173 228 132 207 111 0 248 153 208 132 187 241 146 201 125 180 235 139 194 118 173 228 132 207 111 166 221 126 200 105 159 214 119 193 248 152 207 112 186 241 146 200 105 179 234 139 193 248 173 227 132 187 111 166 220 125 180 104 159 214 118 173 247 
180 234 139 213 118 173 227 132 206 111 166 221 125 200 104 159 214 118 193 247 152 207 111 186 241 145 200 124 179 234 138 193 118 172 227 132 186 111 165 220 125 179 104 0 241 145 200 105 179 234 139 193 248 172 227 132 186 111 165 220 125 180 104 159 213 118 192 247 152 206 111 186 240 145 200 124 179 233 138 193 117 172 227 131 186 110 165 220 124 179 103 158 213 118 172 247 151 206 111 185 
117 172 227 131 186 110 165 220 125 199 104 158 213 118 192 247 151 206 131 185 240 145 199 124 178 233 138 192 117 172 226 131 186 110 165 219 124 198 103 158 212 117 192 246 0 233 138 193 117 172 226 131 186 110 165 219 124 179 103 158 213 117 172 246 151 206 110 165 240 144 199 104 158 233 137 192 247 171 226 131 185 240 164 219 124 178 233 157 212 117 172 226 151 205 110 165 219 144 198 103 
185 110 164 219 124 179 103 158 212 117 172 246 151 205 110 185 239 144 199 103 178 232 137 192 246 171 226 130 185 240 164 219 123 178 233 157 212 116 171 226 150 205 110 164 239 0 226 130 185 240 164 219 123 178 233 157 212 117 171 246 150 205 110 164 239 144 198 103 177 232 137 191 246 170 225 130 185 239 164 218 123 178 102 157 211 116 171 245 150 205 109 164 238 143 198 102 157 232 136 191 
123 178 102 157 212 116 171 245 150 205 109 184 239 143 198 103 177 232 136 191 115 170 225 130 184 109 163 218 123 177 102 156 211 116 170 245 150 204 109 164 238 143 197 102 157 231 0 218 123 177 232 157 211 116 171 225 150 204 109 164 238 143 198 102 157 231 136 191 245 150 224 129 184 239 143 218 122 177 232 136 211 115 170 225 129 204 109 163 218 142 197 102 156 211 136 190 245 150 204 129 
211 116 170 245 149 204 109 163 238 143 197 102 157 231 136 190 245 150 224 129 184 243 148 203 107 162 236 141 196 100 155 230 134 189 244 168 223 127 182 237 161 216 121 175 100 154 209 0 196 101 175 230 134 189 244 168 223 128 182 107 161 216 121 175 100 154 209 114 169 243 148 202 107 162 236 141 195 100 175 229 134 189 243 168 222 127 182 236 161 216 120 175 230 154 209 113 168 223 147 202 
134 189 113 168 223 127 182 106 161 216 120 175 249 154 209 113 168 243 147 202 107 181 236 140 195 100 174 229 134 188 243 167 222 127 181 236 160 215 120 175 229 154 208 113 168 222 147 201 0 188 243 148 222 127 182 236 161 215 120 175 229 154 208 113 168 223 147 202 106 161 216 140 195 249 154 209 133 188 243 147 202 126 181 236 140 215 120 174 229 134 208 113 167 222 127 201 106 160 215 140 
222 127 181 236 160 215 120 174 229 153 208 113 167 222 147 201 106 161 215 140 194 249 154 208 133 188 242 147 221 126 181 235 140 214 119 174 229 153 208 112 167 222 146 201 105 160 215 139 194 0 181 236 160 215 119 174 229 153 208 112 167 222 146 201 106 160 235 139 194 249 153 228 133 187 242 147 221 126 180 235 140 214 119 173 228 133 207 112 167 221 126 200 105 160 214 139 194 248 153 208 
160 214 119 174 248 153 207 112 167 241 146 201 105 160 234 139 194 248 153 228 132 187 242 146 221 125 180 235 139 214 118 173 228 152 207 112 166 221 145 200 105 159 214 139 193 248 153 207 132 186 0 173 228 133 207 112 166 221 126 200 105 160 214 119 193 248 153 207 112 187 241 146 201 125 180 234 139 194 118 173 227 132 187 111 166 221 125 180 104 159 214 118 193 248 152 207 112 186 241 145 
228 132 207 111 166 221 125 200 105 159 214 138 193 248 152 207 132 186 241 146 200 125 179 234 139 193 118 172 227 132 206 111 166 220 125 199 104 159 213 118 193 247 152 207 131 186 240 145 200 124 179 0 166 220 145 200 104 159 214 138 193 247 152 207 131 186 241 145 200 124 179 234 138 193 117 172 227 131 206 111 165 220 125 199 104 158 213 118 192 247 152 206 111 185 240 145 199 104 178 233 
165 220 145 199 104 159 213 138 192 247 152 206 131 185 240 145 219 124 179 233 138 212 117 172 226 131 206 110 165 220 124 199 103 171 245 150 205 109 184 238 143 198 102 177 231 136 191 115 170 225 129 184 0 191 245 150 205 109 184 238 143 198 103 177 232 136 191 115 170 225 129 184 109 163 218 123 197 102 156 211 116 190 245 150 204 109 183 238 143 197 122 176 231 136 190 115 170 224 129 184 
116 190 245 150 204 109 183 238 143 198 122 177 231 136 191 115 170 224 129 204 108 163 218 122 197 101 156 211 135 190 244 149 204 128 183 238 142 197 121 176 231 135 190 115 169 224 129 183 108 162 217 122 196 0 183 238 142 197 102 176 231 136 190 115 169 224 129 183 108 163 217 122 177 101 156 210 115 170 244 149 204 108 163 237 142 197 101 156 230 135 190 244 169 224 128 183 238 162 217 121 
204 128 183 237 142 197 121 176 231 135 190 114 169 224 128 183 108 162 217 122 176 101 155 210 115 169 244 148 203 108 182 237 142 196 101 175 230 135 189 244 169 223 128 183 237 162 216 121 176 230 155 210 114 169 0 195 120 174 229 134 188 113 168 222 127 182 106 161 215 120 194 249 154 209 113 188 242 147 202 106 181 235 140 195 249 174 229 133 188 243 167 222 126 181 236 160 215 120 174 249 
181 236 140 195 119 174 229 133 208 113 167 222 127 201 106 160 215 120 194 249 153 208 113 187 242 147 201 106 180 235 140 194 249 174 228 133 188 242 167 221 126 181 105 160 215 119 174 248 153 208 112 167 241 146 201 0 188 242 167 222 126 181 236 160 215 119 174 229 153 208 113 167 222 146 201 106 160 235 139 194 249 153 228 133 187 242 147 221 126 180 235 160 214 119 174 228 153 207 112 167 
249 173 228 133 187 242 167 221 126 181 235 160 214 119 174 248 153 207 112 167 241 146 201 105 160 234 139 194 248 173 228 132 187 242 166 221 125 180 235 159 214 119 173 248 152 207 112 166 241 145 200 105 179 234 139 193 0 180 105 159 214 119 173 248 152 207 112 167 241 146 200 105 160 234 139 193 248 153 227 132 187 241 146 220 125 180 234 159 214 118 173 228 152 207 111 166 221 145 200 104 
187 111 166 221 125 180 104 159 214 118 173 247 152 207 111 166 241 145 200 105 159 234 138 193 248 172 227 132 186 241 165 220 125 179 234 158 213 118 173 227 152 206 111 166 220 229 153 208 112 167 241 146 201 105 180 235 139 0 126 181 105 160 215 119 174 248 153 208 112 167 242 146 201 106 160 235 139 194 249 153 228 133 187 242 147 221 126 180 235 159 214 119 174 228 153 207 112 167 221 146 
228 133 187 112 166 221 126 181 105 160 214 119 174 248 153 207 112 167 241 146 201 105 160 234 139 194 248 173 228 132 187 242 166 221 125 180 235 159 214 118 173 228 152 207 112 166 221 145 200 105 159 214 139 193 248 153 227 132 0 119 173 228 133 207 112 166 221 146 200 105 160 214 139 193 248 153 207 132 187 241 146 201 125 180 234 139 213 118 173 228 132 207 111 166 221 145 200 104 159 214 
146 220 125 180 235 159 214 118 173 228 152 207 111 166 221 145 200 105 159 214 138 193 248 152 207 132 186 241 146 220 125 179 234 139 213 118 172 227 152 206 111 166 220 145 199 104 159 233 138 193 247 152 226 131 186 240 145 219 124 0 111 166 220 145 200 104 159 214 138 193 247 152 226 131 186 241 145 220 124 179 234 138 213 117 172 227 132 206 111 165 220 125 199 104 158 213 118 192 247 152 
234 158 213 118 172 227 151 206 111 165 240 145 199 104 159 233 138 192 247 152 226 131 186 240 145 219 124 179 233 138 212 117 172 226 131 206 110 165 220 144 199 103 158 213 137 192 247 151 206 130 185 240 144 199 123 178 233 138 192 117 0 104 158 213 118 192 247 151 206 111 185 240 145 199 104 178 233 138 192 117 171 226 131 186 110 165 219 124 198 103 158 212 117 192 246 151 206 110 185 239 
172 226 131 205 110 165 219 124 199 103 158 213 117 192 246 151 206 130 185 240 144 199 123 178 233 137 192 116 171 226 130 205 110 164 219 124 198 103 157 212 137 191 246 151 205 130 184 239 144 198 123 177 232 137 211 116 171 225 130 204 109 0 246 151 205 130 184 239 144 199 123 178 232 137 192 116 171 225 130 185 109 164 219 123 198 102 157 212 116 191 246 150 205 110 184 239 143 198 103 177 
109 164 219 143 198 103 157 212 136 191 246 150 205 129 184 239 144 198 123 177 232 137 191 116 170 225 130 204 109 164 218 123 197 102 157 211 116 191 245 150 205 109 184 238 143 198 102 177 231 136 191 246 170 225 129 184 108 125 199 104 158 213 0 200 124 179 234 139 193 118 172 227 132 186 111 165 220 125 180 104 159 213 118 173 247 152 206 111 166 240 145 200 104 179 233 138 193 247 172 226 
159 213 138 193 247 152 207 131 186 240 145 200 124 179 234 138 193 117 172 227 131 186 110 165 220 124 179 104 158 213 118 192 247 151 206 111 185 240 145 199 104 178 233 138 192 247 171 226 131 186 240 165 219 124 179 233 158 212 117 172 246 151 206 0 193 247 172 226 131 186 240 165 219 124 179 234 158 213 117 172 246 151 206 110 165 240 144 199 104 158 233 137 192 247 171 226 130 185 240 164 
247 151 206 111 185 240 144 199 104 178 233 138 192 247 171 226 131 185 240 164 219 124 178 103 158 212 117 172 246 151 205 110 184 239 144 199 103 178 232 137 192 246 171 225 130 185 109 164 219 123 178 102 157 212 116 171 246 150 205 110 164 239 143 198 0 185 240 164 219 123 178 233 157 212 117 171 246 150 205 110 164 239 144 198 103 158 232 137 191 246 151 225 130 184 239 144 218 123 178 232 
184 239 144 198 103 177 232 137 192 246 171 225 130 185 109 164 218 123 178 102 157 212 116 171 245 150 205 109 164 238 143 198 103 157 232 136 191 246 150 225 129 184 239 163 218 123 177 232 156 211 116 170 225 150 204 109 164 218 143 197 102 157 211 136 191 0 177 232 137 211 116 171 225 150 204 109 164 218 143 198 102 157 212 136 191 245 150 224 129 184 238 143 218 122 177 232 156 211 115 170 
102 157 231 136 191 246 150 225 129 184 239 143 218 122 177 232 156 211 116 170 225 149 204 109 163 238 142 197 102 157 231 136 190 245 150 224 129 183 238 163 217 122 177 231 156 210 115 170 224 149 204 108 163 237 142 197 101 156 230 135 190 245 149 224 128 183 0 170 225 149 204 108 163 218 142 197 102 156 211 135 190 245 149 204 128 183 238 142 217 122 176 231 136 210 115 169 224 129 203 108 
190 245 169 224 129 183 238 162 217 122 176 231 156 210 115 170 224 149 203 108 163 217 142 196 101 156 230 135 190 244 149 223 128 183 237 142 217 121 176 231 135 210 114 169 224 128 203 108 162 217 122 196 101 155 210 115 189 244 149 203 128 182 237 142 196 121 175 0 162 129 121 175 100 154 209 114 169 243 148 202 107 162 236 141 195 100 175 229 134 189 243 168 222 127 182 236 161 216 120 175 
107 182 236 141 196 100 175 229 134 189 113 168 223 127 182 106 161 216 120 175 249 154 209 114 188 243 147 202 107 181 236 140 195 100 174 229 134 188 243 167 222 127 181 236 161 215 120 175 229 154 208 113 168 242 147 201 106 161 235 140 195 249 154 228 133 188 242 147 0 154 208 113 168 223 147 202 106 161 216 140 195 249 154 209 133 188 243 147 202 126 181 236 140 215 120 174 229 134 208 113 
195 100 174 229 133 188 243 167 222 127 181 236 160 215 120 174 229 153 208 113 168 222 147 201 106 161 215 140 194 249 154 228 133 188 242 147 221 126 181 235 140 215 119 174 229 153 208 112 167 222 146 201 105 160 235 139 194 249 153 228 132 187 242 146 221 126 180 235 159 0 146 201 106 160 235 139 194 249 153 228 133 187 242 147 221 126 180 235 140 214 119 174 228 133 207 112 167 221 146 200 
133 187 242 166 221 126 181 235 160 214 119 174 248 153 207 112 167 241 146 201 105 160 234 139 194 248 153 228 132 187 242 146 221 125 180 235 159 214 119 173 228 152 207 112 166 221 145 200 105 159 214 139 193 248 153 207 132 186 241 146 200 125 180 234 139 194 118 173 227 132 0 119 193 248 153 207 132 187 241 146 201 125 180 234 139 194 118 173 228 132 187 111 166 221 125 200 104 159 214 119 
220 125 180 235 139 214 118 173 228 132 207 111 166 221 145 200 105 159 214 138 193 248 152 207 132 186 241 146 200 125 179 234 139 193 118 173 227 132 206 111 166 220 125 199 104 159 213 138 193 247 152 207 131 186 240 145 200 124 179 234 138 213 117 172 227 131 206 110 165 220 125 0 131 186 241 145 200 124 179 234 138 213 117 172 227 132 206 111 165 220 125 199 104 158 213 118 192 247 152 206 
139 213 118 172 227 151 206 111 165 220 145 199 104 159 213 138 192 247 152 206 131 186 240 145 219 124 179 233 138 212 117 172 227 131 206 110 165 220 124 199 103 158 213 117 192 247 151 206 111 185 240 144 199 123 178 233 138 192 117 171 226 131 185 110 164 219 124 179 103 158 212 117 0 104 178 233 138 192 247 171 226 218 122 177 232 136 211 116 170 225 130 204 109 163 218 142 197 102 157 211 
163 218 123 177 102 156 211 116 170 245 149 204 109 164 238 143 197 102 157 231 136 190 245 150 224 129 184 238 143 217 122 177 231 156 211 115 170 225 149 204 108 163 218 142 197 101 156 211 135 190 245 149 224 128 183 238 142 217 122 176 231 155 210 115 169 224 148 203 108 163 237 142 196 0 223 127 182 237 161 216 121 175 230 154 209 114 168 223 147 202 107 162 216 141 195 100 155 209 134 188 
121 175 100 154 209 114 169 243 148 202 107 181 236 141 195 100 175 229 134 189 243 168 222 127 182 236 161 216 120 175 230 154 209 113 168 223 147 202 106 161 236 140 195 100 154 229 133 188 243 147 222 127 181 236 141 215 120 174 229 134 208 113 168 222 127 201 106 161 215 140 194 249 154 209 0 215 120 175 229 134 208 113 168 222 147 201 106 161 216 140 195 249 154 228 133 188 242 147 222 126 
208 113 168 223 147 202 106 161 216 140 195 249 154 229 133 188 243 147 222 126 181 236 160 215 120 174 229 153 208 113 167 222 146 201 106 160 235 140 194 249 154 228 133 187 242 147 221 126 181 235 160 214 119 174 228 153 207 112 167 222 146 201 105 160 215 139 194 248 153 208 132 187 242 146 201 0 208 112 167 222 126 201 105 160 215 139 194 249 153 208 132 187 242 146 201 126 180 235 140 194 
146 201 106 160 235 139 194 249 153 228 133 187 242 147 221 126 180 235 140 214 119 174 228 153 207 112 167 221 146 200 105 160 214 139 194 248 153 208 132 187 241 146 201 125 180 235 139 194 118 173 228 132 187 111 166 221 126 200 105 159 214 119 193 248 152 207 112 186 241 146 200 125 179 234 139 193 0 200 105 159 214 119 193 248 153 207 132 186 241 146 200 125 180 234 139 213 118 173 227 132 
214 139 193 248 153 207 132 187 241 146 201 125 180 234 139 213 118 173 228 132 207 111 166 221 125 200 104 159 214 138 193 248 152 207 131 186 241 145 220 125 179 234 139 213 118 172 227 132 206 111 165 220 125 199 104 159 213 118 192 247 152 206 131 186 240 145 200 124 179 233 138 193 117 172 227 131 186 0 193 247 152 207 111 186 240 145 200 104 179 234 138 193 248 140 195 249 154 209 133 188 
120 175 249 154 209 113 168 242 147 202 106 161 235 140 195 100 154 229 133 188 243 167 222 126 181 236 160 215 120 174 229 153 208 113 167 222 147 201 106 161 215 140 194 249 154 208 133 187 242 147 221 126 181 235 140 214 119 174 228 133 208 112 167 222 146 201 105 160 215 139 194 249 153 228 132 187 242 146 0 153 208 112 167 222 146 201 106 160 235 139 194 249 153 228 132 187 242 147 221 126 
208 113 167 222 146 201 106 160 235 139 194 249 154 228 133 187 242 147 221 126 180 235 160 214 119 174 228 153 207 112 167 241 146 201 105 160 234 139 194 248 153 227 132 187 241 146 221 125 180 235 139 214 118 173 228 152 207 112 166 221 145 200 105 159 214 138 193 248 153 207 132 186 241 146 200 125 179 234 139 0 126 200 105 160 214 119 193 248 153 207 112 186 241 146 201 125 180 234 139 194 
146 200 105 160 234 139 193 248 153 227 132 187 241 146 220 125 180 234 139 214 118 173 228 132 207 111 166 221 125 200 105 159 214 138 193 248 152 207 131 186 241 145 200 125 179 234 139 193 118 172 227 132 186 111 166 220 125 199 104 159 213 118 192 247 152 207 131 186 240 145 200 124 179 233 138 193 117 172 227 131 0 138 193 247 152 207 131 186 240 145 200 124 179 234 138 193 117 172 227 131 
214 138 193 247 152 207 131 186 241 145 200 124 179 234 138 213 118 172 227 132 206 111 165 220 144 199 104 159 213 138 192 247 152 206 131 185 240 145 199 124 179 233 138 212 117 172 226 131 206 110 165 220 124 199 103 158 213 117 192 246 151 206 111 185 240 144 199 104 178 233 137 192 117 171 226 131 185 110 164 219 124 0 111 185 240 144 199 104 178 233 138 192 247 171 226 131 185 240 165 219 
151 206 131 185 240 145 199 124 178 233 138 192 117 172 226 131 205 110 165 219 124 198 103 158 213 117 192 246 151 206 110 185 239 144 199 103 178 233 137 192 247 171 226 130 185 240 164 219 124 178 103 157 212 117 171 246 150 205 110 184 239 144 198 103 177 232 137 191 246 171 225 130 185 109 164 218 123 178 102 157 212 116 0 103 178 232 137 192 116 171 225 130 185 109 164 219 123 178 102 157 
239 144 199 103 178 225 129 204 108 163 218 122 197 102 156 211 116 190 245 149 204 129 183 238 143 197 122 176 231 136 190 115 169 224 129 184 108 163 217 122 196 101 156 210 115 190 244 149 204 108 183 237 142 197 101 176 231 135 190 245 169 224 128 183 238 162 217 121 176 101 155 210 115 169 244 148 203 108 162 237 142 196 101 0 238 162 217 122 176 231 155 210 115 169 224 149 203 108 163 217 
169 224 129 183 108 162 217 122 176 101 156 210 115 170 244 149 203 108 182 237 142 197 101 176 230 135 190 244 169 223 128 183 238 162 217 121 176 231 155 210 114 169 224 148 203 108 162 237 141 196 101 155 230 135 189 244 168 223 128 182 237 161 216 121 175 100 155 209 114 169 243 148 202 107 162 236 141 196 100 175 229 134 189 243 0 100 155 209 114 169 243 148 203 107 162 236 141 196 100 155 
107 162 216 121 176 100 155 210 114 169 243 148 203 107 182 236 141 196 101 175 230 134 189 113 168 223 127 182 107 161 216 121 175 100 154 209 114 168 243 148 202 107 162 236 141 195 100 155 229 134 189 243 148 222 127 182 236 161 215 120 175 229 154 209 113 168 223 147 202 106 161 216 140 195 100 154 209 133 188 243 147 202 126 181 236 0 223 127 202 107 161 216 140 195 100 154 209 133 188 243 
175 100 154 209 114 168 243 147 202 107 161 236 140 195 100 155 229 134 188 243 148 222 127 181 236 141 215 120 175 229 154 208 113 168 222 147 202 106 161 216 140 195 249 154 209 133 188 243 147 222 126 181 236 140 215 119 174 229 153 208 113 167 222 146 201 106 160 215 140 194 249 154 228 133 187 242 147 221 126 180 235 140 214 119 174 228 0 105 159 214 138 193 248 153 207 132 186 241 146 200 
152 207 112 166 241 145 200 105 160 234 139 193 248 172 227 132 186 241 166 220 125 180 234 159 213 118 173 227 152 207 111 166 221 145 200 104 159 214 138 193 248 152 227 131 186 241 145 220 124 179 234 138 213 118 172 227 132 206 111 165 220 125 199 104 159 213 138 192 247 152 206 131 185 240 145 200 124 179 233 138 212 117 172 226 131 206 110 0 247 152 226 131 186 240 145 219 124 179 233 138 
220 145 199 104 159 214 138 193 247 152 207 131 186 240 145 220 124 210 134 189 244 148 223 127 182 237 142 216 121 175 230 135 209 114 168 223 128 202 107 162 216 121 195 100 155 209 114 189 243 148 203 127 182 236 141 196 120 175 230 134 209 113 168 223 127 202 106 161 216 120 195 100 154 209 133 188 243 147 202 127 181 236 141 215 120 174 229 134 0 140 195 100 154 209 134 188 243 148 202 127 
209 114 168 223 128 202 107 161 216 141 195 100 155 209 134 188 243 148 222 127 181 236 141 215 120 175 229 134 208 113 168 222 147 202 106 161 216 140 195 249 154 209 133 188 243 147 202 126 181 236 140 195 119 174 229 134 188 113 167 222 127 201 106 160 215 120 194 249 154 208 113 187 242 147 201 106 181 235 140 195 249 174 228 133 188 242 167 221 126 0 113 168 242 147 202 106 181 235 140 195 
127 201 106 161 215 140 195 249 154 209 133 188 242 147 202 126 181 235 140 195 119 174 229 133 188 112 167 222 126 181 106 160 215 120 174 249 153 208 113 187 242 147 201 106 180 235 140 194 249 173 228 133 188 112 167 221 126 181 105 160 214 119 174 248 153 208 112 187 241 146 201 105 180 235 139 194 118 173 228 132 187 111 166 221 125 180 105 159 214 119 0 106 180 235 139 194 249 173 228 132 
215 119 194 249 153 208 113 187 242 146 201 125 180 235 139 194 119 173 228 133 207 112 166 221 126 200 105 160 214 119 193 248 153 207 112 186 241 146 201 105 180 234 139 194 118 173 227 132 187 111 166 221 125 180 104 159 214 118 173 248 152 207 112 166 241 145 200 105 159 234 138 193 248 172 227 132 186 241 165 220 125 179 234 159 213 118 173 227 152 206 111 0 248 153 227 132 186 241 146 220 
153 207 112 186 241 146 200 105 179 234 139 193 248 173 227 132 187 241 166 220 125 180 104 159 214 118 173 247 152 207 111 166 240 145 200 105 159 234 138 193 248 152 227 131 186 241 165 220 125 179 234 158 213 118 172 227 152 206 111 166 240 145 199 104 159 233 138 192 247 172 226 131 186 240 165 219 124 179 233 158 213 117 172 246 151 206 110 165 239 144 199 104 0 240 165 220 124 179 234 158 
240 145 200 104 179 233 138 193 247 172 227 131 186 110 165 220 124 179 104 158 213 118 172 247 151 206 111 185 240 102 176 231 135 190 114 169 224 128 183 108 162 217 122 176 101 155 210 115 169 244 149 203 108 182 237 142 196 101 175 230 135 190 244 169 223 128 183 237 162 216 121 176 230 155 210 114 169 243 148 203 107 162 237 141 196 101 155 230 134 189 244 168 223 0 210 114 169 244 148 203 
135 190 114 169 224 128 183 107 162 217 121 176 101 155 210 115 169 244 148 203 108 162 237 142 196 101 175 230 135 189 244 168 223 128 182 107 162 216 121 176 100 155 209 114 188 243 148 203 107 182 236 141 196 100 175 229 134 189 113 168 223 127 182 106 161 216 120 175 100 154 209 114 168 243 147 202 107 161 236 141 195 100 155 229 134 188 243 148 222 127 181 236 161 215 0 202 107 162 236 141 
223 128 182 107 161 216 121 195 100 155 209 114 188 243 148 202 107 181 236 141 196 100 175 229 134 189 243 168 222 127 182 236 161 216 120 175 249 154 209 113 168 242 147 202 107 161 236 140 195 100 154 229 133 188 243 148 222 127 181 236 141 215 120 174 229 154 208 113 168 222 147 201 106 161 215 140 195 249 154 209 133 188 242 147 221 126 181 235 140 215 119 174 229 153 208 0 195 249 154 228 
161 215 120 175 229 154 209 113 168 223 147 202 106 161 235 140 195 249 154 229 133 188 243 147 222 126 181 236 160 215 120 174 229 153 208 113 167 242 146 201 106 161 235 140 194 249 173 228 133 187 242 167 221 126 181 235 160 214 119 174 228 153 208 112 167 222 146 201 105 160 215 139 194 249 153 228 132 187 242 146 221 125 180 235 139 214 119 173 228 133 207 112 166 221 126 200 0 187 242 146 
248 153 208 113 167 242 146 201 106 160 235 139 194 249 153 228 133 187 242 166 221 126 180 235 160 214 119 174 228 153 207 112 167 221 146 200 105 160 215 139 194 248 153 208 132 187 241 146 201 125 180 235 139 214 118 173 228 132 207 112 166 221 126 200 105 159 214 119 193 248 153 207 112 186 241 146 200 125 179 234 139 193 118 173 227 132 206 111 166 220 125 199 104 159 214 138 193 0 180 234 
226 130 185 109 164 219 124 178 103 157 212 117 171 246 150 205 110 165 239 144 198 103 158 232 137 191 246 151 225 130 185 239 164 218 123 178 232 157 212 116 171 226 150 205 109 164 219 143 198 102 157 232 136 191 246 150 225 129 184 239 163 218 123 177 232 156 211 116 170 225 149 204 109 164 238 143 197 102 157 231 136 190 245 150 224 129 184 238 143 217 122 177 231 156 211 115 170 225 0 231 
203 127 182 237 141 216 121 175 230 154 209 114 168 223 147 202 107 161 216 141 195 100 155 209 134 188 243 148 202 127 182 236 141 196 120 175 229 134 189 113 168 223 127 202 106 161 216 120 195 249 154 209 113 188 243 147 202 107 181 236 140 195 100 174 229 134 188 113 167 222 127 181 106 160 215 120 194 249 154 208 113 187 242 147 201 126 181 235 140 195 119 174 228 133 188 112 167 222 126 0 

3494 0 77 3610
4566 0 77 3697
3024 0 77 4648
3388 0 77 2522
2772 0 77 4396
4646 0 77 3777
2710 1 77 4334
4588 1 78 3719
3841 1 78 2974
3549 1 78 2682
2802 1 78 4426
2842 1 78 4466
3925 2 78 3058
3637 2 78 3098
3218 2 78 4515
4966 2 78 4097
4219 2 78 3351
4781 2 79 3912
3896 3 79 3028
3149 3 79 4773
2730 3 79 4027
4478 3 79 3609
3731 3 79 2864
2984 3 79 4608
2953 4 79 4577
4701 4 79 3832
3954 4 80 3086
3535 4 80 4831
2788 4 80 4085
4536 4 80 3667
4505 5 80 3636
3758 5 80 2891
3011 5 80 4635
4024 5 80 3156
3277 5 80 4900
2530 5 80 4155
4278 5 81 3410
4247 6 81 3378
3828 6 81 2633
2753 6 81 4705
4829 6 81 3632
4082 6 81 3214
3335 6 81 4958
2588 6 81 4213
2557 7 81 4182
4305 7 81 3436
3558 7 82 2691
3139 7 82 4435
4887 7 82 4017
4140 7 82 3272
3393 7 82 2527
3362 8 82 2495
2615 8 82 4240
4363 8 82 3494
3944 8 82 2749
3197 8 82 4493
4945 8 82 4075
4198 8 83 3330
4167 9 83 3299
3420 9 83 2553
2673 9 83 4298
4421 9 83 3552
4002 9 83 2807
3255 9 83 4879
2508 9 83 4133
3703 10 83 2836
2956 10 84 4580
4704 10 84 3835
4285 10 84 3089
3538 10 84 2671
2791 10 84 4416
4539 10 84 3670
4508 11 84 3639
3761 11 84 2894
3014 11 84 4638
2595 11 84 3893
4343 11 85 3475
3596 11 85 2729
2849 11 85 4474
2818 12 85 4443
4566 12 85 3697
3819 12 85 2952
3072 12 85 4696
2653 12 85 3951
4401 12 85 3533
3654 12 85 2787
2907 12 85 4532
2876 13 86 4500
4624 13 86 3755
3877 13 86 3010
3458 13 86 4754
4878 13 86 4336
4459 13 86 3263
3712 13 86 2845
2966 13 86 4590
2934 14 86 4558
4682 14 86 3813
3935 14 87 3068
3188 14 87 4812
2770 14 87 4067
4517 14 87 3649
3770 14 87 2903
3024 14 87 4648
2992 15 87 4616
4740 15 87 3871
3993 15 87 3126
3574 15 87 4870
2828 15 88 4124
4575 15 88 3379
3828 15 88 2961
3082 15 88 4705
3050 16 88 4674
4798 16 88 3929
4051 16 88 3183
3304 16 88 4928
2886 16 88 4182
4633 16 88 3764
3887 16 89 3019
3140 16 89 4763
3108 17 89 4732
4856 17 89 3987
4109 17 89 3241
3362 17 89 2496
2944 17 89 4240
4691 17 89 3822
3945 17 89 3077
3198 17 89 4821
3167 18 90 4790
4914 18 90 4045
3603 18 90 2736
3184 18 90 4807
4932 18 90 4062
4185 18 90 3317
3438 18 90 2571
2691 18 90 4316
2660 19 90 4284
4736 19 91 3539
3989 19 91 3121
3242 19 91 4865
2495 19 91 4120
4243 19 91 3375
3496 19 91 2629
2749 19 91 4374
4497 19 91 3628
4794 20 91 3924
4047 20 91 2852
3300 20 92 4923
2553 20 92 4178
4301 20 92 3433
3554 20 92 2687
2807 20 92 4431
4555 20 92 3686
4136 20 92 2941
4105 21 92 3237
3358 21 92 2492
2611 21 92 4236
4359 21 92 3490
3612 21 93 2745
2865 21 93 4489
4941 21 93 3744
3866 21 93 3326
3447 21 93 4743
3416 22 93 2550
2669 22 93 4294
4417 22 93 3548
3670 22 93 2803
2923 22 93 4547
3489 22 94 2622
2742 22 94 4367
4818 22 94 3621
4071 22 94 2876
4040 23 94 3172
3293 23 94 4916
2546 23 94 4171
4294 23 94 3426
3547 23 94 2680
2800 23 94 4424
4548 23 95 3679
4129 23 95 2934
3382 23 95 2516
3351 24 95 4974
2604 24 95 4229
4352 24 95 3483
3605 24 95 2738
2858 24 95 4482
4934 24 95 3737
4187 24 95 3319
3440 24 95 2574
2693 24 96 4318
4441 24 96 3573
4410 25 96 3541
3663 25 96 2796
3244 25 96 4540
4664 25 96 4122
4245 25 96 3050
3498 25 96 2632
2751 25 96 4376
4499 25 96 3631
3752 25 97 2885
3005 25 97 4629
2974 26 97 4598
2556 26 97 3853
4303 26 97 3435
3556 26 97 2690
2810 26 97 4434
4557 26 97 3688
3810 26 97 2943
3064 26 97 4687
4811 26 98 3942
4064 26 98 3197
4361 77 98 3493
3614 77 98 2748
2868 77 98 4492
4615 77 98 3746
3868 77 98 3001
3122 77 98 4745
4869 77 98 4000
4451 77 98 3255
3704 77 98 2837
2957 77 99 4253
2926 78 99 4550
4673 78 99 3804
3926 78 99 3059
3180 78 99 4803
4927 78 99 4058
4180 78 99 3312
3762 78 99 2567
3015 78 99 4639
4763 78 99 3893
3688 78 0 2821
3656 79 0 2789
3625 80 0 2758
3594 81 0 2727
3563 82 0 4858
3203 83 0 4827
3172 84 0 4796
4778 85 0 3909
4747 86 1 3877
4715 87 1 3846
4684 88 1 3815
4653 89 1 3784
4622 90 1 3753
4590 91 1 3722
4559 92 1 3691
4528 93 1 3659
4497 94 1 3628
4466 95 2 3597
4434 96 2 3566
4403 97 2 3535
4372 98 2 3504
4341 99 2 3472

31452

0 522 31
1 378 44
2 452 25
3 250 21
4 760 40
5 775 47
6 792 32
7 809 21
8 628 36
9 486 31
10 956 46
11 677 31
12 398 46
13 868 34
14 688 49
15 409 34
16 879 49
17 875 20
18 595 35
19 415 49
20 885 34
21 606 49
22 327 38
23 798 23
24 518 38
25 989 23
26 808 38
27 529 26
28 250 41
29 721 26
30 441 41
31 912 26
32 633 41
33 483 49
34 954 34
35 675 23
36 691 38
37 412 23
38 981 38
39 702 23
40 423 37
41 893 22
42 614 41
43 434 26
44 904 41
45 625 26
46 346 45
47 816 30
48 537 44
49 258 29
50 729 44
51 548 29
52 269 44
53 739 33
54 460 48
55 931 33
56 652 47
57 372 36
58 942 21
59 662 36
60 383 21
61 854 36
62 575 21
63 394 36
64 865 24
65 778 41
66 597 30
67 318 44
68 789 29
69 510 44
70 329 29
71 800 44
72 520 29
73 991 44
74 712 29
75 433 47
76 903 32
77 723 47
78 443 32
79 914 47
80 635 36
81 356 21
82 826 36
83 547 20
84 366 35
85 837 20
86 558 39
87 278 24
88 749 39
89 470 24
90 289 39
91 760 27
92 481 42
93 951 27
94 672 42
95 393 27
96 864 42
97 683 31
98 404 46
99 874 30
