100 174 3

0 131 139 146 134 161 148 156 163 171 198 225 232 109 136 163 191 218 245 122 149 156 183 211 238 115 142 169 196 203 231 108 135 162 189 216 243 120 128 175 202 229 106 133 140 167 195 241 249 126 153 180 207 234 111 119 146 173 200 227 104 131 159 166 193 220 247 124 151 179 206 210 217 244 121 129 156 183 210 107 134 161 188 196 223 100 127 174 201 228 105 132 159 167 194 241 118 145 172 199 
226 0 111 138 145 172 180 207 234 111 138 185 212 239 246 124 151 178 205 102 129 156 163 210 218 245 122 169 196 223 100 127 134 162 189 216 243 120 147 174 182 209 236 133 160 187 214 241 248 125 153 199 227 104 131 158 165 212 219 116 143 170 198 225 102 129 136 163 191 218 245 122 149 176 203 100 107 115 142 169 196 223 100 127 154 162 189 216 243 120 147 194 221 229 126 133 160 187 214 241 
118 126 0 160 187 195 222 119 146 173 200 227 104 112 139 186 213 240 117 144 171 198 206 102 130 157 184 211 238 115 142 189 196 224 101 128 155 182 209 106 113 140 167 195 222 249 126 173 180 227 234 111 139 166 193 240 117 144 151 178 205 233 110 137 164 191 198 225 103 130 157 204 231 108 115 142 169 197 224 120 148 175 202 229 236 113 140 187 214 242 119 146 153 180 207 234 112 139 166 193 
220 247 124 0 178 205 233 110 164 191 199 226 103 130 157 184 212 219 246 143 170 197 224 101 128 155 163 190 217 244 121 148 175 203 230 107 134 161 188 215 242 119 147 193 201 228 105 132 159 186 213 110 118 145 172 199 226 103 130 177 184 231 239 116 143 170 197 244 121 148 156 183 210 237 114 161 188 215 222 100 127 154 181 228 105 132 159 186 193 221 248 125 152 179 206 233 110 118 145 192 
219 246 123 150 0 204 231 128 136 163 190 217 244 121 148 195 202 249 107 134 161 188 215 242 100 127 154 181 208 235 112 159 186 213 221 248 125 152 179 206 233 110 138 145 172 199 226 123 150 177 204 212 239 116 143 190 217 244 121 129 175 183 210 107 134 161 188 215 242 100 127 174 201 228 105 132 159 167 213 240 118 145 172 199 226 103 130 157 184 212 239 116 143 170 197 244 101 128 155 183 
210 237 114 161 188 0 242 249 127 154 181 228 105 132 159 186 193 221 248 125 152 179 206 233 241 118 145 192 219 246 123 150 157 184 212 108 136 163 190 217 244 121 128 175 202 230 107 134 161 188 195 242 119 146 173 201 208 235 112 159 166 193 221 248 125 152 179 186 233 241 118 145 172 199 226 123 150 157 185 212 239 116 143 202 210 197 205 232 109 136 163 210 237 114 122 149 176 203 230 127 
154 181 208 235 112 120 0 194 221 248 125 152 179 187 214 111 138 165 192 219 246 123 150 177 204 232 109 136 163 190 217 114 141 148 176 203 230 107 134 181 208 215 242 120 147 174 201 228 105 112 140 167 194 221 248 145 172 179 226 233 111 138 165 212 239 116 143 150 177 205 232 129 156 183 210 217 114 121 149 176 203 230 107 134 141 169 196 242 100 127 154 181 208 235 243 140 147 174 201 228 
105 133 160 206 234 111 118 0 172 199 226 104 111 138 165 192 200 227 104 151 178 205 232 109 117 144 171 218 245 122 149 176 203 230 238 134 162 189 216 243 120 147 154 221 228 105 133 160 187 214 241 138 145 172 199 227 104 131 158 205 232 239 116 143 171 198 225 122 149 176 183 210 237 114 142 169 196 223 230 107 134 162 189 236 113 140 147 194 201 228 106 152 180 207 234 111 118 145 172 219 
246 123 151 178 205 232 109 116 0 171 198 225 102 129 136 203 210 237 115 142 196 204 231 108 135 162 189 216 243 121 128 175 202 229 106 133 160 187 195 222 249 126 153 180 207 235 112 158 166 193 220 247 124 151 179 225 233 110 137 164 191 218 245 142 150 196 204 231 108 135 162 209 236 113 121 148 175 202 229 126 153 180 187 215 242 119 146 193 220 247 124 151 159 186 213 110 137 164 191 218 
245 122 130 157 184 211 238 115 142 0 177 224 101 128 155 182 209 236 113 140 168 195 222 249 126 153 180 227 104 112 139 166 193 220 247 124 132 178 186 213 240 117 144 191 218 245 103 130 157 184 211 238 115 142 169 177 204 231 108 155 182 209 236 244 121 148 175 222 249 126 153 180 207 215 242 139 166 193 220 247 124 132 159 206 233 110 137 164 191 218 226 122 150 177 204 231 108 135 162 209 
236 243 121 148 175 202 229 126 153 160 0 215 242 119 146 193 220 247 124 131 159 186 213 110 137 164 191 198 225 102 130 157 184 211 238 115 122 150 177 224 101 128 155 182 189 236 244 140 167 195 222 249 126 153 160 207 234 111 139 166 193 220 227 124 151 178 205 233 240 117 144 191 198 225 103 130 157 184 211 238 245 123 150 177 204 231 108 155 182 189 217 244 121 148 175 108 135 162 190 217 
244 121 128 175 202 229 106 134 161 188 195 0 119 146 173 200 227 105 132 179 206 213 240 117 144 171 199 245 123 130 157 184 211 238 115 162 189 197 224 101 128 155 182 229 106 133 160 168 195 222 249 146 173 200 227 235 112 139 166 193 220 247 124 152 159 186 213 110 137 164 191 218 226 123 130 177 204 231 108 135 162 189 197 244 121 148 175 202 229 106 114 141 168 195 222 249 126 153 181 227 
104 112 139 166 193 220 247 124 152 179 186 213 0 117 144 191 218 246 103 150 157 184 211 238 246 123 150 177 204 212 239 136 163 190 217 244 121 128 175 202 230 107 134 161 188 215 242 139 146 174 201 228 105 132 159 206 213 240 117 145 172 199 226 123 130 157 184 211 239 116 143 190 217 244 101 128 155 182 210 106 134 161 168 195 222 249 126 154 181 208 235 242 119 146 174 220 248 125 152 159 
206 233 240 137 164 191 219 246 123 150 157 204 231 0 135 163 190 217 244 121 128 155 183 210 237 114 141 188 195 222 249 127 134 141 168 195 223 100 127 154 181 188 216 112 139 167 194 221 248 105 132 159 187 214 241 118 145 172 179 226 103 131 158 185 212 239 246 143 170 197 225 102 129 156 183 210 237 114 141 168 196 223 100 147 174 181 208 235 112 140 167 213 241 248 125 152 179 206 233 130 
157 185 212 239 246 123 150 197 224 101 129 156 183 190 0 244 121 149 176 203 230 237 114 161 188 215 242 120 147 174 201 228 105 132 159 186 214 241 118 165 172 199 226 103 130 158 185 192 239 246 123 150 178 205 232 129 156 163 190 217 244 121 149 176 203 230 237 114 142 169 196 243 120 147 154 181 208 235 113 159 187 214 241 118 125 152 179 226 103 130 158 185 192 219 246 143 170 197 224 102 
129 156 183 230 237 114 141 168 196 223 100 147 154 181 208 0 112 139 167 213 221 248 125 152 179 206 233 130 157 184 192 219 246 123 150 197 224 101 109 136 163 190 217 244 121 148 176 183 210 237 114 161 188 215 242 100 147 154 181 228 105 132 159 186 213 221 248 145 172 199 226 103 130 138 185 212 239 116 143 170 177 205 212 109 136 163 190 217 244 121 149 156 183 210 237 114 141 169 176 223 
120 127 174 181 208 235 113 249 237 114 141 168 195 222 249 146 0 200 208 235 112 139 166 213 240 117 125 152 179 206 233 130 157 184 192 238 246 123 150 197 224 101 128 155 163 190 217 114 141 168 195 222 229 126 134 181 208 235 112 139 166 193 201 247 124 152 179 206 233 110 117 164 191 218 246 123 150 177 204 231 108 135 162 190 217 244 121 168 195 202 229 106 133 161 188 235 112 119 146 173 
220 227 105 151 179 206 233 110 137 144 171 218 226 103 130 157 184 0 238 135 142 170 197 224 101 128 155 202 209 236 114 141 168 195 222 119 126 153 180 188 215 242 119 166 193 220 247 124 132 159 186 233 110 137 164 191 199 226 103 150 177 204 231 108 135 162 170 216 244 121 148 175 202 229 237 153 160 188 215 242 119 146 153 220 227 104 132 159 186 213 240 137 164 171 198 225 103 130 157 204 
231 108 135 142 169 197 224 121 148 175 202 229 106 113 141 187 214 242 0 146 173 180 207 104 131 158 186 213 240 247 144 171 198 225 102 129 157 184 211 108 115 142 169 196 204 211 238 135 162 189 216 243 101 128 155 202 229 106 133 160 187 195 222 119 146 173 200 227 104 112 139 186 213 240 117 144 171 198 206 122 130 157 184 211 238 115 142 189 196 224 101 128 155 182 209 106 113 140 167 195 
222 249 126 173 200 227 104 111 139 166 193 240 117 144 171 178 225 233 110 0 184 211 238 115 142 149 176 223 100 128 155 182 209 216 243 140 167 194 221 249 126 153 180 207 234 111 138 165 193 220 247 144 151 178 205 232 109 137 164 210 218 245 122 149 176 203 230 127 154 182 189 216 243 120 147 194 221 248 106 133 160 187 214 111 138 165 173 219 227 104 131 178 205 232 109 136 144 171 198 245 
122 149 176 203 230 107 134 162 189 216 243 120 147 174 201 248 125 133 160 187 0 241 118 165 192 200 227 104 131 158 185 232 109 116 163 171 198 225 102 149 176 203 230 237 115 142 169 216 243 120 147 154 181 209 236 132 160 187 214 241 118 125 152 199 226 104 131 158 185 192 219 116 143 170 197 225 102 129 156 183 210 237 114 141 169 196 223 120 127 154 181 208 216 243 120 147 194 201 228 105 
133 160 187 234 111 138 145 172 199 226 104 150 178 205 232 109 116 143 170 206 214 0 118 145 172 179 206 103 130 158 185 212 239 246 123 170 197 224 102 129 156 183 210 107 114 141 168 195 223 100 127 174 181 208 235 112 139 167 194 240 248 125 152 179 206 233 110 157 184 212 219 246 123 150 177 224 101 128 136 163 190 217 244 121 148 176 183 210 237 114 141 188 215 242 119 127 154 181 208 105 
132 159 186 213 241 118 125 172 199 226 103 130 157 185 212 239 246 123 150 177 205 232 0 156 163 190 197 225 102 129 156 183 210 237 114 122 149 176 203 100 127 154 181 189 216 243 120 147 154 181 209 236 113 140 147 194 221 248 125 153 180 207 214 111 138 165 192 219 246 124 151 178 205 232 109 136 163 190 218 114 141 149 176 203 230 107 134 181 208 216 243 120 147 174 201 248 125 133 179 187 
214 241 118 165 192 219 246 123 131 158 185 212 239 116 143 170 198 205 232 129 156 183 210 0 114 142 169 196 223 100 127 154 181 208 236 132 140 167 194 221 248 125 152 160 207 214 241 118 145 172 199 246 123 131 158 185 192 200 227 104 131 158 185 212 220 117 124 171 198 225 102 129 156 183 191 218 245 122 149 176 204 231 238 135 162 189 216 243 120 147 155 221 229 106 133 160 187 214 241 138 
165 173 220 227 104 131 158 205 232 109 136 144 171 198 225 122 149 176 203 211 238 115 142 189 0 243 120 147 174 182 209 106 133 160 187 214 241 249 126 153 180 207 234 111 138 165 173 220 247 124 151 178 205 232 240 137 164 191 218 245 122 149 176 203 100 108 135 162 189 216 243 120 128 155 182 209 236 113 140 187 214 241 249 126 153 180 207 234 111 138 146 173 200 227 104 151 178 205 213 240 
117 164 171 218 245 122 149 176 203 231 238 135 162 189 216 243 120 147 155 202 229 106 133 160 187 0 241 118 146 173 200 227 104 131 158 205 232 240 117 144 171 198 225 122 149 156 184 211 238 115 142 189 216 223 120 127 155 182 209 106 133 160 187 194 221 249 126 153 180 207 234 111 119 146 173 220 247 124 151 178 185 213 240 136 164 191 218 245 122 129 156 203 230 108 135 162 189 216 223 120 
147 174 201 229 236 113 140 187 214 222 249 126 153 180 207 234 111 138 146 173 200 227 104 151 178 205 0 240 117 144 171 191 218 245 122 130 157 184 211 108 135 162 189 216 243 101 128 175 202 229 106 133 160 168 195 242 119 146 173 200 227 235 131 158 186 213 240 117 144 171 198 245 102 130 157 184 211 238 115 162 169 196 224 101 128 155 182 229 236 113 140 167 195 222 249 126 153 160 188 215 
242 119 146 193 220 247 124 151 159 186 213 110 137 164 191 218 225 122 130 176 204 231 108 135 162 189 196 0 101 128 155 182 209 236 113 140 148 175 202 229 106 133 160 207 234 112 119 146 173 200 227 124 151 178 186 213 240 117 144 171 179 206 233 110 137 144 172 218 246 123 150 177 204 211 238 135 162 189 217 244 121 128 175 202 229 106 133 161 188 215 242 139 146 173 200 227 105 132 159 206 
233 110 117 144 171 198 226 122 150 177 204 231 238 115 142 189 216 243 121 148 155 182 209 236 114 141 168 195 0 229 106 153 180 207 235 112 139 146 173 220 247 124 151 179 206 233 240 157 164 191 218 245 122 150 177 184 211 238 115 143 170 197 224 121 128 155 182 209 217 224 101 148 175 202 229 106 134 141 168 215 242 119 146 173 200 208 235 112 139 166 193 220 248 105 132 179 206 233 110 137 
164 192 219 115 123 150 177 204 231 108 135 182 209 237 244 121 148 175 202 249 126 153 161 188 215 242 119 166 193 0 247 124 132 159 186 233 110 137 164 191 199 226 103 150 177 204 231 108 116 162 170 197 224 101 128 155 182 190 237 114 141 168 195 222 249 126 153 200 208 235 112 139 166 193 220 117 125 152 179 206 233 110 137 164 191 199 226 103 130 157 184 231 108 116 143 170 197 224 101 148 
175 202 229 106 114 141 168 215 242 119 146 173 181 208 235 132 159 186 213 240 117 144 152 199 226 103 130 157 184 211 0 115 143 170 197 224 101 128 135 182 209 236 114 141 168 195 222 249 146 153 180 208 235 112 139 186 213 220 247 124 152 179 206 103 130 137 184 191 218 245 123 169 197 224 101 108 135 162 189 217 244 121 148 175 182 209 237 133 161 188 215 242 249 126 153 200 227 104 132 159 
186 213 240 117 144 171 198 226 103 130 157 204 231 238 115 142 150 177 204 101 128 135 162 190 217 244 121 168 195 202 229 0 133 161 188 235 112 119 166 173 200 227 105 132 140 167 194 221 248 125 152 180 207 234 111 138 165 192 219 246 143 151 178 205 232 109 136 183 210 218 245 122 149 176 203 100 127 134 181 189 216 243 120 167 194 221 248 105 133 160 187 234 111 138 165 172 199 226 104 150 
178 205 232 109 136 163 170 198 225 102 129 156 183 210 237 134 142 169 196 223 100 127 154 201 208 235 113 140 167 194 221 118 0 152 179 207 234 111 138 165 192 199 227 104 131 158 185 232 239 116 143 151 198 205 232 109 136 163 191 218 225 122 129 176 203 230 107 135 162 189 196 223 231 108 135 162 189 216 243 140 147 175 202 229 106 133 160 207 214 111 119 146 173 200 227 124 151 178 185 212 
240 117 144 191 218 245 122 129 176 184 211 107 135 162 189 216 243 100 127 174 201 229 106 133 160 167 214 241 118 145 173 200 227 0 131 138 165 193 220 247 124 151 178 205 232 109 136 164 191 218 245 142 169 176 203 230 108 135 162 209 236 243 120 147 174 202 229 106 133 160 167 194 222 249 126 173 200 227 234 131 119 146 153 180 207 234 112 139 166 193 220 117 124 151 178 206 233 110 137 144 
191 218 226 103 130 157 184 231 108 135 142 170 197 224 101 148 175 202 209 106 113 141 168 215 242 119 146 173 180 207 235 131 158 186 0 240 247 144 151 198 225 102 130 157 184 211 218 115 142 169 196 224 101 128 135 182 209 236 113 140 167 195 222 249 106 133 160 187 215 242 119 166 173 200 227 104 131 159 186 232 240 137 144 171 198 225 103 149 176 204 211 238 115 142 169 196 224 101 128 135 
162 189 216 113 140 168 195 222 249 126 133 160 188 215 242 119 146 173 200 227 104 132 159 186 213 240 117 164 171 198 225 103 130 157 184 0 238 115 142 169 197 224 101 148 155 202 209 236 113 141 168 214 242 119 126 153 180 207 234 131 158 186 193 220 247 124 151 198 225 102 129 157 164 191 218 115 142 169 196 223 231 108 135 182 209 236 113 140 148 195 202 229 106 133 160 187 215 222 249 146 
173 200 227 104 131 158 186 232 110 117 144 171 198 225 102 149 176 184 211 238 115 142 169 216 243 120 147 155 162 189 216 113 140 167 175 222 0 106 133 160 187 215 242 249 146 153 180 227 104 131 159 186 213 220 247 136 144 171 198 225 102 110 137 183 211 238 115 142 169 176 223 100 127 155 182 209 236 113 140 167 194 221 249 126 153 180 207 104 131 138 165 192 220 247 124 171 198 205 232 109 
136 164 191 237 115 142 169 196 203 230 107 154 181 209 236 113 120 167 174 201 229 106 133 160 187 194 241 118 145 173 200 227 104 131 158 205 212 0 116 144 171 198 225 122 129 156 183 210 238 115 142 169 196 203 230 108 135 162 189 236 243 120 147 155 182 209 236 113 140 167 194 202 229 106 133 180 207 234 111 119 146 173 200 227 234 112 139 166 193 220 227 124 151 178 206 233 110 137 144 211 
238 245 122 150 177 204 231 128 155 182 209 216 243 121 148 195 222 249 126 133 160 187 215 111 138 166 193 200 247 104 131 178 205 232 110 137 164 171 0 245 122 149 176 204 231 238 135 142 169 196 224 101 128 155 162 209 236 113 140 167 195 222 249 126 153 180 207 234 111 139 166 213 240 247 124 151 178 205 233 110 137 144 171 198 225 103 130 176 204 211 238 115 123 150 157 184 211 238 115 143 
170 197 224 101 128 155 182 209 237 114 141 168 175 202 229 107 134 161 188 235 112 139 146 173 201 228 105 152 179 206 213 240 117 144 172 218 246 123 130 0 184 211 238 135 162 189 217 244 101 128 155 202 229 106 133 161 168 215 222 119 146 173 200 227 105 132 139 186 213 240 117 144 171 198 206 233 110 137 164 191 218 246 123 170 177 204 231 108 135 162 190 236 244 121 148 175 202 229 106 153 
180 207 235 242 119 146 173 200 227 105 132 159 166 193 220 117 144 171 199 226 233 110 137 164 191 219 246 123 150 157 184 231 108 135 163 190 217 224 101 148 0 202 229 106 134 161 168 235 242 119 146 173 200 228 105 152 159 186 213 240 117 144 172 218 226 103 130 157 184 211 238 135 162 189 197 224 101 128 155 202 229 106 114 141 168 195 222 119 146 173 200 227 235 112 139 186 213 240 117 144 
171 179 206 233 110 137 164 191 218 246 103 150 177 204 231 108 135 162 189 217 244 121 148 175 202 229 106 153 180 188 215 242 119 146 173 220 247 105 132 159 166 0 220 117 144 171 179 206 233 110 137 164 191 219 226 103 130 157 184 231 108 135 143 170 197 224 101 106 133 121 148 175 202 229 106 153 160 207 214 242 119 146 173 220 247 124 131 158 186 213 240 137 164 191 198 225 102 130 157 203 
231 108 135 162 189 196 223 120 147 175 202 229 106 113 160 187 214 241 118 146 173 200 227 104 131 158 185 212 240 117 144 151 178 205 232 110 137 164 191 238 115 122 0 176 204 231 108 155 182 189 216 243 120 147 175 221 249 106 153 160 187 214 241 119 146 173 180 227 234 111 139 185 193 220 247 124 151 178 186 213 240 117 144 171 198 225 103 130 157 184 211 238 115 142 169 177 204 211 238 115 
143 170 197 244 121 148 155 202 209 237 114 161 188 215 242 119 126 153 181 227 104 132 159 186 193 240 247 144 171 198 226 103 130 157 164 211 238 115 142 169 197 224 231 0 155 182 209 236 113 141 168 215 222 249 126 153 180 207 235 112 119 146 173 200 227 105 132 144 191 198 225 102 129 156 183 230 107 115 142 169 196 223 100 147 174 182 228 236 113 140 167 214 241 118 145 153 180 207 234 131 
158 185 212 239 247 104 131 158 185 193 220 247 124 151 178 225 102 129 156 164 191 218 245 142 169 196 223 231 108 135 162 209 236 113 140 147 175 202 229 126 153 180 207 234 0 119 146 192 220 247 124 151 178 185 213 109 136 164 191 218 245 122 129 176 203 230 108 135 162 189 216 113 120 147 174 201 229 106 133 180 187 214 241 118 145 173 200 227 234 111 138 165 193 220 247 144 171 178 205 232 
109 137 164 210 238 115 142 169 176 203 230 127 154 182 209 236 113 140 147 194 221 248 126 153 180 207 214 111 138 165 192 219 247 124 131 178 205 232 109 136 163 191 218 245 142 0 176 203 230 107 134 181 208 216 243 120 147 174 201 248 125 133 160 187 214 241 118 165 192 219 246 104 131 158 185 232 109 136 163 171 198 225 102 149 176 203 230 107 134 142 169 216 243 120 147 174 201 209 236 132 
160 187 214 241 118 145 172 219 226 123 131 158 185 212 239 116 124 151 178 205 232 109 136 183 210 237 245 122 149 176 203 100 127 154 161 189 216 243 120 167 194 221 228 125 133 160 0 234 111 138 165 192 199 207 234 131 158 185 212 239 116 124 151 198 225 102 129 156 183 190 218 114 142 169 196 223 100 127 154 226 182 209 236 113 141 168 175 222 249 126 153 180 207 234 112 158 166 193 220 247 
124 151 178 225 102 110 157 164 191 218 245 142 169 196 223 231 108 135 162 209 236 113 140 148 175 202 229 126 153 180 207 234 111 119 146 193 220 247 124 151 178 186 213 240 117 144 171 0 225 102 110 157 184 211 238 115 142 169 177 224 101 128 155 182 209 236 113 140 187 195 222 249 126 153 180 207 181 200 239 128 167 206 245 154 212 101 140 179 199 238 127 166 205 244 132 171 210 249 138 197 
236 125 164 203 242 131 170 209 248 137 176 215 104 143 162 241 130 149 188 227 116 155 194 103 142 181 220 109 148 187 226 134 154 193 232 121 160 199 238 146 185 224 113 152 191 230 119 158 0 236 125 164 203 242 131 190 229 118 157 196 235 124 163 202 241 150 189 208 247 136 175 214 103 142 181 220 109 148 187 245 115 154 193 232 121 160 199 107 146 185 224 113 152 191 230 119 178 217 106 145 
184 223 112 171 210 249 138 177 216 105 124 183 222 111 150 189 228 117 156 195 234 123 162 201 240 129 168 226 115 154 193 232 121 160 180 218 107 146 185 224 113 152 191 100 139 178 217 106 145 0 223 112 151 190 229 118 157 196 235 144 183 222 111 150 189 228 117 156 195 234 123 162 201 240 129 187 226 115 154 193 232 121 160 219 108 127 166 205 244 133 172 231 120 159 198 237 126 165 184 223 
132 171 210 249 138 177 216 125 164 203 242 131 170 189 228 137 176 215 103 142 181 220 109 168 207 246 135 174 193 232 121 180 219 108 147 186 225 114 153 212 101 140 179 218 237 126 165 224 113 152 0 230 119 158 197 105 144 183 222 242 131 170 209 117 156 195 234 123 162 201 240 149 188 227 116 155 194 233 122 161 200 239 128 167 206 245 134 193 232 121 160 199 238 127 146 205 244 133 172 211 
119 158 197 236 145 184 223 242 131 170 209 118 157 196 235 124 163 202 241 150 189 228 247 136 175 214 103 142 181 220 109 148 187 226 115 173 212 101 140 179 199 238 127 185 224 113 152 191 230 119 158 0 106 145 184 203 242 131 170 229 118 157 196 235 124 163 202 111 150 189 208 247 136 175 214 123 162 201 240 129 168 207 246 154 193 212 101 140 179 218 107 246 135 174 213 102 141 180 219 128 
167 206 245 134 173 212 101 160 199 238 127 166 185 224 113 172 211 100 139 178 217 106 145 203 242 131 170 190 229 118 176 215 104 143 182 221 110 149 188 247 136 175 214 103 142 181 220 109 148 187 226 115 0 193 232 121 160 199 238 127 146 205 244 133 172 211 100 139 178 217 106 164 203 242 131 170 209 248 137 176 215 104 143 182 221 110 149 188 227 116 155 194 233 122 161 200 109 148 187 226 
115 154 193 232 121 160 199 238 127 166 205 114 153 192 231 100 139 178 217 106 145 184 223 112 151 190 229 137 176 215 104 143 163 202 241 149 188 227 116 155 194 233 122 181 220 109 148 167 206 245 134 193 232 0 160 199 238 127 166 225 114 153 192 211 100 139 178 237 126 165 204 243 132 171 210 118 157 196 235 124 163 202 221 110 149 188 227 116 155 194 233 142 181 220 109 128 167 206 115 154 
213 102 141 180 219 108 147 205 225 114 153 192 231 120 159 198 237 126 165 204 243 132 171 229 118 157 177 216 105 163 202 241 130 169 208 227 116 155 194 103 142 181 220 109 148 187 226 115 154 193 232 121 140 179 0 127 166 205 244 133 172 211 100 159 198 237 126 145 184 223 112 171 210 249 138 177 216 105 144 202 241 130 169 189 228 117 156 214 103 142 181 220 109 148 187 246 135 174 193 232 
141 180 219 128 167 206 245 134 173 212 101 140 179 198 237 126 165 204 243 151 190 229 118 157 196 235 105 183 222 241 130 169 208 247 136 195 234 123 162 201 240 129 168 207 246 135 154 193 232 121 160 219 108 147 186 0 114 153 192 211 120 159 198 237 106 145 184 243 132 171 210 249 138 177 216 124 163 202 241 111 150 189 228 136 175 214 103 142 181 220 109 168 207 246 115 154 193 232 121 180 
239 128 167 206 245 114 153 212 101 140 179 218 107 146 185 243 132 171 210 249 119 158 197 105 144 183 222 111 150 189 228 137 176 215 104 143 182 221 110 149 168 207 246 135 174 213 102 161 200 239 128 167 206 225 134 173 0 101 140 179 218 107 146 204 243 132 171 210 249 138 177 216 105 144 183 222 111 150 189 248 137 176 215 104 143 182 221 110 129 168 207 246 135 174 213 122 161 200 239 128 
167 206 245 226 115 154 193 232 121 160 199 108 147 186 225 114 153 192 231 120 159 198 237 126 165 204 243 151 190 229 118 157 196 235 124 163 202 241 130 169 208 247 136 195 234 123 162 201 240 129 148 227 246 135 174 213 102 0 180 238 127 166 205 244 133 153 192 231 120 178 198 237 126 165 204 112 151 190 229 118 157 196 235 144 183 202 241 130 169 208 247 156 195 234 123 162 201 240 109 148 
207 246 135 174 213 102 141 200 239 128 166 205 244 133 172 211 100 139 178 217 106 145 165 223 112 151 190 229 118 157 196 235 124 163 202 222 111 169 208 247 136 175 214 103 142 181 220 129 168 207 246 135 174 213 102 141 180 219 0 147 186 225 114 173 212 101 140 179 218 106 126 184 223 112 151 190 229 118 157 216 105 144 183 222 111 130 169 248 117 156 195 234 123 162 201 240 129 168 207 246 
155 174 213 122 161 200 239 128 167 206 245 153 192 231 120 159 179 218 107 165 204 243 132 171 210 249 138 177 216 235 124 183 222 241 130 189 228 117 156 195 234 123 162 201 240 129 168 207 246 135 174 233 122 161 200 239 128 167 186 0 114 153 192 231 120 159 198 107 146 185 224 243 132 171 230 119 158 197 236 125 164 203 242 150 189 228 117 156 195 234 103 162 201 240 129 168 207 246 135 194 
233 122 161 200 239 128 167 226 115 154 193 231 120 159 198 107 146 185 224 243 132 171 210 249 138 177 216 105 144 183 222 131 150 189 228 117 156 195 234 143 182 221 110 149 188 227 116 175 214 103 142 161 200 239 128 167 206 245 134 173 0 101 140 199 238 107 146 185 244 113 152 191 230 119 158 197 236 125 164 222 111 150 170 209 248 137 176 234 123 162 201 240 129 168 207 116 155 174 213 122 
161 200 239 148 187 226 115 154 193 232 121 160 199 238 127 166 205 244 133 191 230 119 158 197 236 125 164 203 242 131 170 209 248 137 176 235 124 163 202 241 130 169 208 117 156 175 214 103 142 181 220 109 148 187 226 115 154 193 232 121 160 0 107 127 166 205 244 152 191 230 119 158 197 236 125 184 223 112 131 170 209 248 137 196 235 124 163 202 241 130 169 228 117 136 175 214 103 142 181 220 
129 168 207 246 135 174 193 102 141 180 219 107 146 185 224 241 130 169 208 247 136 175 214 103 142 201 220 109 148 187 226 135 174 213 102 141 180 219 108 166 205 224 113 152 191 230 119 178 217 106 145 184 223 112 131 210 229 118 157 196 235 124 0 222 111 150 189 228 117 156 195 103 123 162 201 240 129 168 207 115 154 193 232 121 160 199 238 127 166 205 244 133 172 211 100 159 198 237 126 165 
224 113 132 191 230 119 158 197 236 125 164 203 242 131 170 189 228 117 156 215 123 162 201 240 129 168 187 226 115 154 193 232 121 160 199 108 147 186 225 114 153 192 231 120 139 178 217 106 145 184 223 132 171 210 249 138 177 196 235 144 183 222 111 0 189 228 117 176 215 104 143 182 221 110 149 188 227 116 155 194 233 122 160 219 108 147 186 225 114 153 192 231 120 159 198 237 126 165 204 113 
152 211 100 139 178 197 236 144 183 222 111 150 189 228 117 176 215 104 143 182 201 240 129 188 227 116 155 194 233 122 161 220 109 148 187 206 245 134 173 212 101 140 179 218 107 146 185 244 133 172 211 100 139 178 217 106 145 184 223 112 151 190 209 118 0 195 234 123 162 201 240 129 168 207 246 135 174 213 102 141 180 219 108 147 186 225 114 173 212 101 140 179 218 107 126 185 224 113 152 191 
100 139 178 217 106 145 184 223 112 151 190 248 137 176 215 104 143 182 221 130 169 208 247 116 155 194 233 142 181 220 109 148 187 226 115 174 213 102 121 160 199 238 127 186 225 114 153 192 230 119 158 217 106 125 164 203 242 131 170 229 118 157 196 235 124 0 202 241 130 169 208 227 116 155 194 103 142 181 220 109 148 187 226 115 154 193 232 121 140 179 218 127 166 205 244 133 172 211 100 159 
198 237 126 165 204 243 131 190 229 118 157 196 235 124 143 222 111 130 169 208 247 136 175 234 123 162 201 240 129 168 187 115 135 174 213 102 141 180 219 127 166 205 244 133 172 211 100 139 178 217 106 145 184 223 112 171 210 249 138 177 216 105 144 183 222 111 0 189 228 117 156 215 104 143 182 221 110 149 188 246 135 174 194 233 122 161 200 108 147 186 225 114 153 192 231 140 179 198 237 126 
185 224 113 172 211 100 139 178 197 236 125 164 203 242 131 170 209 248 137 195 234 123 162 201 240 129 149 205 244 133 172 211 100 139 178 236 125 164 203 242 131 170 209 248 137 176 215 104 143 182 221 130 169 208 247 136 175 214 233 162 181 220 109 148 187 226 115 0 212 101 140 179 218 238 127 185 224 113 152 191 230 119 158 217 106 145 184 223 112 151 190 229 118 137 176 215 104 143 182 241 
150 189 228 117 136 175 214 123 162 201 240 129 168 207 246 154 193 232 121 141 180 219 108 147 186 225 114 152 191 230 119 178 217 106 145 184 223 112 151 190 229 118 157 196 235 104 143 202 241 130 169 208 247 136 175 214 103 142 181 220 109 148 187 226 115 154 193 232 0 160 199 108 147 186 225 114 153 192 211 120 159 198 237 126 165 203 242 151 190 229 118 157 196 215 104 163 202 241 130 169 
228 117 156 215 104 143 162 201 240 129 168 226 115 154 193 232 121 160 199 238 127 166 205 244 114 153 192 100 139 178 217 106 145 184 223 132 171 210 249 118 157 196 235 144 183 222 111 150 189 228 117 156 195 234 123 162 201 220 109 168 207 246 135 174 213 102 141 180 219 0 147 186 225 114 153 211 100 139 178 217 106 126 165 204 243 132 171 210 249 138 177 235 124 163 202 241 130 169 189 247 
156 195 234 123 162 201 240 129 168 207 246 135 174 213 102 161 200 239 128 167 206 245 134 192 231 120 159 178 217 106 145 204 243 132 171 210 249 138 177 236 125 164 183 222 111 150 189 228 117 156 195 234 123 162 201 110 149 188 227 246 135 174 213 122 161 200 239 128 167 206 0 153 192 231 120 140 179 218 107 146 185 224 113 152 191 229 118 177 216 105 144 183 202 241 130 169 208 247 136 175 
234 103 162 201 240 129 168 207 246 135 174 233 122 161 200 239 128 167 206 245 134 173 212 101 140 179 218 126 165 204 243 132 171 210 249 138 177 216 105 144 183 222 111 170 209 248 137 176 215 104 143 202 241 110 149 188 227 116 155 214 103 142 181 220 109 148 167 245 114 153 192 0 120 159 198 237 126 165 204 243 132 171 210 119 158 197 216 105 144 183 222 131 170 209 248 137 176 215 104 163 
202 241 130 169 208 247 136 194 233 122 161 200 220 109 148 206 245 134 173 212 101 140 179 218 107 146 185 224 113 152 171 230 119 158 197 236 125 164 203 240 129 168 207 246 135 174 213 102 141 180 219 108 146 185 224 133 172 211 100 139 178 217 236 145 184 223 112 151 190 229 118 177 0 105 144 183 222 111 130 189 228 117 156 195 234 123 162 220 109 148 187 226 115 135 174 232 121 160 199 238 
147 186 225 114 133 192 231 120 139 178 217 126 165 204 243 132 171 210 249 158 197 236 125 164 183 222 111 170 209 248 137 176 215 104 143 181 220 109 148 187 226 246 135 193 102 141 180 219 238 127 166 205 244 133 172 211 100 139 178 237 126 165 204 243 132 151 190 229 118 157 196 235 124 0 202 111 150 189 208 117 156 195 234 123 162 201 240 129 168 207 246 155 194 233 121 160 199 238 108 166 
225 114 153 192 231 120 159 198 237 126 165 204 243 132 171 230 119 158 197 236 125 164 203 111 150 189 209 248 137 176 215 104 143 182 221 110 149 188 227 116 155 194 102 141 161 200 239 147 186 225 114 153 192 231 120 179 218 107 146 165 204 243 132 171 210 249 138 177 216 105 144 203 222 131 0 209 248 137 176 215 104 123 162 201 240 129 168 227 116 155 194 233 122 161 200 239 128 167 186 225 
134 173 212 120 159 198 237 126 165 185 243 132 171 210 249 138 177 216 105 164 203 242 131 170 209 248 137 176 215 104 143 182 221 110 149 207 246 135 174 213 102 141 180 219 108 147 186 225 114 153 192 101 140 179 218 107 146 185 224 243 132 171 210 249 138 177 216 125 164 203 242 131 170 209 248 0 176 215 104 143 182 221 110 169 208 247 136 175 214 103 142 181 200 239 128 167 206 245 134 192 
101 140 179 198 107 146 185 224 243 132 171 210 249 138 177 236 125 164 203 242 131 150 189 248 137 176 215 104 143 182 221 130 169 208 247 136 175 214 103 142 181 220 109 148 187 226 115 173 212 101 140 179 218 107 146 185 224 113 152 191 230 119 158 217 106 145 184 223 112 151 190 229 118 157 196 235 0 163 202 110 149 188 227 116 155 194 214 103 142 181 220 109 148 187 226 134 173 212 101 140 
199 218 107 166 205 244 133 172 211 100 139 198 237 126 165 204 243 112 151 210 249 138 177 216 105 144 183 241 130 169 208 247 117 156 195 233 122 161 200 239 128 167 206 115 154 193 232 121 160 199 218 212 120 140 179 218 107 146 185 243 132 171 210 249 138 177 216 125 164 183 222 111 150 189 228 137 176 0 104 143 182 221 110 169 188 227 116 155 194 233 122 180 219 108 147 186 225 114 153 192 
101 140 179 218 107 146 185 244 133 172 211 100 139 178 197 236 125 164 203 242 131 170 209 118 157 196 235 124 143 182 221 130 169 208 247 136 175 214 103 161 200 239 128 167 206 245 134 153 192 231 120 159 198 237 126 185 224 113 152 191 230 119 158 197 236 125 164 203 242 111 150 209 248 137 176 215 104 143 0 221 110 149 188 227 116 155 194 103 142 161 200 239 128 167 206 115 154 193 232 121 
160 199 238 146 185 224 113 152 191 230 119 178 217 106 145 164 203 242 131 190 229 118 157 196 235 124 163 221 110 149 169 208 247 136 175 233 122 161 200 239 128 167 206 245 134 173 212 101 121 160 199 107 146 185 224 113 152 191 230 139 178 217 106 125 164 203 242 151 190 229 118 157 196 235 124 163 202 241 130 0 208 227 116 175 214 103 142 181 220 109 167 187 226 115 154 193 232 121 160 218 
127 166 185 224 113 152 191 230 119 158 197 236 125 164 203 112 151 190 229 118 137 176 215 124 163 202 241 130 169 208 247 156 195 234 123 142 181 220 109 168 207 246 135 174 212 101 140 199 238 127 146 185 224 113 152 211 100 139 178 217 106 145 184 243 132 171 190 229 118 157 196 235 124 163 202 241 130 169 208 117 0 195 234 103 142 181 220 129 168 207 246 135 174 213 102 160 199 238 127 147 
205 244 133 172 211 100 139 178 217 106 145 204 243 132 151 190 229 118 157 196 235 124 163 202 241 130 169 208 247 136 175 214 103 142 181 240 129 168 207 246 135 174 213 121 160 199 238 108 147 186 225 133 172 211 100 139 178 217 106 165 204 243 112 151 190 229 118 177 216 105 144 183 222 111 150 209 248 117 156 195 234 0 162 221 110 149 187 226 115 154 193 102 121 160 199 238 127 166 205 244 
153 192 231 120 159 198 217 146 165 204 243 132 171 210 249 158 197 236 125 164 203 222 111 170 209 248 137 176 215 104 143 201 240 129 168 207 246 135 174 213 102 141 180 219 108 147 186 225 114 153 192 231 120 159 178 107 126 165 204 243 132 171 210 128 167 206 245 134 173 212 101 140 179 218 107 146 185 224 113 172 211 100 0 178 216 105 144 183 222 111 150 189 228 117 156 215 104 143 182 221 
130 169 188 247 136 175 214 103 142 181 220 128 167 206 245 134 173 193 232 140 179 218 107 146 185 224 113 152 191 230 119 158 197 236 106 164 203 242 131 170 209 248 137 196 235 124 163 202 241 130 149 208 247 136 175 214 103 142 181 220 109 148 187 226 115 154 193 232 140 179 218 107 146 185 205 244 133 172 211 100 139 178 217 0 164 203 242 131 170 209 248 137 176 215 104 143 182 221 110 169 
228 117 156 195 214 103 142 201 240 129 168 207 246 135 174 232 121 160 199 219 108 147 186 244 133 172 211 100 139 178 217 126 165 204 243 112 151 190 229 138 177 216 105 144 183 222 111 170 209 248 117 156 195 234 123 162 201 240 129 168 207 246 135 193 232 121 160 199 219 108 147 205 244 133 172 211 100 139 178 237 126 165 204 223 0 151 190 229 118 157 196 235 124 163 202 111 150 189 228 117 
156 215 234 123 162 201 110 129 168 207 246 154 193 232 121 160 199 238 127 186 225 114 133 172 211 100 139 198 237 126 165 204 243 132 171 230 119 138 177 216 105 144 183 242 131 170 209 248 137 176 215 123 162 182 221 110 149 188 227 135 174 213 102 141 180 219 108 167 186 225 114 153 192 231 120 179 218 107 146 185 224 113 152 191 230 0 138 177 216 105 144 203 242 131 170 209 248 137 176 234 
123 162 201 240 129 168 207 116 155 194 233 122 161 200 239 128 147 186 225 114 153 192 231 140 179 218 107 146 185 204 243 152 191 210 249 138 177 216 105 164 203 242 131 170 209 248 137 196 235 104 143 182 221 110 149 207 246 135 174 213 102 141 180 239 108 147 186 225 114 153 192 101 140 179 218 107 146 185 224 113 152 191 230 119 158 197 0 145 184 223 112 151 190 229 118 157 196 235 124 163 
221 110 149 208 247 136 175 214 103 142 161 200 239 128 167 206 245 134 173 232 121 160 199 218 107 166 205 244 133 172 211 100 139 178 217 125 164 203 242 131 170 209 248 137 176 215 104 143 182 221 110 169 208 247 136 175 214 103 122 161 200 239 128 167 206 245 134 193 232 121 160 199 238 127 166 138 177 216 105 144 183 222 111 169 208 228 117 0 195 234 123 181 220 109 148 187 226 115 154 213 
102 141 180 219 108 147 186 245 134 173 212 231 120 159 198 107 146 185 224 113 152 191 230 138 177 216 105 144 183 222 111 150 189 228 117 156 195 234 123 182 221 110 149 188 227 116 135 194 233 122 161 200 239 128 167 226 115 154 193 231 120 159 179 107 126 165 204 243 132 171 210 119 158 197 236 125 164 183 222 131 190 229 118 157 196 235 124 163 0 241 130 169 208 247 136 194 233 122 161 200 
239 128 167 226 115 154 193 232 121 160 199 108 127 166 225 114 133 172 211 120 159 198 237 126 165 204 243 151 190 229 118 138 177 216 105 163 202 241 130 169 208 247 136 195 234 123 162 181 220 109 148 207 246 135 174 213 102 141 180 239 128 167 186 225 114 153 192 100 139 178 217 106 145 184 223 132 171 190 229 118 157 196 235 144 183 222 111 150 189 0 117 176 215 104 143 182 221 240 129 188 
246 135 174 213 102 141 180 219 108 147 186 225 114 173 192 121 140 179 218 107 146 185 224 133 172 211 100 139 178 217 236 164 184 223 112 151 190 229 118 176 215 104 143 182 221 110 149 188 227 116 155 194 233 122 161 220 109 148 187 226 115 154 193 232 121 160 199 238 127 166 205 114 153 192 230 119 158 197 236 145 184 223 242 131 170 209 248 157 196 235 0 163 202 241 130 189 228 247 136 175 
234 123 162 220 109 148 187 226 246 135 174 232 121 160 199 238 127 166 205 114 153 192 231 100 139 178 217 126 165 204 243 132 171 210 249 158 197 236 125 144 183 222 131 170 209 248 137 176 215 104 143 201 240 129 168 207 246 135 154 213 102 141 180 219 108 147 186 245 134 173 212 101 140 159 198 107 146 185 224 113 152 191 230 138 177 216 105 144 183 203 242 0 189 228 117 156 195 234 123 182 
241 130 149 188 227 116 155 214 103 142 181 220 109 148 187 245 134 154 193 232 121 160 199 107 146 185 224 113 152 191 230 139 158 197 236 125 164 203 242 151 190 229 118 157 196 235 124 183 202 241 150 189 208 247 136 195 234 123 162 201 240 129 168 226 115 154 193 212 101 140 179 238 127 166 205 244 133 172 211 120 159 198 217 106 145 184 223 152 191 210 249 138 0 216 105 163 202 241 130 169 
208 117 156 195 234 123 162 201 240 129 168 227 116 155 194 233 122 161 200 239 128 167 206 245 134 173 212 120 159 198 237 126 165 204 243 132 171 210 249 138 177 216 105 164 203 242 131 170 209 248 117 196 215 104 143 182 221 110 149 208 247 136 175 214 103 122 161 220 109 148 187 226 114 153 192 101 140 179 218 107 146 185 224 113 152 191 230 119 158 197 236 145 184 0 112 151 190 229 118 176 
235 124 163 202 241 110 149 208 247 136 175 214 103 142 181 240 129 168 207 246 115 154 193 102 141 180 219 108 147 186 225 133 172 211 100 120 159 198 237 145 184 223 112 151 190 229 118 177 216 105 124 163 202 241 130 189 228 117 156 195 234 123 162 221 110 149 188 227 116 155 174 233 122 161 200 239 128 167 206 114 153 192 231 120 159 178 217 126 165 204 243 132 171 210 0 158 197 236 125 164 
203 242 131 189 228 117 156 195 234 123 162 221 110 149 168 207 246 135 174 233 122 161 200 239 128 167 206 115 154 193 232 121 160 199 238 127 166 205 244 133 172 211 100 158 197 236 125 164 203 242 131 170 209 248 137 176 215 104 143 202 241 130 169 208 247 136 175 234 123 162 181 220 109 148 187 246 135 174 213 102 141 180 219 127 166 186 224 113 152 191 230 139 178 217 106 0 184 223 112 171 
210 249 138 177 216 105 144 203 242 131 170 208 228 117 156 214 103 142 181 220 109 148 187 246 135 174 213 102 141 180 219 108 147 186 225 114 153 192 231 140 179 218 107 146 185 224 113 152 191 230 119 158 197 236 125 183 222 111 150 189 228 117 137 215 234 123 162 201 240 129 168 227 116 155 194 233 122 141 180 239 128 167 206 245 134 173 212 121 160 199 238 127 146 185 243 132 0 210 249 138 
197 236 125 184 223 242 131 170 209 248 137 196 235 124 163 202 241 130 169 227 116 136 175 214 103 142 181 239 128 167 206 245 134 173 212 121 160 199 238 127 146 185 224 133 172 211 100 139 178 217 106 165 204 243 132 171 190 229 118 177 216 105 144 183 222 111 150 208 247 136 175 195 234 123 162 220 109 148 187 226 115 154 193 102 141 180 199 238 127 166 205 114 153 192 231 120 159 0 237 146 
185 223 112 151 190 229 118 177 216 105 144 183 222 111 150 189 228 117 156 195 234 123 162 221 110 149 188 227 116 155 194 233 122 161 200 239 128 167 206 114 153 192 231 120 159 198 237 146 185 204 243 132 171 210 249 158 197 236 125 164 203 242 111 190 229 248 137 176 215 104 143 202 241 130 169 208 247 136 175 233 103 142 181 220 108 147 186 245 134 173 212 101 140 179 218 107 146 185 0 113 
172 211 100 159 198 237 126 165 203 242 131 190 229 118 157 196 235 104 143 202 241 130 169 208 247 136 175 234 123 162 201 240 109 148 187 246 135 174 213 102 141 180 219 127 166 205 244 114 153 192 231 139 178 217 106 145 184 223 112 171 210 249 138 177 216 105 144 183 222 111 150 189 228 117 156 215 104 143 182 221 110 149 168 227 116 155 194 233 122 161 200 108 147 186 225 114 153 192 211 0 

0 103 114 105 140 195 100 154 189 244 149 203 238 143 198 102 137 212 247 151 206 241 146 200 235 160 195 249 154 189 244 148 183 108 143 197 102 137 192 246 151 206 241 145 200 105 140 194 249 154 189 243 148 203 238 142 197 102 137 191 246 151 186 240 145 200 235 139 194 249 212 117 152 207 111 166 221 106 160 215 100 155 209 114 169 204 108 163 218 103 157 212 117 152 206 111 166 201 105 160 
242 0 225 169 181 125 219 143 237 182 126 220 144 238 183 107 201 145 220 164 108 182 127 221 145 239 183 108 202 146 221 165 109 183 127 222 146 240 184 109 203 147 221 166 110 204 128 222 166 241 185 129 204 148 242 166 110 205 129 223 167 242 186 130 204 149 223 167 111 186 130 224 148 243 187 131 225 149 244 188 112 206 150 225 169 113 187 132 226 150 244 188 113 207 151 226 170 114 188 132 
144 155 0 240 165 109 203 147 222 166 110 184 128 223 147 241 166 110 204 128 222 167 241 185 129 204 148 242 166 111 205 129 223 167 242 186 130 205 168 243 187 131 206 150 244 168 112 206 131 225 169 244 188 132 206 150 245 169 113 207 132 226 170 244 189 133 207 151 245 170 114 208 152 246 171 115 209 134 228 172 246 190 135 209 153 247 172 116 210 134 228 173 247 191 116 210 154 228 172 117 
238 163 107 0 133 208 152 246 170 115 209 133 227 171 246 190 134 208 153 247 171 115 209 134 228 172 247 191 135 209 153 228 172 116 210 154 229 173 117 192 136 230 154 248 193 145 219 144 238 182 106 201 145 219 163 107 182 126 220 144 239 183 107 201 145 220 164 108 202 146 221 165 109 184 128 222 146 240 185 109 203 147 222 166 110 184 129 223 147 241 185 110 204 148 222 167 111 185 129 223 
195 120 214 158 0 184 109 203 147 221 166 110 184 128 222 147 241 185 110 204 148 222 166 111 185 129 223 148 242 186 110 224 149 243 187 111 205 150 224 168 112 187 131 225 149 244 188 112 206 150 225 169 113 188 132 226 150 244 169 113 207 131 226 170 114 208 132 227 171 245 189 133 208 152 246 171 115 209 133 227 172 246 190 134 209 153 247 171 116 210 134 228 172 247 191 135 229 173 248 192 
144 238 182 107 201 0 227 171 246 190 134 208 153 247 171 115 209 134 228 172 247 191 135 209 153 248 172 136 210 154 249 173 117 211 136 230 174 248 192 137 211 155 249 174 118 212 136 231 175 249 193 137 212 156 100 175 119 213 137 231 176 120 194 138 232 157 101 195 119 214 158 232 176 120 195 139 233 158 102 196 120 214 238 162 106 200 125 219 163 237 181 126 220 164 238 182 127 201 145 239 
191 135 230 154 248 192 0 199 143 237 162 106 200 124 219 163 237 181 125 200 144 238 182 126 201 145 239 163 108 202 126 220 164 239 183 127 202 146 240 164 108 203 127 221 165 240 184 128 202 147 241 165 109 203 148 242 166 110 204 129 223 167 241 186 130 204 148 242 167 111 205 130 224 148 242 186 111 205 149 224 168 112 186 130 225 149 243 187 131 206 150 244 168 113 207 131 225 169 244 188 
160 234 178 122 197 141 235 0 112 186 130 224 149 243 187 111 206 150 224 168 112 207 131 225 169 244 188 132 206 150 245 169 113 207 132 226 170 244 189 133 207 151 245 170 114 208 133 227 171 245 189 134 228 152 246 190 135 209 153 247 172 116 210 134 228 173 247 191 135 210 154 248 172 117 211 135 229 173 248 192 136 211 155 249 193 117 212 156 230 174 118 193 137 231 155 100 194 118 212 156 
108 203 147 221 165 109 184 128 0 154 249 173 117 211 136 230 174 118 193 137 231 155 249 174 118 212 136 231 175 249 193 137 212 156 100 175 119 213 137 231 176 100 194 138 213 157 101 195 120 214 158 232 176 121 195 139 233 158 213 157 101 176 120 214 138 232 177 101 195 139 214 158 232 176 121 195 139 233 177 102 196 140 215 159 103 177 121 216 140 234 178 103 197 141 215 159 104 178 122 216 
188 112 207 151 225 169 113 188 132 0 178 122 216 161 235 179 123 198 142 236 160 105 199 123 217 161 236 180 124 198 143 237 161 105 199 124 218 162 237 181 125 199 143 238 182 106 200 144 219 163 107 182 126 220 144 238 183 107 201 145 220 164 108 182 127 221 145 239 183 108 202 146 220 165 109 203 147 221 166 110 184 128 222 147 241 185 110 204 148 222 166 111 185 129 223 148 242 186 110 205 
176 101 195 139 213 157 102 196 140 214 0 241 185 109 203 148 222 166 110 185 129 223 147 242 186 110 204 148 223 167 111 186 130 224 148 242 186 111 205 149 243 168 112 206 130 225 169 243 187 131 206 150 244 169 113 207 131 225 170 244 188 132 207 151 245 169 114 208 132 226 170 115 209 133 227 171 246 190 134 208 153 247 171 115 209 134 228 172 247 191 135 229 153 248 121 195 139 233 158 102 
204 148 242 186 130 205 149 243 168 112 206 0 213 157 101 175 119 214 138 232 176 101 195 139 233 157 102 196 120 214 158 233 177 121 196 140 234 178 102 197 141 215 159 103 178 122 216 141 235 179 103 197 142 216 160 104 179 123 217 141 235 180 104 198 142 217 161 105 199 124 218 162 236 180 125 199 143 237 162 106 200 124 219 163 237 181 125 200 144 238 163 107 201 125 219 163 238 182 126 220 
172 116 211 135 229 173 248 192 136 210 155 249 0 125 200 144 238 162 106 201 125 219 163 238 182 126 200 144 239 163 107 201 145 240 164 108 202 127 221 145 239 184 108 202 146 221 165 109 183 128 222 146 240 184 109 203 147 222 166 110 184 128 223 167 111 185 129 223 148 242 186 111 205 188 133 227 151 245 189 114 208 152 226 171 115 189 133 227 152 246 190 134 209 153 247 191 116 210 154 228 
200 144 219 163 107 181 125 220 144 238 182 107 201 0 227 152 246 190 114 208 153 247 171 115 209 134 228 172 116 191 135 229 153 248 192 116 210 135 229 173 247 192 136 210 154 248 173 117 211 135 230 174 248 192 136 211 155 249 174 118 212 156 230 175 119 193 137 231 156 227 132 226 150 244 189 113 207 151 226 170 244 188 132 207 151 245 170 114 208 132 226 171 115 209 133 227 172 246 190 134 
236 180 125 199 143 237 162 106 200 124 219 163 237 181 0 208 152 226 170 245 189 133 227 171 246 190 134 208 153 247 171 115 209 134 228 172 247 191 135 209 153 248 172 116 210 135 229 173 247 191 136 210 154 248 192 137 211 155 249 174 118 212 136 231 175 249 193 137 212 156 100 175 119 213 137 231 176 100 194 138 213 157 101 175 120 214 138 102 176 120 215 139 233 158 102 196 120 214 159 233 
205 149 223 167 112 186 130 224 149 243 187 111 206 150 224 0 101 195 139 233 177 101 196 140 214 158 102 177 121 195 140 234 158 102 196 121 215 159 234 178 122 196 140 235 159 103 197 122 216 160 104 198 123 217 161 235 179 124 198 142 236 161 105 199 123 218 162 236 180 124 199 143 237 162 106 200 124 218 163 237 181 125 200 164 238 182 126 201 145 239 163 108 202 126 220 164 239 183 127 201 
173 248 192 136 230 154 178 122 196 140 234 159 103 197 121 216 0 242 186 130 205 149 243 167 112 206 130 224 168 243 187 111 206 150 224 168 112 187 131 225 149 244 188 112 206 150 245 189 113 207 151 226 170 114 189 133 227 151 245 190 114 208 152 227 171 115 189 134 228 152 246 190 115 209 153 228 172 116 210 154 228 173 117 191 135 229 154 248 192 117 211 155 229 173 118 192 136 230 155 249 
221 145 239 164 108 202 126 220 165 239 183 127 221 146 240 184 108 0 135 229 173 248 192 136 210 154 249 173 117 211 136 230 174 248 193 137 211 155 249 174 118 212 156 231 175 119 193 137 232 156 100 194 138 213 157 101 176 120 214 138 232 177 101 195 139 214 158 102 176 121 215 139 233 177 102 196 140 234 159 103 197 121 216 160 234 178 122 197 141 235 159 104 198 122 216 160 235 179 123 198 
169 113 188 132 226 151 245 189 133 207 152 246 170 114 208 133 227 171 0 197 122 216 160 235 179 123 197 141 236 160 104 198 123 217 161 235 180 124 198 142 236 181 105 199 143 218 162 236 180 105 199 143 217 162 106 180 124 218 143 237 181 106 200 144 218 162 107 181 125 219 163 238 182 126 201 145 239 183 107 202 146 213 118 212 156 231 175 249 193 138 212 156 100 175 119 213 137 231 176 100 
222 166 110 204 129 223 167 241 185 130 204 148 242 167 111 205 129 224 168 0 194 119 213 137 231 175 100 194 138 212 157 101 175 119 213 158 102 176 120 214 139 233 177 102 196 140 214 158 103 177 121 215 140 234 178 102 197 141 215 159 103 178 122 216 140 235 179 123 217 141 236 180 104 198 142 217 161 105 180 124 218 142 236 181 105 199 143 218 162 106 180 125 219 143 237 181 106 200 144 238 
190 134 228 153 247 191 116 210 154 228 172 117 191 135 229 154 248 192 116 211 0 237 181 106 200 144 218 162 107 181 125 219 163 238 182 126 200 145 239 163 107 201 126 220 164 239 183 127 201 145 240 164 108 202 127 221 165 239 184 128 202 146 240 185 129 203 147 241 166 110 204 128 223 167 241 185 129 204 148 242 167 111 205 129 223 168 242 186 130 205 149 243 167 112 206 150 224 168 113 187 
159 103 177 121 216 140 234 178 103 197 141 215 159 104 198 122 216 160 164 108 202 0 209 153 247 171 116 210 154 248 172 117 211 135 229 173 248 192 116 211 155 229 173 117 192 136 230 155 249 193 117 211 156 230 174 118 193 137 231 175 119 194 138 232 156 100 195 119 213 157 232 176 120 194 139 233 157 101 195 120 214 158 233 177 121 195 139 234 158 102 196 140 235 159 103 197 122 216 160 234 
206 130 225 169 243 187 131 206 150 244 169 113 207 131 225 150 244 188 113 207 151 225 0 141 235 179 104 198 142 216 161 105 179 123 217 142 236 180 105 199 143 217 161 106 200 124 218 143 237 181 105 200 144 218 162 106 201 145 219 163 107 182 126 220 144 239 183 107 201 145 220 164 108 183 127 221 145 239 184 108 202 146 221 165 109 183 128 222 166 240 184 129 203 147 241 166 110 204 128 223 
194 119 213 157 231 175 120 194 138 232 157 101 195 119 214 158 232 176 120 215 139 233 177 0 204 128 222 166 241 185 129 203 148 242 166 110 204 129 223 167 242 186 130 204 148 243 187 111 205 149 224 168 112 187 131 225 149 243 168 112 206 131 225 169 243 187 132 206 150 244 169 113 207 131 225 170 244 188 132 207 151 245 189 133 208 152 246 170 115 209 133 227 171 243 147 241 166 110 204 129 
100 194 119 213 157 232 176 100 194 138 213 157 101 175 120 214 158 102 176 121 215 139 233 177 0 184 128 222 147 241 185 110 204 148 222 166 111 185 129 223 148 242 186 110 204 149 243 187 111 205 150 224 168 112 187 131 225 149 244 188 112 206 150 225 169 113 188 132 226 150 244 189 113 207 151 226 170 114 208 132 227 171 245 189 133 208 152 246 171 115 209 133 227 172 246 190 134 209 153 247 
199 143 237 162 106 200 124 219 163 237 181 125 220 164 238 182 126 201 145 239 163 108 202 126 220 0 247 171 115 209 134 228 172 247 191 135 209 153 248 172 116 210 154 229 173 117 191 136 230 174 248 192 137 211 155 249 174 118 212 136 231 175 249 193 137 212 156 100 175 119 213 137 231 176 120 194 138 232 157 101 195 120 214 158 232 176 120 195 139 233 158 102 196 120 214 159 233 177 121 196 
167 112 186 130 224 149 243 187 131 225 150 244 188 112 207 151 225 169 113 188 132 226 150 245 189 113 0 140 234 178 181 125 220 144 238 182 107 201 145 239 163 108 202 126 220 164 239 183 127 202 146 240 164 108 203 127 221 165 240 184 128 202 147 241 165 109 203 128 222 166 110 185 129 223 147 241 186 110 204 148 223 167 111 185 130 224 148 242 186 111 205 149 224 168 112 186 130 225 149 243 
195 139 233 178 102 196 140 215 159 103 177 121 216 140 234 178 122 197 141 215 160 104 178 122 216 141 235 0 111 186 130 224 148 243 187 131 205 149 244 168 112 206 131 225 169 243 188 132 206 150 244 169 113 207 132 226 170 244 188 133 207 151 245 170 114 208 132 227 171 115 189 133 227 152 246 190 115 209 153 227 171 116 190 134 228 153 247 191 115 210 154 228 172 116 191 135 229 154 248 192 
164 108 182 126 220 145 239 183 107 202 146 220 164 239 183 127 201 146 240 164 108 202 127 221 165 240 184 128 0 154 248 193 117 211 155 230 174 118 192 137 231 155 249 193 118 212 156 230 175 119 193 137 231 156 100 194 119 213 157 231 175 120 194 138 232 176 101 195 139 214 158 102 176 120 195 139 233 157 102 196 120 214 158 233 177 121 196 140 234 158 102 197 121 215 159 103 178 122 216 141 
112 206 131 225 169 130 204 149 223 167 111 186 130 224 148 242 187 111 205 130 224 168 242 186 131 225 149 243 187 0 214 158 232 177 121 195 139 233 158 102 196 121 215 159 233 177 122 196 140 234 159 103 177 121 215 140 234 178 122 216 141 235 179 104 198 142 216 160 105 179 123 217 142 236 180 104 199 143 217 161 105 180 124 218 142 237 181 105 199 143 218 182 106 200 144 219 163 107 182 126 
228 172 116 190 135 229 153 247 191 116 210 154 229 173 117 191 135 230 154 248 192 117 211 155 249 193 118 212 156 230 0 107 201 145 219 164 108 182 126 220 145 239 183 108 202 146 220 164 109 183 127 221 146 240 184 128 202 147 241 165 109 203 128 222 166 241 185 129 203 147 242 166 110 204 129 223 167 241 186 130 204 148 242 167 111 205 129 243 168 112 206 130 225 169 243 187 131 206 150 244 
196 140 215 159 103 177 122 216 140 234 178 103 197 141 216 160 104 178 122 217 161 235 179 123 218 142 236 180 105 199 143 0 169 244 188 132 206 151 245 169 113 207 211 155 249 173 118 212 136 230 174 119 213 137 231 175 100 194 138 213 157 101 175 119 214 138 232 157 101 195 119 213 158 232 176 120 195 139 233 157 101 196 140 234 158 102 197 121 215 159 234 178 122 196 141 235 159 103 197 122 
244 188 112 206 150 225 169 113 188 132 226 150 244 188 133 207 151 245 170 114 208 132 227 171 245 189 133 208 152 246 171 115 0 141 235 160 104 198 122 217 141 235 179 104 198 142 236 180 105 199 143 217 161 106 180 124 218 143 237 181 105 200 144 218 162 106 181 125 219 144 238 182 106 200 145 219 163 107 182 126 220 164 238 183 127 201 145 239 164 108 202 127 221 165 239 183 128 202 146 240 
192 136 231 155 249 193 118 212 156 230 175 119 213 157 231 176 120 194 138 232 157 101 195 119 214 158 232 176 120 195 139 233 158 0 184 128 203 147 241 165 109 204 148 222 166 110 185 129 223 167 242 186 130 204 148 243 167 111 205 130 224 168 242 187 131 205 149 243 168 112 206 131 225 169 243 187 132 226 150 244 188 113 207 151 225 170 244 188 132 207 151 245 169 114 208 132 226 170 245 189 
161 235 179 123 198 142 236 180 105 199 143 217 162 106 180 124 218 238 143 237 162 106 200 124 219 163 237 181 125 200 144 238 162 107 0 133 227 152 246 190 134 208 153 247 191 115 209 154 228 172 116 191 135 229 153 248 192 116 210 154 229 173 117 192 136 230 154 248 192 117 211 155 249 174 118 212 136 231 175 249 193 137 212 156 100 175 119 213 137 231 176 100 194 138 213 157 101 175 120 214 
166 110 204 148 242 167 111 205 129 223 168 242 186 130 205 149 243 167 112 186 130 224 149 243 187 111 206 150 224 168 112 187 131 225 169 0 196 120 214 158 233 177 121 195 140 234 178 102 196 141 215 159 103 178 122 216 140 235 179 103 197 141 216 160 104 179 123 217 161 235 180 124 198 142 236 161 105 199 123 218 162 236 180 124 199 143 237 162 106 200 124 218 163 237 181 125 200 144 238 182 
154 228 172 117 191 135 229 154 248 192 116 210 155 229 173 117 192 136 230 154 249 193 117 211 155 230 174 118 193 137 231 155 249 194 118 212 0 239 183 107 201 145 220 164 108 182 127 221 145 239 183 128 202 146 149 244 188 112 206 150 225 169 113 207 151 226 170 114 189 133 227 151 245 190 114 208 152 227 171 115 189 134 208 152 246 190 115 209 153 228 172 116 190 134 228 173 247 191 135 210 
181 126 220 144 238 182 107 201 145 220 164 108 182 126 221 145 239 183 108 202 146 220 165 109 183 127 221 166 240 184 128 203 147 241 165 109 204 0 210 154 249 173 117 211 136 230 174 248 193 137 211 155 249 174 118 212 137 231 175 119 193 138 232 156 100 194 119 213 157 101 176 120 214 138 232 177 101 195 139 214 158 102 176 121 215 139 233 177 102 196 140 234 159 103 197 121 216 160 234 178 
130 224 168 243 187 131 206 150 244 168 112 207 131 225 169 113 188 132 226 151 245 189 133 207 152 246 170 114 208 133 227 171 246 190 134 208 152 246 0 123 197 141 236 160 104 198 123 217 161 235 180 124 198 142 236 181 105 199 143 218 162 106 180 125 219 143 237 181 106 200 144 238 163 107 201 125 219 164 238 182 126 201 145 239 163 108 202 126 220 164 239 183 127 202 146 240 164 108 203 127 
249 173 117 211 136 230 174 248 193 137 211 155 249 174 118 212 137 231 175 119 213 138 232 176 100 194 139 213 157 170 224 168 113 187 131 225 150 244 188 0 195 139 233 157 101 196 120 214 158 233 177 121 215 159 234 178 122 196 141 235 159 103 197 122 216 160 235 179 123 197 141 236 160 104 198 123 217 161 235 179 124 198 142 236 180 125 199 143 237 162 106 200 124 219 163 237 181 125 200 144 
246 190 134 209 153 247 171 116 210 134 228 172 247 191 135 229 154 248 192 116 210 155 229 173 117 192 136 230 154 249 193 137 211 155 100 174 118 212 137 231 0 107 201 126 220 164 238 183 127 221 145 239 184 108 202 146 221 165 109 183 128 222 146 240 184 109 203 147 222 166 110 184 128 223 147 241 185 110 204 148 242 166 111 205 129 223 167 112 186 130 224 149 243 187 111 206 150 224 168 112 
214 159 233 177 121 196 140 234 158 103 197 141 215 159 104 178 122 216 141 235 179 103 197 142 216 160 104 179 123 217 141 236 180 124 198 142 237 161 105 199 124 0 190 134 228 152 246 191 115 209 153 228 172 116 190 135 229 153 247 172 116 210 154 228 173 117 120 214 139 233 177 101 195 140 234 178 102 196 141 215 159 103 178 122 216 140 235 179 103 197 141 216 160 104 179 123 217 141 235 180 
132 226 170 244 188 133 207 171 245 189 134 208 152 246 171 115 209 133 227 172 246 190 134 209 153 247 171 116 210 134 228 172 247 191 135 210 154 248 172 116 211 155 0 181 105 200 144 218 162 106 181 125 219 144 238 182 106 200 145 219 163 238 182 126 200 144 239 163 107 201 126 220 164 108 183 127 221 165 239 183 128 202 146 240 165 109 203 127 222 166 240 184 128 203 147 241 166 110 204 128 
100 174 119 213 157 101 175 120 214 138 232 176 101 195 139 213 158 232 176 120 195 139 233 177 102 196 140 214 158 103 177 121 215 140 234 178 122 197 141 235 159 103 198 0 224 148 242 187 111 205 149 224 168 112 186 131 225 149 243 187 112 206 150 225 169 113 207 131 226 170 244 188 132 207 151 245 170 114 208 152 226 171 115 189 133 227 152 246 190 114 209 153 227 171 115 190 134 228 153 247 
218 143 237 181 106 200 144 238 162 237 181 125 200 144 238 162 106 201 125 219 163 238 182 126 200 144 239 163 107 201 145 240 164 108 202 127 221 165 239 184 128 156 179 103 0 149 224 168 112 186 130 225 149 243 168 112 186 130 224 149 243 187 131 225 150 244 188 113 207 151 225 169 114 188 132 226 151 245 189 113 208 152 226 170 114 189 133 227 151 246 190 114 208 152 247 171 115 209 134 228 
200 144 218 162 106 181 125 219 144 238 182 106 200 145 219 163 107 182 126 220 144 238 183 107 201 145 220 164 108 202 127 221 165 239 183 128 202 146 240 184 109 203 147 222 166 0 172 117 211 135 229 173 248 192 136 210 155 249 193 137 211 156 100 174 118 212 137 231 175 100 194 138 212 156 101 175 119 213 138 232 176 100 195 139 213 157 101 176 120 214 158 102 177 121 215 139 234 178 102 196 
168 242 187 131 205 149 243 168 112 206 131 225 169 243 187 132 206 150 244 169 113 207 131 226 170 114 188 132 226 151 245 189 114 208 152 226 170 115 189 133 227 171 246 190 134 209 0 235 159 104 198 122 216 160 105 199 123 217 161 236 180 124 198 143 237 161 105 199 124 218 162 237 181 125 219 143 238 182 185 129 223 148 242 186 110 205 149 243 167 111 206 130 224 168 243 187 131 205 150 244 
196 140 234 158 103 197 121 215 159 234 178 122 196 141 235 159 103 197 142 236 160 104 198 123 217 161 236 180 124 198 142 237 161 105 199 124 218 162 236 181 125 199 143 237 162 106 200 0 207 151 245 189 114 208 152 226 170 115 189 133 227 152 246 190 114 209 153 227 171 115 190 134 228 153 247 191 115 209 154 228 172 116 210 154 229 173 117 192 136 230 154 248 193 117 211 155 230 174 118 192 
164 239 183 127 201 145 240 164 108 202 146 221 165 109 184 128 222 166 240 184 129 203 147 241 166 110 204 128 223 167 241 185 129 204 148 242 167 111 205 129 223 168 242 186 130 205 149 243 0 119 214 138 232 176 101 195 139 213 157 102 176 120 214 139 233 177 101 196 140 214 158 102 177 121 215 140 234 178 102 216 141 235 179 103 197 142 216 160 104 179 123 217 141 235 180 104 198 142 217 161 
113 207 151 226 170 114 188 132 227 151 245 189 133 208 152 246 171 115 209 133 227 172 246 190 134 209 153 247 171 115 210 134 228 172 247 191 135 209 154 248 172 116 210 155 229 173 117 192 136 0 162 106 181 158 161 235 179 124 198 142 236 161 105 199 123 218 142 236 180 105 199 143 217 162 106 200 124 218 163 237 181 125 200 144 238 162 106 201 125 219 163 238 182 126 200 145 239 163 107 201 
153 248 192 116 210 154 249 193 117 211 155 230 174 118 193 137 231 155 249 194 118 212 156 231 175 119 193 137 232 156 100 194 119 213 137 231 176 100 214 138 232 177 101 195 139 214 158 102 176 121 0 147 241 166 110 204 128 222 166 241 185 129 204 148 242 166 110 205 129 223 167 111 186 130 224 149 243 187 111 205 150 224 168 112 187 131 225 149 244 188 112 206 150 225 169 113 187 132 226 150 
122 216 160 104 179 123 217 141 236 180 104 198 142 217 161 105 180 124 218 142 236 181 105 199 143 218 162 106 180 124 219 143 237 181 106 220 144 238 182 107 201 145 219 164 108 182 126 201 145 239 163 0 190 134 228 153 247 191 115 209 154 228 172 116 191 135 229 173 247 192 136 210 154 248 173 117 211 136 230 174 248 192 137 211 155 249 193 118 212 156 159 104 198 122 216 160 235 179 123 217 
169 113 208 132 226 170 245 189 133 207 152 246 170 114 208 133 227 171 245 190 134 208 152 246 171 115 209 134 228 172 116 210 135 229 173 247 191 136 210 154 248 173 117 211 135 230 174 248 192 117 211 155 0 181 106 200 144 218 163 107 201 125 219 164 108 182 126 220 145 239 183 108 202 146 220 164 109 183 127 221 146 240 184 108 202 147 221 165 240 184 128 202 146 241 185 129 203 147 242 166 
138 232 156 100 195 119 213 157 232 176 120 194 139 233 157 101 195 120 214 158 232 177 121 195 139 233 158 102 196 140 215 159 103 177 122 216 140 234 178 103 197 141 216 160 104 178 122 217 141 235 179 104 198 0 224 149 243 187 131 225 150 244 188 112 206 151 225 169 113 188 132 226 150 245 189 113 207 151 226 170 114 189 133 227 151 245 190 114 208 152 246 190 115 209 153 228 172 116 190 134 
106 181 125 219 143 237 182 106 200 144 219 163 107 181 126 220 144 238 182 107 201 145 220 164 108 182 126 220 145 239 183 108 202 146 220 164 109 183 127 221 146 240 184 108 203 147 221 165 109 184 128 222 147 241 0 157 231 175 119 194 138 232 156 100 195 171 155 249 193 118 212 156 230 175 119 193 137 231 156 100 194 119 213 157 231 175 120 214 138 232 176 101 195 139 214 158 102 176 120 214 
166 111 205 129 223 167 242 186 130 205 149 243 167 111 206 130 224 168 112 187 131 225 150 244 188 112 206 151 225 169 113 188 132 226 150 244 189 113 207 151 226 170 114 188 133 227 151 245 189 114 228 152 246 190 115 0 141 235 180 104 198 142 217 161 105 179 124 218 142 236 180 105 199 143 217 162 106 180 124 218 143 237 181 125 200 144 238 162 107 201 125 219 163 238 182 126 201 145 239 163 
135 229 153 248 192 116 210 154 229 173 117 192 136 230 174 118 193 137 231 155 249 194 118 212 156 231 175 119 193 138 212 156 100 175 119 213 137 232 176 100 194 138 213 157 101 175 139 214 158 102 176 121 215 139 233 177 0 204 128 222 167 241 185 129 204 148 242 166 111 205 129 223 167 242 186 130 204 149 243 187 111 205 150 224 168 112 187 131 225 149 244 188 112 206 150 225 169 113 207 132 
103 198 201 145 239 164 108 202 126 220 165 109 183 127 221 146 240 184 109 203 147 221 165 110 184 128 222 147 241 185 109 203 148 222 166 110 185 129 223 147 242 186 130 204 148 243 167 111 205 130 224 168 242 187 131 205 149 0 176 120 214 138 232 177 101 195 139 214 158 102 176 121 215 139 233 177 122 196 140 234 159 103 197 121 216 160 234 178 122 197 141 235 160 104 198 122 216 160 235 179 
131 225 169 244 188 132 226 170 245 189 133 207 152 246 170 114 208 133 227 171 246 190 134 208 152 247 171 115 209 134 228 172 246 190 135 209 153 247 172 116 210 154 229 173 117 191 135 230 154 248 192 117 211 155 229 174 118 192 0 219 163 237 181 125 200 144 238 162 107 201 145 239 163 108 202 126 220 164 239 183 127 202 146 240 164 108 203 127 221 165 240 184 128 202 147 241 165 109 203 128 
249 194 138 232 156 100 195 119 213 157 232 176 120 194 139 233 157 101 195 120 214 158 233 177 121 195 139 234 158 102 196 121 215 159 233 178 122 196 140 234 159 103 197 121 216 160 234 178 122 197 141 235 160 104 198 122 216 161 235 0 111 206 130 224 168 243 187 131 225 149 244 188 112 206 150 225 169 197 200 144 238 163 107 201 125 220 164 238 182 126 201 145 239 164 108 202 126 220 165 109 
211 155 249 173 118 212 136 230 174 249 193 137 211 156 100 174 118 212 137 231 175 100 194 138 212 156 101 175 119 213 157 232 176 120 195 139 233 157 101 196 120 214 158 233 177 121 195 139 234 158 102 196 121 215 159 233 178 122 196 140 0 167 111 205 149 224 168 112 186 130 225 149 243 187 112 206 150 224 169 113 187 131 225 150 244 188 112 207 151 225 169 113 188 132 226 170 245 189 133 207 
179 123 198 142 236 160 105 199 123 217 161 236 180 124 198 143 237 161 105 199 124 218 162 237 181 125 219 143 238 182 106 200 144 219 163 107 182 126 220 144 238 183 107 201 145 220 164 108 182 127 221 145 239 183 108 202 146 220 184 109 203 0 229 173 248 192 136 211 155 249 173 117 212 136 230 174 249 193 137 211 156 100 174 118 212 137 231 175 249 194 138 232 156 100 195 119 213 157 232 176 
148 222 166 110 185 129 223 147 242 186 130 204 148 243 246 190 134 209 153 247 171 115 210 154 228 172 116 191 135 229 154 248 192 116 210 155 229 173 117 192 136 230 154 248 193 117 211 155 230 174 118 192 137 231 175 249 193 138 212 156 100 175 0 201 145 239 164 108 202 126 221 165 239 183 127 202 146 240 165 109 203 127 221 166 240 184 128 222 167 241 185 129 204 148 242 166 111 205 129 223 
175 119 214 138 232 176 101 195 139 213 157 102 176 120 214 139 233 157 121 196 140 234 158 102 197 121 215 159 234 178 122 196 141 235 159 103 197 122 216 160 235 179 123 197 141 235 160 104 198 123 217 161 105 199 124 218 162 236 180 125 199 143 237 0 244 188 132 207 151 245 169 114 208 132 226 170 245 189 133 207 152 246 170 114 208 153 227 171 115 190 134 228 152 247 191 115 209 153 228 172 
144 218 162 106 181 125 219 144 238 182 106 200 144 219 163 107 201 145 220 164 108 183 127 221 145 239 184 108 202 146 221 165 109 183 128 222 146 240 184 109 203 147 222 166 110 184 128 223 147 241 185 110 204 148 222 166 241 185 129 204 148 242 166 110 0 137 231 155 100 194 118 212 156 231 175 119 193 138 232 176 100 194 139 213 157 101 176 120 214 238 222 166 110 184 128 223 147 241 185 110 
231 175 120 194 138 232 157 101 195 119 214 158 102 176 120 215 139 233 177 102 196 140 214 159 103 177 121 215 140 234 178 102 197 141 215 159 103 178 122 216 141 235 179 123 217 142 236 180 104 198 143 217 161 105 180 124 218 142 237 181 105 199 143 218 162 0 188 113 207 151 225 170 114 188 132 226 171 245 189 133 208 152 246 170 115 209 133 227 171 246 190 134 209 153 247 171 115 210 134 228 
200 144 218 162 107 181 125 219 163 238 182 126 201 145 239 163 107 202 146 220 164 108 183 127 201 146 240 164 108 202 127 221 165 240 184 128 202 146 241 185 129 203 147 241 166 110 204 129 223 167 241 185 130 204 148 242 167 111 205 129 224 168 242 186 130 205 0 231 175 100 194 138 232 176 101 195 139 213 158 102 176 120 195 139 233 157 102 196 120 214 158 233 177 121 196 140 234 158 102 197 
168 243 187 131 225 150 244 188 112 206 150 225 169 113 188 132 226 150 244 189 133 207 151 245 170 114 117 211 156 230 174 118 193 137 231 175 119 194 138 232 156 101 195 119 213 157 232 176 120 195 139 233 157 101 196 120 214 158 233 177 121 195 139 234 158 102 196 0 223 167 241 185 130 204 148 242 167 111 205 129 224 168 242 186 130 205 149 243 168 112 206 130 224 169 243 187 131 206 150 244 
216 160 234 178 122 197 141 235 160 104 198 122 216 161 235 179 123 198 142 236 160 105 179 123 217 142 236 180 104 198 143 237 161 105 199 124 218 162 237 181 125 199 143 238 162 106 200 125 219 163 237 182 126 200 144 238 163 107 201 145 220 164 108 202 127 221 165 239 0 116 210 154 228 172 117 191 135 229 154 248 192 116 211 155 229 173 117 192 136 230 155 249 193 117 211 156 100 174 118 212 
164 108 203 127 221 165 240 184 128 202 147 241 165 109 203 128 222 166 241 185 129 203 147 242 166 110 204 148 223 167 111 186 130 224 148 242 187 111 205 149 224 168 112 186 130 225 149 243 187 112 206 150 224 169 113 187 131 225 150 244 188 132 207 151 245 169 114 208 132 0 158 103 177 121 215 140 234 178 102 197 141 215 159 103 178 122 216 141 235 179 123 217 142 236 180 104 198 143 217 161 
133 186 170 114 208 152 227 171 115 189 134 228 152 246 171 115 209 133 227 172 246 190 134 228 173 247 191 135 210 154 248 172 117 211 135 229 173 248 192 136 211 155 249 173 117 212 136 230 174 249 193 137 211 155 100 194 138 212 156 101 175 119 213 138 232 176 100 195 139 213 0 240 184 108 202 146 221 165 109 184 128 222 146 240 185 109 203 147 241 166 110 204 128 223 167 241 185 129 204 148 
120 214 138 232 177 101 195 139 214 158 102 176 121 195 139 233 158 102 196 140 234 159 103 197 121 215 160 234 178 122 197 141 235 159 104 198 122 216 160 235 179 123 198 142 236 160 104 199 123 217 161 105 200 124 218 162 237 181 125 199 144 238 162 106 200 125 219 163 237 182 126 0 132 227 171 245 189 133 208 152 246 171 115 209 153 227 172 116 190 134 228 153 247 191 115 210 154 228 172 116 
238 163 107 201 125 219 164 238 182 126 201 145 239 163 108 202 146 220 164 109 183 127 221 146 240 184 108 203 147 221 165 109 184 128 222 146 241 185 188 132 226 151 245 189 113 208 152 246 190 114 209 153 227 171 115 190 134 228 153 247 191 115 209 154 228 172 116 191 135 229 153 248 0 124 218 143 237 181 105 199 143 238 162 106 200 125 219 163 237 182 126 200 144 238 163 107 201 126 220 164 
116 210 154 229 173 117 191 135 230 154 248 192 136 231 155 249 193 118 212 156 230 174 119 193 137 231 156 100 174 118 213 137 231 175 100 194 138 212 157 101 175 119 213 158 232 176 120 195 139 233 157 101 196 120 214 158 233 177 121 195 140 234 158 102 196 121 215 159 103 178 122 216 140 0 206 150 225 169 113 188 132 226 150 244 169 113 207 131 226 170 244 188 132 207 151 245 170 114 208 132 
104 198 142 217 161 105 179 124 218 162 236 180 125 199 143 237 162 106 200 144 219 163 107 181 125 220 144 238 182 107 201 145 219 163 108 182 126 201 145 239 183 127 202 146 240 164 108 203 127 221 165 240 184 128 202 147 241 165 109 203 128 222 166 240 185 129 203 147 241 166 110 204 129 223 0 249 193 118 212 156 230 175 249 193 137 212 156 100 174 119 213 137 231 175 100 194 138 212 157 101 
203 147 241 185 129 204 148 242 166 111 205 129 223 206 190 134 228 153 247 191 115 209 154 228 172 116 191 135 229 153 248 192 116 210 154 249 173 117 211 136 230 174 248 193 137 211 155 249 174 118 212 136 231 175 249 193 137 212 156 100 175 119 213 137 231 176 120 214 138 232 177 101 195 139 214 0 240 184 128 203 147 241 165 110 204 128 222 166 241 185 129 204 148 242 166 110 205 129 223 167 
139 213 158 102 176 120 214 139 233 177 102 196 140 214 158 102 177 121 215 140 234 178 102 196 141 215 159 103 178 122 216 160 235 179 123 197 141 236 160 104 198 123 217 161 235 180 124 198 142 236 161 105 199 123 218 162 236 180 124 199 143 237 181 125 200 144 238 163 107 201 125 219 164 238 182 126 0 153 227 171 115 190 134 228 152 247 191 115 209 153 228 172 116 191 135 229 173 247 192 136 
238 182 126 200 145 239 163 107 201 126 220 164 239 183 127 201 145 240 164 108 202 127 221 165 239 183 128 222 166 240 184 129 203 147 241 166 110 204 128 223 147 241 185 110 204 148 242 167 111 205 208 152 246 171 115 209 134 228 172 116 190 135 229 153 247 191 116 210 154 229 173 117 191 135 229 154 248 0 124 219 163 237 181 125 200 144 218 163 107 181 125 219 164 108 182 126 220 145 239 183 
135 229 154 248 192 116 210 155 229 173 117 192 136 230 154 249 193 137 211 155 100 174 118 212 156 231 175 119 194 138 232 156 100 195 119 213 157 232 176 120 194 138 233 157 101 195 120 214 138 232 177 101 195 139 233 178 102 196 140 215 159 103 177 122 216 140 234 178 103 197 141 216 160 104 178 122 217 141 0 167 111 186 130 224 149 243 187 131 225 150 244 188 112 206 151 225 169 113 188 132 
234 178 122 197 141 235 159 103 198 122 216 160 235 179 123 197 141 236 180 124 198 142 237 161 105 199 124 218 162 236 181 125 199 143 237 162 106 200 125 219 163 237 181 126 200 144 238 163 107 201 145 219 164 108 182 126 220 145 239 183 108 202 146 220 164 109 183 127 221 146 240 184 108 203 147 221 165 109 184 0 210 154 248 173 117 211 136 230 174 248 192 137 211 155 249 174 118 212 136 231 
202 127 221 165 239 184 128 202 146 240 165 109 203 127 222 166 110 184 128 223 147 241 185 110 204 148 152 226 170 114 189 133 227 152 246 190 114 208 153 227 171 115 190 134 228 152 246 191 135 229 153 247 192 116 210 154 229 173 117 191 136 230 154 248 192 117 211 155 230 174 118 192 136 231 155 249 193 118 212 156 0 182 126 201 145 239 164 108 202 126 220 165 239 183 127 202 146 240 164 109 
230 155 249 193 117 212 156 230 174 118 213 157 231 175 119 194 138 232 156 101 195 119 213 157 232 176 120 195 139 233 157 101 176 120 214 139 233 177 101 195 140 214 158 102 196 141 215 159 103 178 122 216 140 234 179 103 197 141 216 160 104 178 123 217 141 235 179 104 198 142 217 161 105 179 123 218 162 106 180 124 219 0 225 169 113 188 132 226 151 245 189 113 207 152 226 170 114 189 133 227 
179 123 217 142 236 180 124 218 143 237 181 105 200 144 218 162 106 181 125 219 143 238 182 106 200 144 219 163 107 182 126 220 144 238 183 107 201 145 220 184 108 202 127 221 165 239 183 128 202 146 240 165 109 203 127 221 166 240 184 128 222 147 170 244 189 133 207 151 245 170 114 208 152 246 171 115 209 133 228 172 246 190 0 217 161 235 179 124 198 142 236 161 105 199 123 218 162 236 180 124 
226 170 115 209 133 227 171 246 190 134 209 153 247 171 115 210 134 228 172 247 191 135 209 154 248 172 116 210 135 229 173 248 192 136 230 174 249 193 137 211 155 249 174 118 212 137 231 155 249 193 118 212 156 231 175 119 193 137 232 156 100 194 119 213 157 231 176 120 214 138 232 177 101 195 139 233 158 102 196 120 215 159 233 0 110 204 128 222 166 241 185 129 204 148 242 166 110 205 149 243 
195 139 213 158 102 196 120 214 159 233 177 121 196 140 234 158 102 197 121 215 159 234 178 122 196 141 235 159 103 197 122 216 160 104 179 123 217 141 236 180 104 198 142 217 161 105 179 124 218 142 236 180 105 199 143 218 162 106 180 124 219 143 237 181 125 200 144 238 163 107 201 125 219 164 238 182 126 220 145 239 183 107 202 146 0 152 247 191 115 209 153 228 172 116 191 135 229 173 247 192 
144 238 182 106 200 145 219 163 107 182 126 220 144 238 183 107 201 145 220 164 108 182 127 221 145 239 183 128 222 146 240 184 109 203 147 222 166 220 124 219 163 237 181 125 200 144 238 163 107 201 125 219 144 238 182 107 201 145 219 183 108 202 146 220 164 108 183 127 221 146 240 184 108 202 147 221 165 109 184 128 222 146 241 185 109 0 136 230 154 248 192 137 231 155 249 193 118 212 156 230 
202 146 221 165 109 183 128 222 146 240 184 109 203 147 222 166 110 184 128 223 147 241 185 129 204 148 242 167 111 205 129 223 168 242 186 130 205 149 243 167 111 206 130 224 168 243 187 131 205 150 244 168 112 206 151 245 169 113 207 132 226 170 245 189 133 207 151 246 170 114 208 133 227 171 245 189 134 208 152 246 171 115 209 133 228 172 0 218 162 106 181 125 219 143 237 182 106 200 144 219 
190 135 209 153 247 172 116 210 134 228 173 247 191 135 210 154 248 172 117 211 155 249 173 118 212 136 230 174 249 193 137 212 156 100 174 118 213 137 231 175 100 194 138 212 156 101 175 119 213 138 232 176 120 195 139 233 157 101 196 120 214 158 233 177 121 195 140 234 158 102 196 141 215 159 162 107 201 125 219 163 238 182 126 220 164 239 183 0 209 134 228 172 246 191 135 209 153 247 172 116 
238 162 106 200 125 219 163 238 182 126 200 144 239 163 107 201 145 240 164 108 202 127 221 165 239 184 128 202 146 240 165 109 203 127 222 166 240 184 128 203 147 241 166 110 204 128 222 167 111 205 129 223 168 242 186 130 205 149 243 167 112 206 130 224 168 243 187 131 205 150 224 168 112 187 131 225 149 244 188 132 206 150 245 169 113 207 132 226 0 102 196 121 215 159 234 178 122 196 140 234 
186 131 225 149 243 187 112 206 150 225 169 113 207 131 226 170 244 188 132 207 151 245 170 114 208 132 226 171 245 189 133 208 152 246 170 114 209 133 227 171 246 190 134 228 153 247 191 135 209 154 248 172 116 210 135 229 173 248 192 136 210 154 249 173 117 211 136 230 174 248 192 137 211 155 249 193 118 212 156 231 175 119 193 137 232 156 100 194 119 0 145 239 183 108 202 146 221 165 109 183 
155 249 173 118 212 136 230 174 119 193 137 231 156 100 194 118 213 137 231 175 100 194 138 212 157 101 175 119 213 138 232 176 101 195 139 213 157 102 176 120 214 158 233 177 121 195 140 234 158 114 189 113 207 151 226 170 114 189 133 227 151 245 190 114 208 152 227 171 115 189 133 228 172 246 190 134 209 153 247 172 116 210 134 228 173 247 191 135 210 154 0 180 124 219 143 237 181 106 200 144 
246 190 134 228 153 247 191 115 210 154 228 172 116 191 135 229 154 248 192 116 210 155 229 173 117 192 136 230 154 249 193 117 211 155 100 174 118 212 156 231 175 119 193 138 232 156 100 194 119 213 157 232 176 120 194 138 233 157 101 195 120 214 158 232 177 121 215 139 233 178 102 196 140 215 159 103 177 121 216 140 234 178 103 197 141 215 160 104 178 122 216 0 243 167 111 206 130 224 168 112 
214 159 103 177 121 215 140 234 178 102 197 141 215 159 103 178 122 216 141 235 179 103 197 142 216 160 104 179 123 217 161 236 180 124 198 142 237 161 105 199 143 218 162 106 180 125 219 143 237 181 106 200 144 219 163 107 181 125 220 144 238 182 126 201 145 239 164 108 202 126 220 165 239 183 127 202 146 240 164 108 203 127 221 165 109 184 207 151 226 170 114 188 0 215 159 103 197 121 216 160 
112 206 150 224 169 113 187 131 225 150 244 188 113 207 151 225 169 114 188 132 226 151 245 189 113 208 152 246 170 114 209 133 227 171 246 190 134 208 152 247 171 115 209 134 228 172 246 191 135 209 153 247 172 116 210 135 229 173 117 211 136 230 174 248 192 137 211 155 249 174 118 212 136 230 175 249 193 137 212 156 100 174 119 193 137 231 156 100 194 118 213 157 101 0 127 202 146 240 164 108 
230 155 249 193 117 211 156 230 174 118 193 137 231 155 100 194 118 212 156 231 175 119 213 157 232 176 120 195 139 233 157 101 176 120 214 138 233 177 101 195 139 214 158 102 177 121 215 139 233 178 102 196 140 215 159 103 197 141 216 160 104 178 123 217 141 235 179 104 198 142 216 161 105 179 123 217 142 236 180 105 199 143 217 161 106 180 124 218 162 107 181 125 219 144 0 170 114 189 133 227 
179 123 217 142 236 180 104 198 143 217 161 105 180 124 218 142 237 181 105 199 143 238 162 106 200 125 219 163 237 182 106 200 144 219 163 107 181 125 220 144 238 182 107 201 125 219 164 238 182 126 220 165 239 183 127 202 146 240 164 109 203 127 221 165 240 184 128 203 147 241 165 109 204 128 222 166 241 185 129 203 147 242 166 130 204 148 243 167 111 205 130 224 168 242 187 0 213 137 232 176 
128 222 166 240 185 129 203 147 241 166 110 204 128 223 167 111 205 129 224 168 242 186 130 205 149 243 168 112 206 130 224 169 243 187 131 206 150 244 168 113 207 131 225 169 244 188 132 226 151 245 189 113 207 152 226 170 114 189 133 227 151 246 190 114 208 152 227 171 115 190 134 228 152 246 191 115 209 153 228 192 116 210 154 229 173 117 191 135 230 154 248 192 117 211 155 229 0 106 200 124 
246 190 115 209 153 227 172 116 190 134 228 173 117 191 135 229 154 248 192 116 211 155 229 173 117 192 136 230 155 249 193 117 211 156 230 174 118 193 137 231 155 100 194 138 212 156 101 175 119 213 138 232 176 100 194 139 213 157 101 176 120 214 138 233 177 101 195 139 214 158 102 177 121 215 139 103 178 122 216 140 234 179 103 197 141 216 160 104 178 122 217 141 235 179 104 198 142 0 228 152 
183 127 221 165 110 184 148 222 166 111 185 129 223 148 242 186 110 204 149 223 167 111 186 130 224 148 243 187 111 205 149 224 168 112 187 131 225 149 243 188 132 226 150 244 189 113 207 151 226 170 114 188 132 227 151 245 189 114 208 152 226 171 115 189 133 208 152 246 170 115 209 153 247 171 116 210 134 228 172 247 191 135 210 154 248 172 116 210 135 229 173 248 192 136 210 154 249 173 0 199 
211 155 249 193 137 212 156 100 174 118 213 137 231 175 100 194 138 212 157 101 175 119 213 138 232 176 100 195 139 213 157 101 176 120 214 158 102 177 121 215 140 234 178 102 196 141 215 159 103 178 122 216 140 235 179 103 197 141 216 160 104 179 123 217 141 235 179 124 198 142 236 161 105 199 123 218 162 236 180 124 199 143 237 162 106 200 124 218 163 237 181 125 200 144 238 162 107 201 145 0 

2972 0 55 4600
2661 1 55 4289
3670 2 55 4972
3111 3 55 4412
3734 4 56 2876
2781 55 56 4409
4333 56 57 3474
4600 57 58 3742
3946 58 59 3087
4666 59 60 3481
4052 59 60 3193
3093 60 61 4395
4115 60 61 3256
3420 61 62 2561
2806 61 62 4434
4074 62 63 2888
3459 62 63 2600
3750 63 64 2891
3463 63 64 4764
4534 64 65 3675
3789 64 65 2931
3552 65 66 2693
2808 65 66 4436
2570 66 67 4199
4313 66 67 3454
4075 67 68 3217
3331 67 68 4959
3043 67 68 4672
4402 68 69 3216
3657 68 69 4959
2913 68 69 4541
2636 69 70 4264
4378 69 70 3520
4402 69 70 3544
2769 70 71 4398
4512 70 71 3653
4094 70 71 2908
3817 71 72 2958
3073 71 72 4374
4815 71 72 3629
4538 72 73 3679
3793 72 73 2935
3049 72 73 4677
3099 73 74 4400
4514 73 74 3656
3770 73 74 2911
4533 74 75 3347
3462 74 75 2603
2717 74 75 4345
2767 75 76 4068
4509 75 76 3324
3438 75 76 2579
3020 75 76 4321
2703 76 77 4005
4119 76 77 3260
3374 76 77 2515
2957 76 77 4258
4800 77 78 3941
4055 77 78 3196
3311 77 78 4939
2566 77 78 4194
4736 78 79 3550
3992 78 79 2806
3247 78 79 4548
4662 78 79 3804
3490 79 80 4792
2876 79 80 4504
4618 79 80 3432
3874 79 80 2688
3230 80 81 4858
4972 80 81 4113
4228 80 81 3369
3483 80 81 2624
3166 81 82 4795
4909 81 82 3723
4164 81 82 2978
3419 81 82 4721
3489 82 83 4790
2744 82 83 4046
4487 82 83 3301
3415 82 83 2556
3098 83 84 4727
4841 83 84 3982
4096 83 84 3237
3351 83 84 4653
2607 83 84 3908
4737 84 85 3879
3993 84 85 2807
3248 84 85 4549
2504 84 85 3805
3919 84 85 3060
4276 85 86 3417
3531 85 86 2672
2787 85 86 4088
4529 85 86 3343
3784 85 86 2598
3428 86 87 4729
2683 86 87 3984
4099 86 87 3240
3354 86 87 2495
2609 86 87 4238
2966 87 88 4595
4709 87 88 3850
3964 87 88 2778
3220 87 88 4521
4962 87 88 3776
4605 88 89 3420
3534 88 89 2675
2789 88 89 4417
4532 88 89 3673
3787 88 89 2928
4144 89 90 2958
3399 89 90 4700
2655 89 90 3956
4070 89 90 3211
3325 89 90 4954
3296 90 91 4597
2551 90 91 3852
3967 90 91 3108
3222 90 91 4850
4964 90 91 4106
4608 91 92 3749
3863 91 92 3005
3119 91 92 4747
4861 91 92 3675
4117 91 92 2931
4146 92 93 3288
3402 92 93 2543
2657 92 93 4285
3056 92 93 4684
3096 92 93 4397
4838 92 93 3652
2837 93 94 4466
4580 93 94 3394
4489 93 94 3304
3745 93 94 2559
3000 93 94 4301
4743 93 94 3557
4804 94 95 3618
4059 94 95 2873
3314 94 95 4616
4730 94 95 3871
3134 94 95 4762
4876 94 95 4017
2706 95 96 4335
4449 95 96 3590
3704 95 96 2845
2960 95 96 4588
4702 95 96 3843
3957 95 96 3099
3561 96 97 2702
2816 96 97 4445
4559 96 97 3700
3814 96 97 2956
3070 96 97 4698
4812 96 97 3626
2642 97 98 3943
4385 97 98 3199
3640 97 98 4941
2568 97 98 4197
4311 97 98 3452
3566 97 98 2707
3497 98 99 4798
2752 98 99 4054
4168 98 99 3309
3423 98 99 2564
2679 98 99 4307
4421 98 99 3562
4738 99 0 3879
3666 99 0 2808
2922 99 0 4550
4337 99 0 3478
3593 99 0 4894
2521 99 0 4149

31998

0 924 29
1 781 27
2 894 49
3 494 27
4 254 46
5 506 23
6 977 38
7 796 27
8 517 42
9 730 41
10 747 26
11 467 41
12 938 25
13 955 40
14 675 29
15 396 44
16 867 29
17 468 33
18 484 48
19 501 49
20 320 38
21 791 23
22 512 38
23 982 23
24 703 37
25 424 26
26 895 41
27 714 26
28 435 41
29 905 26
30 626 41
31 347 29
32 916 44
33 334 40
34 805 25
35 525 40
36 996 25
37 717 44
38 536 29
39 257 43
40 728 28
41 448 43
42 919 28
43 640 43
44 361 32
45 930 47
46 651 32
47 371 46
48 842 35
49 563 20
50 382 35
51 853 20
52 574 35
53 294 20
54 765 35
55 486 23
56 957 38
57 776 23
58 497 38
59 967 27
60 688 42
61 409 27
62 879 42
63 600 26
64 420 41
65 807 36
66 627 20
67 347 35
68 818 20
69 539 39
70 259 24
71 730 39
72 451 24
73 270 39
74 741 23
75 462 38
76 932 23
77 653 38
78 472 27
79 943 42
80 664 27
81 385 42
82 855 26
83 576 45
84 297 30
85 866 45
86 587 30
87 308 45
88 778 30
89 499 48
90 970 33
91 691 48
92 411 33
93 981 48
94 701 37
95 422 22
96 893 37
97 613 21
98 433 36
99 904 21
