100 177 3

0 148 155 163 170 158 185 232 109 136 163 190 198 205 232 129 156 183 210 237 114 122 149 176 203 230 107 134 162 169 196 223 100 127 154 182 209 236 243 226 214 110 118 145 172 199 226 123 150 177 185 212 239 116 143 190 217 244 102 148 203 210 238 134 161 169 196 223 100 127 154 201 228 105 113 140 167 194 221 118 145 172 199 207 234 111 138 185 212 239 116 124 151 178 205 102 129 156 183 210 
115 0 149 176 184 211 238 115 142 169 196 243 101 148 155 182 209 236 113 140 168 175 202 229 106 133 160 207 234 112 119 146 173 200 227 124 151 178 186 213 240 117 144 191 198 225 103 130 157 164 191 238 115 142 169 197 224 101 108 135 162 189 217 244 121 128 175 202 229 237 114 141 168 195 222 119 146 153 200 208 235 112 139 186 213 240 117 125 152 179 206 103 130 157 184 191 218 246 123 170 
197 204 0 238 246 123 150 197 224 101 128 155 163 190 217 114 141 168 195 222 230 126 134 181 208 235 112 139 166 193 201 247 125 152 179 206 233 110 117 164 191 219 246 123 150 177 204 231 239 116 143 170 197 224 101 148 155 183 210 237 114 141 168 215 222 119 126 154 181 208 235 132 159 186 193 220 248 125 152 199 226 103 110 157 164 192 219 246 123 150 177 184 212 239 116 163 190 217 244 121 
148 175 183 0 107 134 161 188 215 242 249 146 173 201 228 105 132 159 186 213 110 117 144 172 199 226 103 150 177 184 211 238 116 143 170 217 244 101 128 155 182 209 237 133 161 188 215 222 249 126 153 200 227 105 132 139 166 193 220 117 144 171 198 206 103 110 137 184 211 238 115 142 170 177 204 231 108 135 162 190 217 244 101 148 175 202 229 106 134 161 168 215 242 119 146 173 200 227 105 132 
179 206 213 240 0 144 171 218 245 122 130 157 184 211 238 115 143 170 197 204 231 108 135 182 209 236 114 121 168 175 202 249 126 153 180 208 235 242 119 166 193 220 247 124 151 159 186 233 110 137 164 191 218 245 123 150 177 204 231 108 135 162 189 236 244 121 148 175 202 229 106 153 160 188 215 242 119 146 173 220 227 124 132 159 186 213 240 137 164 191 198 226 103 130 157 204 231 108 115 142 
189 216 224 101 128 0 182 209 217 113 121 168 195 222 249 126 153 180 188 235 112 139 166 193 200 227 105 151 159 186 213 240 117 144 171 218 226 103 130 157 184 211 238 115 142 150 177 204 231 108 135 143 151 178 205 232 109 136 163 210 237 245 122 149 176 203 230 127 154 181 189 216 140 148 175 182 209 236 113 140 168 195 222 249 126 153 180 207 234 111 139 185 213 220 247 124 151 178 205 102 
129 156 184 211 238 245 0 169 196 223 100 128 155 162 189 236 113 140 167 194 222 229 126 153 180 207 234 111 138 165 193 200 227 104 131 158 185 213 240 117 164 171 198 225 102 129 157 203 231 238 115 142 169 196 223 120 128 155 182 189 216 243 121 167 194 222 249 106 153 160 187 215 242 119 146 173 180 207 235 131 139 166 193 220 247 124 132 178 206 233 110 137 164 191 218 245 142 150 177 204 
231 108 135 162 189 216 244 0 128 155 182 229 106 133 160 168 195 222 249 146 173 200 227 235 131 139 166 213 240 117 144 171 198 206 233 130 157 184 211 238 115 123 169 196 224 101 128 155 182 209 236 113 140 168 195 222 249 126 153 160 188 215 242 119 146 173 200 247 124 132 159 186 213 240 117 164 191 198 225 103 130 157 184 231 108 115 162 169 197 224 101 148 175 202 229 236 113 141 168 195 
222 249 126 153 180 188 215 112 0 166 193 220 247 124 151 178 206 233 110 137 164 191 218 115 122 149 177 204 231 108 135 142 189 197 224 101 128 155 182 229 106 113 141 168 195 222 249 146 173 180 227 235 112 139 166 213 240 117 144 151 179 206 233 130 157 184 211 218 245 122 150 196 224 101 128 155 182 189 216 113 140 167 195 222 249 106 133 160 187 215 242 119 146 153 180 227 104 131 159 186 
213 240 117 164 171 198 225 103 130 0 184 231 108 135 142 169 196 224 101 148 175 202 209 236 113 140 168 195 222 249 126 133 160 188 215 112 139 166 193 200 247 104 132 178 205 233 110 137 164 171 198 245 122 149 177 204 231 238 115 142 169 197 224 101 128 135 162 209 236 113 141 168 195 222 249 126 153 180 207 234 112 139 166 213 240 247 124 151 178 206 233 129 157 164 191 218 245 122 150 196 
223 101 128 155 162 189 216 113 140 167 0 222 229 106 133 160 187 215 242 119 146 153 180 227 104 131 158 186 213 220 117 144 171 198 225 102 110 137 144 191 218 245 122 150 177 204 231 108 155 162 189 216 244 121 148 155 182 209 236 114 141 168 195 156 183 210 217 244 121 148 176 222 249 127 154 161 188 215 242 139 166 193 221 228 105 112 140 167 174 201 228 105 132 160 187 233 241 138 145 172 
199 226 103 150 177 205 232 239 116 143 170 0 244 121 149 156 203 210 237 134 161 188 215 242 120 127 154 201 228 105 132 159 186 194 241 118 145 172 199 226 103 130 157 165 192 219 246 123 150 178 205 232 109 136 163 190 217 244 121 168 195 203 230 107 134 161 188 235 243 120 147 154 181 208 235 132 159 187 214 221 248 125 152 179 207 234 111 138 145 172 199 246 104 131 158 185 212 239 247 143 
190 198 244 102 129 156 183 230 107 134 161 169 0 223 100 127 154 181 208 216 243 120 147 194 221 248 125 133 160 187 214 111 138 165 192 219 246 104 131 178 205 232 109 136 163 171 198 245 122 149 176 203 230 237 115 161 188 216 243 120 147 174 201 228 105 132 160 187 214 241 118 125 152 180 207 234 111 138 165 192 239 246 124 151 178 205 232 129 156 163 190 217 245 122 149 196 223 230 127 134 
181 189 216 113 140 167 194 221 248 105 133 160 187 0 241 118 145 153 180 226 104 131 158 185 212 219 116 143 170 198 225 102 129 156 183 230 237 114 142 169 196 223 100 107 154 162 189 216 243 120 147 194 221 228 105 133 160 187 214 111 138 145 172 199 227 104 131 178 205 232 109 116 143 171 198 244 122 149 176 183 210 237 114 161 188 216 243 100 147 154 181 228 105 132 159 187 214 221 248 125 
152 180 207 234 111 138 165 212 239 246 123 151 178 205 0 129 156 163 190 217 245 122 149 196 223 100 107 134 161 188 216 112 140 167 194 201 228 105 132 160 187 214 241 248 125 152 180 226 104 131 158 165 192 219 246 143 170 197 225 102 129 136 163 210 237 114 141 169 196 203 230 107 134 161 189 216 243 120 127 174 201 228 105 133 160 187 194 241 118 145 172 199 226 104 131 158 205 212 239 116 
143 170 198 244 122 149 176 183 210 237 114 161 188 215 243 0 127 154 181 228 105 132 159 187 194 221 248 125 152 179 207 234 111 118 145 192 219 246 123 151 178 185 232 109 136 163 190 217 225 102 109 156 183 210 237 114 142 169 196 223 100 127 154 181 208 236 113 140 147 174 201 228 106 133 160 197 204 212 239 116 143 170 177 224 101 128 156 183 210 237 244 141 168 195 222 100 107 114 141 188 
215 242 120 147 174 181 208 105 132 159 186 213 241 118 145 172 0 226 103 130 157 185 212 108 116 143 170 197 224 101 129 175 183 210 237 114 141 168 195 242 100 146 154 181 208 235 112 159 186 213 221 248 125 152 179 226 103 130 137 165 192 219 246 143 170 197 224 101 109 136 163 210 237 114 141 168 175 203 230 126 134 161 188 215 242 119 127 174 201 228 105 132 159 186 213 240 118 145 172 199 
226 103 130 177 184 212 239 116 143 150 177 224 101 128 155 183 210 0 244 141 168 195 222 249 127 154 181 208 235 112 139 166 193 221 248 144 152 179 206 233 110 137 164 211 219 246 123 150 177 204 231 128 136 182 190 217 244 121 148 195 222 249 107 134 161 188 215 112 139 166 173 220 228 105 132 179 206 233 110 137 145 172 199 246 123 150 177 204 211 238 116 162 190 217 244 121 148 175 182 229 
126 134 161 188 215 242 119 166 193 200 227 105 132 159 186 233 110 117 0 171 199 226 103 150 177 204 231 238 115 142 170 216 244 121 148 155 202 209 236 133 160 188 215 242 119 126 153 200 227 104 131 159 186 193 220 117 144 171 198 225 103 130 157 184 211 238 115 142 169 196 224 120 128 155 182 209 236 113 140 187 195 222 249 126 153 180 207 104 112 158 166 193 220 247 124 171 198 225 233 110 
137 164 191 238 115 142 169 196 223 231 108 155 182 209 236 113 140 148 175 0 249 126 153 180 207 214 111 138 166 193 220 247 124 151 178 205 232 109 137 164 191 218 245 142 169 176 203 231 108 135 162 209 236 243 120 147 175 202 229 126 153 180 187 214 241 118 146 192 220 247 124 131 158 185 212 109 136 163 191 218 225 102 129 176 203 230 107 135 142 169 196 243 120 147 174 201 229 106 113 160 
187 214 241 118 145 172 200 246 124 131 158 185 212 239 116 163 190 198 225 102 0 156 183 230 107 134 161 169 196 223 100 147 174 201 228 236 113 140 167 214 241 118 145 153 199 207 234 131 158 185 212 239 116 124 151 198 225 102 129 156 163 190 198 245 122 149 176 203 230 107 115 162 189 216 243 120 147 174 201 228 105 133 160 187 214 241 118 122 130 157 184 211 238 245 123 169 197 224 101 128 
155 182 209 106 133 140 168 195 202 209 237 114 141 168 195 222 249 107 134 181 208 0 112 139 166 173 201 247 124 152 179 206 233 110 117 184 191 218 246 123 150 177 204 101 108 135 162 189 217 244 121 168 175 202 229 106 133 161 188 235 112 139 146 173 200 227 105 132 159 186 193 220 247 125 152 198 226 103 110 137 164 191 218 115 142 170 177 204 231 108 135 182 190 217 244 121 148 175 182 229 
126 134 161 188 215 242 119 146 154 200 208 235 112 139 166 213 220 248 125 152 159 186 0 110 137 164 191 219 226 103 130 177 204 231 108 135 143 190 197 224 101 128 155 183 210 217 114 141 168 195 222 249 127 154 181 208 235 112 139 166 193 220 248 144 152 179 206 233 110 137 164 211 219 246 123 150 177 204 231 128 155 182 190 217 244 121 148 195 222 249 107 134 161 188 215 242 119 146 173 181 
208 235 112 159 186 213 240 117 144 172 179 226 103 130 157 184 211 238 246 143 170 197 224 0 128 155 163 210 237 114 141 168 195 222 249 126 134 161 188 215 242 119 146 193 201 247 105 132 159 186 213 110 137 164 172 199 226 103 130 177 204 231 239 116 143 170 197 224 101 128 155 163 190 217 244 141 168 195 222 249 107 134 161 208 235 112 139 166 193 201 228 125 152 179 206 233 110 118 145 191 
219 246 123 150 177 204 231 128 155 163 190 217 244 121 148 195 222 229 107 134 161 188 215 242 0 146 154 181 208 235 112 159 186 213 220 117 125 152 179 226 103 130 157 184 192 219 246 143 170 197 224 101 108 155 163 209 237 114 141 168 195 222 229 107 134 161 188 215 242 119 127 173 201 228 105 132 159 186 193 110 117 145 172 199 226 103 130 177 184 211 238 116 143 170 197 224 231 108 136 163 
190 217 244 141 168 195 222 249 107 134 161 208 235 112 139 166 174 201 228 125 152 179 206 233 110 0 145 191 219 246 123 150 177 204 211 108 135 162 190 217 244 121 128 175 202 229 106 134 161 188 215 242 249 126 154 181 208 235 112 159 166 193 220 248 125 152 179 226 103 130 137 164 172 199 226 123 150 177 184 212 239 116 143 190 217 244 101 128 155 183 210 237 114 141 168 175 203 230 107 181 
208 236 113 140 167 194 201 248 125 152 180 207 234 111 138 185 192 219 246 123 131 138 165 192 220 247 0 151 158 185 212 109 136 163 191 218 245 102 129 176 203 230 107 135 162 189 196 243 120 147 174 201 229 106 113 180 187 214 241 118 145 172 200 246 104 131 158 185 212 239 116 163 171 218 225 102 129 156 183 210 218 245 122 149 176 203 230 127 154 181 189 216 243 120 147 194 221 248 106 133 
160 207 214 111 118 145 173 200 227 104 131 158 185 212 239 117 144 171 198 225 232 109 137 164 191 218 245 0 149 176 184 231 238 115 142 189 216 243 120 147 155 182 209 106 133 160 187 214 222 249 126 153 180 207 234 111 138 146 173 220 247 124 151 178 205 232 110 137 164 191 218 245 122 149 176 223 231 108 135 162 189 216 243 140 147 175 202 229 106 133 160 207 214 111 119 146 173 200 227 124 
151 178 205 212 240 117 144 171 198 225 102 129 137 164 191 238 115 142 169 196 204 100 108 155 182 209 236 113 0 167 175 221 249 126 153 180 207 234 241 138 165 193 220 247 124 151 178 205 213 240 117 144 171 198 225 122 129 156 184 211 238 115 142 189 216 243 100 128 155 182 209 106 133 160 167 194 222 249 126 153 180 207 234 242 119 146 173 220 247 124 151 158 186 213 240 137 164 191 218 245 
122 149 157 203 231 108 135 162 189 216 223 120 147 174 202 229 106 133 160 187 234 241 118 146 173 200 227 124 151 0 185 212 240 117 144 171 198 225 232 110 137 164 191 238 115 142 149 176 203 231 108 155 182 209 236 113 120 147 175 221 248 126 153 180 187 214 241 138 165 192 220 247 124 151 158 185 212 240 117 144 171 178 205 102 129 156 184 211 238 115 122 189 196 223 100 128 155 182 209 106 
133 140 167 194 221 249 126 153 180 207 214 241 119 146 173 220 247 124 131 178 185 213 240 136 164 191 218 245 102 129 0 203 230 108 135 162 169 216 223 120 147 174 202 229 106 133 140 187 214 241 118 145 173 200 207 104 131 158 185 212 239 117 144 171 178 205 232 109 137 164 191 238 245 122 149 176 203 231 108 154 162 209 216 243 101 128 155 202 209 236 113 140 167 195 222 118 146 173 180 207 
234 111 138 166 193 220 247 124 151 158 186 132 140 167 194 221 248 125 152 179 206 234 111 138 165 192 219 116 123 150 178 0 212 219 247 143 170 198 225 102 129 136 163 210 237 114 142 169 196 203 230 127 154 181 208 235 113 140 147 194 221 248 125 152 179 207 234 130 138 165 192 219 246 123 151 197 205 232 109 136 163 190 217 114 122 168 176 203 230 107 134 161 188 196 223 100 127 154 181 228 
105 132 159 187 194 221 248 145 172 199 226 103 111 158 165 212 219 246 123 151 178 205 232 109 136 163 190 217 245 122 149 176 0 210 237 115 142 169 196 243 100 127 135 162 189 216 243 140 167 194 221 248 106 133 160 207 234 111 138 165 173 200 227 124 151 178 205 232 239 136 144 190 218 245 122 149 176 203 210 107 134 161 189 216 243 120 127 174 201 228 105 133 160 187 214 241 118 145 172 199 
227 104 131 178 205 232 109 116 143 170 198 244 122 149 176 203 230 237 114 142 169 196 223 100 127 134 162 208 235 113 140 167 194 0 228 125 152 179 207 234 111 138 145 192 219 246 123 151 178 205 232 109 156 163 190 217 244 122 149 156 183 210 237 115 142 169 196 243 120 127 154 181 208 236 113 160 187 194 221 248 125 152 180 226 103 111 158 165 192 219 246 143 170 197 225 232 109 136 163 210 
237 114 141 169 196 223 100 127 154 181 208 235 112 140 167 214 221 248 125 152 179 206 234 130 138 165 192 219 246 123 150 197 205 101 0 136 163 190 217 114 141 168 176 203 230 107 134 161 188 215 243 100 127 154 181 228 105 132 159 167 194 221 248 145 172 199 226 103 111 138 165 212 239 116 143 170 197 205 232 129 156 183 210 237 114 141 149 176 203 230 107 134 161 169 215 243 120 147 174 201 
228 105 132 179 206 233 241 118 145 172 199 246 123 150 158 185 212 239 116 163 190 217 244 121 129 156 183 230 107 134 161 188 196 223 100 0 174 201 228 105 112 159 167 213 241 118 145 172 199 226 233 130 157 185 212 239 116 143 150 197 224 101 128 156 183 210 237 114 141 168 195 222 100 127 154 181 188 215 242 120 147 174 201 248 125 152 159 186 214 241 118 165 192 219 226 103 111 138 165 212 
239 116 143 170 178 205 232 129 156 183 210 237 114 141 149 176 203 230 107 134 161 188 196 202 210 237 114 141 168 176 203 100 127 154 181 208 0 243 120 166 194 221 248 125 132 140 167 214 241 248 145 152 179 206 234 130 158 185 212 219 246 123 150 197 224 102 129 136 183 190 217 114 141 168 195 223 100 107 134 181 208 235 112 139 167 174 201 248 125 152 179 206 233 110 138 165 192 219 246 123 
150 177 204 232 109 136 143 170 197 224 102 148 176 203 210 237 114 141 168 215 242 119 127 154 181 208 235 132 139 167 194 221 248 125 132 179 206 0 111 138 165 192 199 226 103 131 158 185 212 239 116 143 170 178 205 232 109 136 163 210 237 114 141 149 176 203 230 127 154 181 208 216 243 120 147 194 221 248 125 152 160 187 214 111 138 165 192 219 246 104 131 177 205 232 109 136 163 170 198 244 
121 149 176 203 230 107 134 181 208 215 243 120 147 174 201 248 125 132 159 186 214 241 118 165 192 199 246 103 130 158 185 212 239 116 123 170 178 205 0 129 156 183 210 237 244 122 149 195 223 100 127 154 161 188 215 112 139 167 194 221 248 125 132 179 206 233 111 138 165 192 199 226 103 131 158 185 212 239 246 163 170 197 224 102 129 156 183 230 237 114 141 168 196 223 100 147 154 201 208 235 
112 140 167 213 241 118 145 152 179 206 233 130 157 185 212 239 116 123 150 197 224 101 128 156 183 190 217 114 141 168 195 222 100 107 154 181 208 235 112 0 166 194 221 117 125 152 179 206 233 110 137 184 192 219 246 123 150 177 204 231 109 116 143 170 197 224 101 148 175 183 210 237 114 141 168 215 242 119 146 154 181 208 235 132 159 186 213 221 248 125 152 199 226 103 130 138 184 192 219 246 
123 150 177 204 232 109 136 163 190 217 244 121 148 175 203 249 107 134 161 188 215 242 119 166 174 201 228 105 132 159 186 233 241 137 145 172 199 226 103 150 0 204 212 239 116 143 170 217 244 121 128 156 183 210 237 134 161 188 215 242 249 127 154 201 228 105 132 159 166 193 221 117 145 172 199 226 103 130 137 184 211 238 116 143 170 197 204 231 108 136 163 190 217 244 121 168 175 202 230 107 
134 161 188 235 112 139 146 174 181 208 235 132 159 186 194 221 248 125 152 199 226 103 110 157 165 192 219 246 123 150 177 185 231 239 116 242 119 146 153 180 207 0 112 158 186 213 220 117 124 151 178 225 102 129 157 184 171 198 206 103 130 157 184 211 238 115 142 170 197 224 101 128 155 182 209 106 133 141 168 195 222 249 126 173 200 207 235 112 139 166 193 240 117 124 171 179 206 233 110 157 
184 211 238 115 142 150 196 224 101 128 155 182 209 236 113 121 148 175 202 229 106 133 160 188 215 242 119 146 173 200 227 124 151 159 186 213 240 117 144 191 198 225 0 110 137 164 191 238 115 142 169 177 224 231 108 135 162 189 217 244 101 128 155 202 209 237 114 141 168 195 202 249 126 153 180 208 235 112 139 166 213 220 247 124 152 179 206 103 130 137 164 191 218 246 123 169 197 204 231 108 
135 162 189 236 113 141 168 195 202 229 106 153 180 207 234 112 119 166 173 220 247 124 151 178 206 233 240 137 164 191 218 245 122 150 157 223 231 108 135 162 189 216 243 0 128 155 182 209 236 113 141 187 195 222 249 126 153 180 207 104 112 159 166 193 220 247 124 171 198 225 233 110 137 164 191 238 115 142 150 196 204 231 108 135 162 189 216 224 121 128 155 202 229 106 133 160 188 195 222 119 
146 173 200 227 104 131 139 205 213 240 117 144 171 198 225 122 149 157 184 211 238 115 142 189 216 224 101 128 155 182 209 106 133 160 168 195 222 249 126 173 200 227 104 112 0 166 193 240 117 144 171 178 205 233 110 157 184 211 238 115 142 149 177 223 101 128 155 182 209 216 243 121 148 175 202 229 106 133 141 187 214 242 119 146 173 200 207 104 131 158 186 213 240 117 144 171 198 225 102 130 
157 184 211 108 135 162 189 196 223 101 128 155 182 209 236 243 121 148 175 222 249 126 153 180 187 215 242 139 166 193 220 247 124 131 159 205 232 110 137 164 191 198 225 122 149 0 204 231 108 135 162 189 216 243 120 147 175 202 229 126 153 160 187 214 241 119 146 193 220 227 104 131 158 185 213 109 136 164 171 198 225 102 129 176 203 230 108 115 142 169 196 243 120 147 174 182 209 236 113 140 
167 194 222 249 126 153 180 207 234 111 138 165 193 220 247 144 151 178 205 232 240 117 144 171 198 225 102 129 157 184 211 108 135 142 169 196 223 101 128 155 182 189 216 243 121 148 0 118 126 153 180 207 234 111 138 165 193 220 247 124 151 178 205 102 129 136 164 191 198 205 233 129 157 184 211 238 115 122 149 196 223 100 128 155 182 189 216 113 140 167 194 222 249 126 153 180 207 234 111 138 
165 193 220 117 144 171 178 205 232 109 137 183 211 238 245 122 149 176 203 100 127 154 182 209 216 243 120 147 174 202 229 106 113 140 167 214 241 118 146 173 180 207 234 131 158 185 212 0 247 144 151 198 205 232 110 137 164 191 218 115 122 169 176 203 231 108 135 162 169 196 224 101 128 155 182 229 236 113 140 148 175 202 229 126 153 180 207 234 242 119 146 193 220 247 124 151 178 186 213 110 
137 164 191 218 245 122 149 176 223 231 108 135 162 189 216 113 140 148 175 202 229 106 133 180 207 214 111 119 146 173 200 247 124 151 178 185 213 240 117 164 191 218 245 102 129 157 184 230 0 135 162 189 216 223 100 128 155 182 209 236 113 140 148 194 222 249 126 153 180 207 214 111 138 166 193 220 247 124 131 178 205 232 109 137 164 191 218 245 142 149 176 203 231 108 135 162 169 216 223 101 
128 155 182 229 106 133 160 167 195 222 249 146 173 200 227 234 131 138 166 212 240 117 144 171 198 205 232 129 156 183 211 238 115 122 169 196 223 100 127 155 182 209 236 113 140 167 194 221 249 0 153 200 207 234 111 138 165 192 220 116 124 151 178 205 232 109 136 183 191 237 245 122 149 176 203 100 127 154 162 189 216 243 120 147 174 201 229 236 113 140 167 214 241 118 145 153 200 207 234 131 
158 185 212 239 117 144 151 218 225 102 129 156 183 210 238 134 142 169 196 223 100 127 154 182 189 216 243 120 147 174 202 248 106 153 160 187 214 241 118 165 192 219 227 104 131 158 185 232 109 136 0 171 198 225 102 149 176 203 230 107 115 142 169 216 243 120 147 174 182 209 236 133 160 187 214 241 248 145 153 200 227 104 131 158 185 212 220 116 143 171 198 225 102 129 136 183 210 237 115 142 
169 196 223 120 147 174 201 209 236 113 140 167 194 221 248 106 133 160 187 234 111 138 165 192 200 227 104 151 178 205 232 109 247 124 151 198 225 102 129 156 164 191 218 115 142 169 196 223 100 127 135 0 189 216 243 120 147 174 201 129 156 184 191 218 245 122 149 196 223 100 128 155 162 189 216 113 140 167 194 221 229 236 113 140 168 195 222 249 126 153 180 227 104 112 139 166 193 220 247 144 
171 198 225 233 129 137 164 211 238 115 142 169 196 204 231 128 155 182 209 236 113 121 148 194 222 249 126 153 180 207 234 111 138 166 193 220 247 124 151 158 186 213 240 117 144 171 198 245 102 129 157 184 0 238 115 162 189 196 223 101 128 155 182 229 236 113 140 148 175 202 229 126 153 180 207 234 111 119 146 173 200 227 104 131 158 166 193 240 247 124 151 179 206 233 110 137 184 191 218 245 
122 150 177 224 101 128 135 162 189 216 244 140 167 195 202 249 106 133 160 207 234 111 139 166 173 200 227 124 151 178 205 233 240 117 144 191 218 245 122 149 176 204 211 108 135 162 189 216 243 120 128 175 202 0 106 133 160 187 214 111 119 146 173 200 227 104 131 158 166 193 220 247 124 151 178 225 233 129 137 164 191 218 245 142 169 196 204 231 108 135 162 209 236 113 121 167 175 202 229 126 
153 180 207 234 111 138 146 173 200 227 104 131 158 186 193 240 117 144 171 198 225 102 110 157 184 211 238 115 142 169 196 243 101 128 155 182 209 236 113 160 187 195 222 249 126 153 180 227 104 111 138 166 193 220 0 144 171 198 225 232 110 137 164 211 238 115 142 149 176 204 231 127 155 182 209 216 113 120 147 194 221 249 126 153 180 187 214 111 138 165 192 220 247 104 151 158 185 213 240 117 
144 171 198 245 122 129 156 184 211 238 115 162 189 216 243 100 128 155 182 229 106 133 160 167 194 222 249 145 173 200 227 234 131 138 165 193 220 247 124 131 158 185 213 109 137 164 191 218 245 102 129 176 203 230 108 0 162 169 196 243 120 147 174 202 229 236 133 160 187 214 241 118 146 173 200 247 104 131 158 185 212 239 117 163 191 198 225 102 129 156 183 230 107 135 142 169 196 223 100 147 
174 201 228 106 113 140 167 214 241 118 145 172 200 227 234 131 158 185 212 239 116 143 151 178 205 232 109 136 164 191 218 115 122 149 176 203 230 107 135 181 189 216 243 120 127 155 182 229 236 113 140 167 194 221 249 145 0 180 207 234 111 138 165 193 220 227 104 131 158 185 213 167 175 202 229 106 133 160 168 215 242 119 146 173 200 227 104 131 159 186 213 240 247 105 132 179 206 233 110 137 
164 191 218 245 123 150 177 204 231 108 135 182 189 217 244 121 148 175 202 249 106 133 160 188 215 242 119 166 173 220 227 104 132 159 186 233 110 137 144 171 198 226 103 149 177 204 211 108 115 142 169 197 224 101 128 135 162 0 217 113 141 168 195 222 249 106 133 180 207 234 112 139 166 173 200 247 105 132 159 186 213 240 117 164 171 198 226 103 130 157 184 211 238 246 123 150 177 204 231 128 
155 182 209 236 244 121 148 195 222 249 126 153 161 188 215 112 139 166 193 220 227 124 132 179 206 233 110 137 164 191 199 245 122 150 177 204 231 108 115 182 189 216 244 121 148 175 202 249 106 133 160 188 215 242 119 166 193 200 0 104 131 159 186 233 110 137 144 171 198 225 103 149 176 204 231 238 115 142 169 197 224 101 108 155 162 189 217 113 140 168 195 222 229 106 133 180 207 234 112 139 
166 193 220 247 124 151 178 206 233 110 137 184 211 218 245 122 149 177 204 231 108 115 142 169 197 224 101 148 175 182 209 236 113 141 168 214 242 119 126 153 180 207 235 131 158 186 213 220 247 124 151 198 225 102 130 137 164 191 218 0 142 169 196 223 101 108 135 182 209 236 113 140 167 175 202 249 126 153 180 207 234 242 139 166 193 220 247 124 151 178 205 232 110 137 164 191 218 245 122 169 
196 223 231 108 135 162 189 216 243 120 148 155 182 209 236 133 160 187 214 241 119 126 153 200 227 104 131 158 185 193 220 117 144 171 198 225 102 110 156 184 211 238 115 142 169 196 223 231 108 135 162 189 216 243 120 148 175 202 229 106 0 160 187 234 111 119 146 173 200 227 104 151 178 186 213 240 117 144 171 218 245 122 129 157 184 211 238 135 162 189 216 223 101 128 155 202 229 106 133 140 
187 214 222 118 146 173 200 227 104 131 138 185 212 240 117 144 171 198 225 102 129 156 183 211 238 115 142 169 216 223 100 127 155 182 209 236 243 140 147 175 202 229 106 153 180 207 214 241 119 146 173 220 247 124 131 158 166 193 220 117 144 0 198 205 232 110 137 184 211 238 115 142 149 176 204 231 108 135 162 169 216 224 101 168 195 222 249 126 153 160 188 234 112 139 166 193 220 247 124 151 
178 206 233 110 117 124 152 198 226 103 130 157 164 211 218 115 142 169 197 224 101 128 135 182 209 236 113 141 168 195 202 249 126 153 180 207 235 112 139 166 193 220 247 124 151 178 206 102 130 137 164 191 218 245 122 169 196 204 231 108 135 162 0 216 244 121 128 155 182 209 236 133 160 187 195 242 249 126 153 200 227 104 131 159 166 193 220 117 124 151 179 206 233 110 117 164 191 218 245 123 
150 177 204 101 128 135 182 189 216 244 121 168 175 202 229 106 133 141 168 215 242 119 146 173 200 208 235 132 159 186 213 240 117 144 171 198 225 103 130 157 184 211 238 135 142 169 197 224 101 128 155 202 209 236 113 140 168 195 222 119 126 173 180 0 234 112 139 186 213 240 247 124 151 178 206 102 129 157 164 191 218 245 122 169 196 223 101 128 135 162 189 216 243 121 148 175 182 209 236 133 
160 187 215 242 119 146 153 200 227 104 131 158 186 213 240 117 144 171 198 225 102 130 157 203 231 238 115 142 169 196 224 120 147 155 182 209 236 113 140 187 214 222 119 126 153 180 207 104 131 158 185 193 220 247 124 171 198 225 102 110 156 164 191 238 0 142 169 196 223 231 108 155 182 209 236 113 140 148 175 221 249 126 153 180 207 234 111 138 165 193 220 247 124 151 178 225 232 109 136 164 
191 218 245 142 169 196 203 100 108 135 162 209 236 113 140 167 174 202 229 106 133 160 187 214 222 249 126 173 200 227 104 131 158 166 193 239 117 144 171 198 225 102 109 156 183 211 238 115 142 169 176 243 100 127 154 182 209 236 113 160 167 194 221 248 126 0 180 227 234 131 138 165 192 220 247 143 171 198 205 232 109 136 163 210 237 115 122 149 176 203 230 127 154 181 208 236 243 120 147 194 
221 248 125 152 180 187 234 111 138 165 192 219 246 124 151 197 205 232 109 136 163 190 217 114 122 149 176 203 230 107 134 181 189 216 243 120 147 174 201 248 125 152 160 187 214 241 118 145 172 199 226 234 111 138 165 212 239 116 143 151 178 205 232 129 156 183 0 218 225 102 129 176 203 230 107 134 142 169 196 243 120 147 174 201 228 105 113 160 187 214 241 118 145 172 180 180 207 214 241 118 
145 172 200 246 124 151 178 185 232 239 116 163 190 217 245 122 129 136 164 210 218 245 122 149 176 203 230 127 154 162 189 216 243 120 147 194 221 248 106 133 160 187 214 111 138 165 173 200 227 104 131 178 205 232 109 136 144 171 198 245 122 149 176 203 210 238 115 0 189 216 243 120 127 174 182 209 236 113 140 167 194 202 248 126 153 180 207 234 111 138 165 192 219 247 124 151 178 205 232 129 
156 183 191 218 245 122 149 196 223 100 127 154 162 189 216 243 120 147 155 182 209 236 113 160 167 194 221 248 126 153 160 207 234 111 138 165 192 220 247 143 151 178 205 232 109 136 164 210 218 245 122 149 176 203 230 127 135 181 189 216 243 120 147 194 221 248 106 133 0 187 214 111 138 165 172 219 227 104 131 178 205 232 109 136 144 171 198 245 122 149 176 203 210 238 115 161 189 216 243 120 
147 174 201 209 236 113 140 167 194 221 248 125 172 180 207 234 111 138 165 212 239 247 124 151 178 205 232 129 156 163 190 218 245 122 149 196 223 100 127 134 162 189 216 243 120 147 174 201 209 236 113 160 187 214 241 118 126 153 180 227 104 131 158 185 192 219 247 143 171 0 225 102 129 156 163 210 237 114 142 169 196 223 230 127 154 181 208 236 113 140 167 194 221 248 125 152 180 207 234 131 
158 185 192 219 246 123 151 197 225 102 109 156 163 190 217 114 141 168 196 223 230 107 134 181 208 235 112 140 147 174 201 228 105 132 160 187 214 221 248 145 172 199 226 104 131 158 185 212 239 116 143 170 198 225 102 149 156 183 210 237 114 141 169 215 223 100 127 154 181 208 0 113 140 147 174 201 228 105 133 179 206 214 111 118 145 172 199 246 123 150 178 185 212 239 116 163 190 217 244 102 
129 176 183 230 107 134 161 188 215 243 100 206 233 110 137 164 192 219 246 143 170 177 204 231 108 135 163 209 237 244 121 148 175 202 229 126 153 161 188 215 242 119 146 193 220 247 124 132 159 186 213 110 137 164 191 199 226 103 130 157 184 211 238 116 123 150 177 224 101 128 155 0 210 237 244 141 168 195 222 249 107 114 141 188 215 242 119 146 173 201 228 125 132 159 186 213 240 117 145 152 
199 226 233 110 137 165 192 148 156 183 210 237 114 141 168 215 223 100 127 154 181 208 235 132 139 166 194 221 228 235 113 140 167 194 221 248 125 133 160 207 234 111 138 165 192 199 227 123 150 178 205 232 109 116 163 190 217 244 122 149 176 203 230 127 134 161 188 215 243 120 147 194 0 228 105 132 159 187 214 111 118 145 172 199 226 103 131 158 185 192 219 246 123 151 178 224 102 129 156 163 
210 217 245 141 168 196 223 100 127 134 161 208 216 243 120 147 174 222 100 204 180 117 163 190 198 245 142 169 196 112 100 147 154 201 228 211 167 104 190 217 114 149 176 199 218 123 232 220 227 105 151 206 170 197 185 232 148 132 135 221 229 106 153 180 227 143 170 197 106 133 160 173 110 0 232 108 159 225 145 105 175 226 237 122 152 223 104 174 185 236 112 171 186 216 117 132 163 174 225 145 
219 231 151 221 195 186 197 228 220 231 222 234 225 236 228 109 120 111 122 114 125 116 128 139 150 161 153 164 155 166 158 189 180 191 203 194 205 197 208 219 230 222 233 224 236 247 238 119 130 122 133 124 136 127 138 169 160 172 163 174 166 177 168 199 210 202 213 205 216 207 218 210 221 212 0 215 226 218 229 110 101 112 104 115 107 118 109 140 151 143 154 145 157 148 159 190 182 193 184 195 
207 218 209 240 101 243 104 245 107 248 109 140 132 143 134 145 137 148 139 190 201 193 204 195 206 198 209 240 231 243 234 245 237 248 239 120 131 123 134 126 137 128 139 151 162 173 164 176 167 178 170 201 212 203 214 206 217 208 220 101 242 103 245 106 247 108 100 131 142 133 145 136 147 139 150 0 172 183 175 186 178 189 180 211 222 214 225 216 227 219 230 241 102 244 105 116 108 119 110 141 
172 164 175 166 177 169 180 191 202 194 205 216 208 219 210 241 233 244 235 247 108 249 110 141 133 144 135 147 138 149 141 172 183 174 185 177 188 179 191 222 213 224 216 227 218 229 221 102 243 104 116 107 118 110 121 132 143 135 146 157 148 160 151 182 173 185 176 187 179 190 201 232 223 235 226 237 0 240 231 112 123 115 126 118 129 120 131 143 154 165 156 168 159 170 162 193 184 195 187 198 
229 220 231 112 104 115 106 118 109 120 112 143 134 145 156 148 159 150 162 248 109 100 111 103 114 105 117 148 139 150 142 153 144 155 147 178 169 180 192 183 194 205 197 228 239 230 242 233 244 236 247 128 119 130 122 133 125 136 127 158 169 161 172 163 175 166 177 208 200 211 202 213 205 216 207 238 100 0 102 244 105 246 107 138 130 141 132 144 135 146 138 169 180 171 182 174 185 176 188 179 
210 201 213 204 215 207 218 249 240 101 243 104 246 107 248 129 140 132 143 134 146 137 148 179 190 182 193 184 196 187 198 229 240 232 243 234 246 237 248 240 101 242 103 245 106 247 109 140 131 142 134 145 136 147 139 170 181 172 184 175 186 178 189 220 211 222 214 225 217 228 219 100 242 103 114 105 117 108 0 130 142 133 144 136 147 158 149 180 192 183 194 186 197 188 199 230 222 233 224 236 
247 108 249 130 122 133 124 136 127 138 149 180 172 183 174 186 177 188 180 211 222 213 224 216 227 218 230 221 232 224 235 226 238 229 240 121 113 124 115 126 118 129 120 151 163 154 165 157 168 159 170 201 193 204 195 207 198 209 201 232 243 234 245 237 248 240 101 242 103 245 106 247 109 100 111 142 134 145 136 0 139 150 141 172 184 175 186 178 189 180 191 222 214 225 216 228 219 230 222 103 
134 125 136 128 139 130 141 172 164 175 166 178 169 180 172 203 214 205 216 208 219 211 222 103 244 105 139 150 112 193 134 243 235 163 154 205 177 168 128 179 209 118 176 191 134 185 235 136 127 178 248 110 160 120 171 150 201 121 156 206 218 138 149 208 238 107 138 244 156 167 198 126 138 188 219 120 111 162 153 212 0 234 226 146 137 168 199 120 131 122 172 184 214 155 245 165 176 187 179 190 
201 193 204 235 226 237 229 240 232 243 234 229 169 220 192 179 229 169 220 129 199 174 241 141 153 187 238 186 106 137 168 238 139 154 165 125 117 148 178 209 177 168 109 120 107 217 117 148 159 190 217 137 168 219 230 111 162 153 113 183 194 186 197 248 168 238 119 229 110 161 192 203 214 205 161 247 148 238 139 228 240 0 179 139 103 173 109 140 151 182 236 125 156 187 107 217 188 200 120 147 
217 138 188 109 179 249 150 189 117 187 179 119 170 248 239 167 198 210 110 181 172 112 104 174 193 244 164 104 135 205 126 247 207 127 178 228 129 180 230 190 221 133 223 234 135 205 217 133 144 155 167 178 189 240 120 199 119 150 161 232 243 234 115 225 236 117 128 120 151 181 129 227 147 107 158 189 228 168 135 214 154 185 0 175 246 146 197 145 196 215 135 166 236 168 104 135 146 134 204 215 
116 167 134 185 196 188 238 123 174 244 145 235 246 166 197 208 109 148 179 249 189 109 121 191 222 213 134 244 235 104 135 225 134 184 231 147 198 225 106 117 148 179 190 240 137 148 186 217 217 137 207 151 241 122 212 224 100 171 241 142 133 211 242 131 142 153 223 163 175 186 236 137 227 147 218 119 209 235 104 175 206 217 248 0 177 189 208 128 175 115 185 236 136 167 218 229 110 180 191 132 
111 122 181 231 239 179 249 146 177 188 199 139 190 150 180 227 167 218 248 110 180 100 210 186 236 117 148 159 178 130 216 203 124 214 182 122 172 108 100 170 241 122 192 112 202 214 225 137 168 226 107 119 216 247 144 214 154 185 106 137 242 143 233 114 204 144 214 135 170 189 168 239 139 249 130 228 129 199 186 107 248 149 203 163 0 245 126 176 187 108 119 189 220 180 120 210 131 221 176 117 
187 218 245 165 231 152 242 182 114 145 235 155 246 194 153 204 124 175 206 174 205 164 183 151 201 193 161 231 132 202 126 137 188 199 120 210 241 141 172 187 238 158 248 169 235 191 241 110 141 172 223 210 111 142 173 113 144 214 249 118 149 219 230 225 221 161 101 128 159 205 141 137 207 186 237 157 188 109 140 230 241 122 212 167 154 0 124 214 182 233 193 133 132 183 123 173 224 164 224 105 
116 128 119 130 122 133 124 155 166 158 169 160 172 163 174 205 197 208 199 210 202 213 205 235 247 238 249 241 102 243 105 135 127 138 130 141 132 143 135 166 177 168 180 171 182 174 185 216 207 218 210 221 212 224 215 246 107 249 110 101 112 104 115 146 137 149 140 151 143 154 145 176 187 179 190 181 193 184 195 226 218 229 220 231 223 234 0 106 118 109 120 112 123 114 126 156 148 159 151 162 
173 184 176 206 218 209 220 212 223 214 226 106 248 109 101 112 103 114 106 137 148 139 151 142 153 145 156 187 178 189 181 192 183 195 186 217 228 220 231 222 233 225 236 184 195 186 178 189 180 192 183 214 225 217 228 219 230 222 233 114 105 117 108 119 111 122 133 164 155 167 158 169 161 172 163 194 205 197 208 200 211 202 213 244 236 247 238 0 111 102 113 125 136 127 138 130 141 152 144 175 
186 197 188 199 191 202 194 224 236 227 238 230 241 102 244 124 116 127 119 130 121 132 124 155 166 157 169 160 171 163 174 205 196 207 199 210 201 213 204 235 246 238 249 240 101 243 104 135 146 138 149 140 151 143 154 185 176 188 179 190 182 193 184 235 226 238 229 240 232 243 234 115 107 118 129 120 132 123 134 145 157 148 159 170 162 173 165 195 0 198 190 201 192 203 215 226 237 228 240 231 
112 123 115 145 137 148 140 151 142 153 165 176 187 178 190 181 192 184 195 226 217 228 220 231 222 234 225 106 117 109 120 111 122 114 125 156 147 159 170 161 172 164 175 186 197 189 200 191 203 214 205 236 228 239 230 241 233 244 236 116 128 119 130 122 133 124 136 166 158 169 161 172 163 174 166 197 208 199 211 202 213 205 216 247 238 249 241 102 113 0 116 127 138 130 141 132 143 135 146 177 
188 199 191 202 193 205 196 227 238 230 241 232 243 105 246 127 118 130 121 132 124 135 126 157 168 160 171 162 174 165 176 207 199 210 201 212 204 215 207 237 249 240 101 243 104 245 107 137 129 140 132 143 134 145 137 168 179 170 182 173 184 176 187 218 209 220 212 223 214 226 217 248 109 101 112 103 114 106 117 148 139 151 142 153 145 156 147 178 189 181 0 183 195 186 197 228 220 231 222 233 
245 106 247 128 139 131 142 133 145 136 147 178 170 181 172 183 175 186 178 208 220 211 222 214 225 216 228 108 100 111 103 114 105 116 108 139 150 141 153 144 155 147 158 189 180 191 183 194 185 197 188 219 230 222 233 224 235 227 238 119 110 122 113 124 116 127 118 149 160 152 163 154 166 157 168 199 191 202 193 204 196 207 199 229 241 232 243 235 246 237 249 0 121 132 124 135 126 137 129 160 
191 182 193 185 196 187 198 229 221 232 223 235 226 237 229 110 121 112 123 115 126 118 129 160 151 162 154 165 156 168 159 190 201 193 204 195 206 198 209 240 231 243 234 245 237 248 239 120 131 123 134 125 137 128 139 135 146 137 148 140 151 162 154 184 176 187 179 190 181 192 184 163 155 166 157 169 160 191 182 142 154 145 156 148 159 150 161 192 184 195 186 198 0 200 192 151 163 154 165 176 
188 199 190 221 232 224 235 226 238 229 240 200 192 203 194 205 197 208 219 230 242 233 244 236 247 238 249 130 122 133 124 136 127 138 130 161 172 163 174 166 177 169 180 211 202 213 205 216 227 219 230 190 181 192 184 195 186 197 189 220 231 242 234 245 236 247 239 120 131 122 134 125 136 147 139 170 161 172 164 175 167 178 169 200 211 203 214 205 216 208 219 100 241 0 244 105 247 108 249 130 
161 153 164 155 166 158 169 200 191 203 194 205 197 208 199 230 241 233 244 236 247 238 249 130 122 133 124 136 127 138 130 161 172 163 174 166 177 168 180 211 202 213 205 216 207 218 210 241 102 243 105 246 107 249 110 141 132 143 135 146 137 149 140 171 182 174 185 176 187 179 190 150 141 153 144 155 147 158 169 200 191 203 194 205 197 208 199 159 170 162 173 164 176 167 0 150 141 152 144 155 
166 177 169 200 211 202 213 205 216 208 219 179 190 181 192 184 195 186 198 158 169 180 171 182 174 185 177 207 199 210 202 213 224 215 227 186 178 189 180 192 183 194 186 217 228 219 230 222 233 225 236 117 108 119 111 122 113 125 116 226 237 228 240 231 242 103 245 205 216 207 219 210 221 213 224 184 195 186 197 189 200 192 203 182 174 185 176 188 179 190 182 161 153 164 155 0 158 169 161 191 
222 214 225 216 228 219 230 111 103 114 105 116 108 119 111 141 153 144 155 147 158 149 161 191 183 194 186 197 188 199 191 222 233 224 236 227 238 230 241 122 113 124 116 127 118 130 121 152 163 155 166 157 168 160 171 202 193 205 196 207 199 210 201 232 243 235 246 237 249 240 101 211 222 214 225 216 228 219 230 111 103 114 105 116 108 119 110 141 153 144 155 147 158 149 160 191 0 194 185 197 
208 219 210 241 103 244 105 247 108 249 110 141 133 144 135 147 138 149 141 172 183 174 185 177 188 180 191 222 213 224 216 227 218 229 221 102 113 104 116 107 118 110 121 152 143 154 146 157 149 160 151 182 193 185 196 187 199 190 201 232 224 235 226 237 229 240 231 112 124 115 126 118 129 120 131 162 154 165 156 168 159 170 162 193 204 195 206 198 209 220 212 243 104 115 106 118 109 0 112 143 
154 165 156 168 159 170 162 193 204 195 206 198 209 200 212 243 234 245 106 248 109 100 112 123 134 125 137 128 139 150 142 173 164 175 167 178 170 181 172 203 214 206 217 208 220 211 222 103 245 106 247 108 100 111 102 133 145 136 147 139 150 141 152 183 175 186 177 189 200 191 202 214 245 236 247 239 100 241 102 133 125 136 127 139 130 141 133 164 155 166 177 169 180 171 183 194 205 196 0 199 
230 241 233 114 125 116 127 119 130 121 133 144 155 146 158 169 160 171 163 194 185 196 188 199 191 202 213 224 235 227 238 229 241 232 243 124 116 127 118 129 121 132 123 174 165 177 168 179 171 182 173 204 196 207 218 210 221 212 223 235 246 237 248 240 101 112 104 135 126 137 129 140 131 142 134 165 176 167 179 170 181 173 184 215 206 217 209 220 212 223 214 245 106 117 109 120 112 123 114 0 

0 127 137 129 124 139 114 216 192 167 143 118 244 219 195 190 166 141 117 242 218 193 169 164 140 115 241 216 192 187 163 138 114 239 215 190 166 161 136 112 238 233 208 184 159 135 110 236 211 207 182 158 133 109 234 210 185 181 156 132 107 233 208 184 159 155 130 106 231 207 182 158 133 128 104 230 205 181 156 132 107 102 228 203 179 155 130 106 101 226 202 177 153 128 104 230 225 200 176 151 
233 0 145 179 214 249 114 149 183 218 103 118 152 187 202 237 122 156 171 206 241 125 160 175 210 245 110 144 179 214 229 113 148 183 198 233 117 132 167 202 236 101 136 171 186 221 105 140 155 190 224 109 144 159 194 228 243 128 163 197 212 247 132 167 201 216 101 136 151 185 220 105 120 155 189 224 239 124 158 193 208 243 128 143 177 212 247 131 146 181 216 101 116 150 185 200 235 119 154 189 
160 175 0 221 106 121 155 190 225 240 124 159 194 229 244 128 143 178 213 228 112 147 182 217 232 116 151 186 201 235 120 135 170 205 239 104 139 174 208 243 108 143 178 193 227 112 147 162 196 231 116 151 166 200 235 100 135 169 204 219 104 139 173 188 223 108 142 157 192 227 242 127 161 196 231 246 130 165 200 215 100 134 149 184 219 103 118 153 188 223 107 122 157 192 207 241 126 161 176 211 
182 217 101 0 198 233 118 153 168 202 237 122 117 235 120 155 170 204 239 124 158 173 208 243 108 143 158 192 227 112 146 161 196 231 116 150 165 200 235 119 134 169 204 239 104 138 173 208 223 107 142 157 192 227 111 146 161 196 230 115 130 165 200 215 249 134 169 184 218 103 138 173 188 222 107 122 157 191 226 241 126 161 195 230 245 130 164 179 214 249 134 149 183 218 103 118 152 187 222 237 
208 243 128 162 0 109 144 179 214 229 113 148 163 198 232 117 152 167 202 236 121 136 171 205 220 105 140 175 209 224 109 144 178 193 228 113 128 163 197 232 247 132 166 201 236 101 136 170 185 220 105 139 154 189 224 109 124 158 193 228 243 127 162 177 212 247 131 166 181 216 100 135 150 185 220 235 119 154 189 223 238 123 158 193 208 242 127 142 177 211 246 111 146 181 215 100 115 150 184 199 
171 206 240 125 140 0 107 141 176 191 226 111 145 160 195 230 114 129 164 199 234 249 133 168 203 218 102 137 172 187 222 106 141 156 191 225 240 125 160 195 229 244 129 164 198 213 248 133 148 183 217 232 117 152 186 201 236 121 156 171 205 240 105 140 174 209 244 109 144 178 213 228 113 147 162 197 232 117 132 166 201 236 120 135 170 205 220 105 139 174 189 224 108 143 158 193 228 112 127 162 
133 168 203 218 103 137 0 104 119 154 188 223 238 123 158 192 207 242 127 161 176 211 246 111 146 180 215 100 115 149 184 219 234 119 153 168 203 238 122 137 172 207 242 126 141 176 211 226 110 145 160 195 230 114 129 164 199 233 248 133 168 203 218 102 137 152 187 221 106 141 156 191 225 110 125 160 194 209 244 129 164 179 213 248 133 167 182 217 102 117 152 186 221 236 121 155 190 225 240 125 
246 131 146 180 215 100 115 0 232 116 151 166 201 235 120 135 170 205 239 104 139 174 208 223 108 143 158 193 227 112 147 162 196 231 116 131 166 200 215 100 135 169 204 219 104 139 173 188 223 108 123 157 192 227 242 127 161 196 231 246 130 165 180 215 100 134 149 184 219 103 118 153 188 223 238 122 157 172 207 241 126 161 176 211 245 130 145 180 214 229 114 149 184 218 233 118 153 187 202 237 
209 243 108 143 178 212 247 112 0 229 114 129 163 198 233 248 132 167 202 237 102 136 171 186 201 194 229 113 148 183 198 233 117 132 167 202 236 101 136 171 206 240 105 140 175 190 224 109 144 179 194 228 113 148 182 197 232 117 132 167 201 236 101 136 170 205 240 105 140 174 189 224 109 143 158 193 228 113 128 162 197 232 247 131 166 181 216 101 135 170 185 220 104 139 154 189 224 239 123 158 
129 164 199 214 249 133 148 183 218 0 224 109 143 158 193 228 243 127 162 197 212 247 131 166 201 216 100 135 150 185 220 104 119 154 189 223 108 123 158 193 208 242 127 162 177 211 246 131 146 181 215 100 115 150 184 199 234 119 154 188 203 238 123 157 172 207 242 107 142 176 211 226 111 145 180 215 230 115 149 164 199 234 118 133 168 203 238 122 137 172 207 222 106 141 176 191 226 110 145 160 
151 166 201 236 101 135 170 205 220 104 0 221 106 121 156 190 205 240 125 159 194 209 244 129 163 178 213 248 113 147 182 217 102 117 151 186 221 236 120 155 170 205 240 124 139 174 209 243 128 143 178 213 228 112 147 182 197 231 116 151 166 201 235 100 135 170 204 219 104 139 154 189 223 108 143 158 192 227 112 127 162 196 211 246 131 165 180 215 100 135 169 184 219 104 119 153 188 223 238 123 
244 129 163 178 213 248 133 148 182 217 102 0 199 233 118 153 168 203 237 122 137 172 206 241 106 141 176 210 225 110 145 160 194 229 114 149 164 198 233 118 133 167 202 217 102 137 171 186 221 106 140 175 190 225 110 125 159 194 209 244 128 163 178 213 248 132 147 182 217 232 116 151 186 201 236 120 155 190 205 239 124 139 174 209 243 108 143 178 212 227 112 147 182 197 231 116 151 166 200 235 
207 241 126 141 176 210 225 110 145 180 195 229 0 196 231 246 130 165 180 215 100 134 169 184 219 103 138 153 188 223 238 122 157 192 207 241 126 161 196 211 245 130 145 180 214 249 114 149 184 218 103 118 153 187 202 237 122 157 172 206 241 126 141 175 210 245 110 145 179 194 229 114 148 183 198 233 118 152 167 182 217 232 117 132 147 181 196 231 116 150 185 200 235 120 154 169 204 239 104 138 
110 145 179 214 229 114 149 183 198 233 118 133 167 0 134 169 204 219 103 138 153 188 222 107 122 157 192 226 111 126 161 195 210 245 130 165 160 232 136 151 186 221 105 120 155 190 205 239 124 159 174 209 243 108 143 178 212 227 112 147 182 216 231 116 151 185 220 235 120 155 170 204 239 124 139 173 208 243 108 143 177 212 227 112 146 161 196 231 116 150 165 200 235 119 134 169 204 219 104 138 
110 144 179 194 229 114 129 163 198 233 248 132 167 202 0 169 184 218 103 118 153 187 222 237 122 157 191 226 241 126 160 175 210 245 130 145 179 214 249 114 148 183 218 233 118 152 167 202 237 121 156 171 206 241 125 140 175 210 225 109 144 179 214 229 113 148 183 198 232 117 132 167 202 236 101 136 171 205 240 105 140 175 190 224 109 144 159 193 228 113 128 163 197 232 247 132 166 181 216 101 
222 107 142 157 191 226 241 126 161 195 230 245 130 164 199 0 146 181 216 231 115 150 185 219 234 119 154 189 204 238 123 138 173 207 242 107 142 177 211 246 111 146 180 195 230 115 150 165 199 234 249 134 168 203 218 103 138 153 187 222 107 122 156 191 226 111 126 160 195 210 245 129 164 179 214 249 114 148 183 218 233 117 152 187 202 237 121 136 171 206 240 125 140 175 210 244 109 144 179 194 
165 200 235 119 154 169 204 238 103 138 173 208 223 107 142 177 0 143 158 193 228 243 128 162 197 212 247 131 166 201 216 101 135 150 185 220 104 119 154 189 224 239 123 158 193 208 242 127 142 177 212 246 131 146 181 215 100 115 150 185 200 234 119 154 169 203 238 123 158 173 207 222 107 142 157 191 226 111 146 160 195 230 115 130 164 199 214 249 133 168 183 218 103 137 172 187 222 106 121 156 
128 162 197 212 247 132 166 201 216 101 135 150 185 220 105 120 154 0 121 156 171 205 240 125 140 175 209 244 109 144 178 213 228 113 148 163 197 232 117 151 166 201 236 121 136 170 205 220 105 139 174 189 224 109 143 178 193 228 112 127 162 197 232 246 131 166 201 235 100 135 170 185 219 104 139 154 189 223 108 123 158 192 227 242 127 162 177 211 246 131 165 180 215 100 135 150 184 219 234 119 
240 125 160 194 209 244 129 164 179 213 248 113 148 182 217 102 117 152 0 118 133 168 203 237 102 137 172 207 241 106 141 176 191 225 110 145 160 195 229 114 129 164 198 233 248 133 168 183 197 237 142 177 191 226 111 146 161 195 230 245 130 164 179 214 249 134 149 183 218 103 137 152 187 222 107 122 156 191 226 241 125 160 195 210 245 129 164 179 214 248 133 148 183 218 102 117 152 187 202 236 
208 243 127 162 177 212 247 111 146 181 216 231 115 150 185 220 234 119 154 0 101 136 170 205 220 105 140 174 209 224 109 143 158 193 228 113 127 162 197 232 247 131 166 201 216 100 135 170 185 220 104 139 154 189 223 108 123 158 193 208 242 127 162 196 211 246 131 166 181 215 100 115 150 184 219 234 119 154 188 223 238 123 157 172 207 242 127 142 176 211 246 111 145 180 215 230 115 149 184 199 
170 205 240 125 140 174 209 224 109 143 178 213 228 113 147 182 197 232 116 131 0 248 133 168 202 217 102 137 172 186 221 106 121 156 190 225 240 125 159 194 229 244 129 163 178 213 248 132 147 182 217 102 136 151 186 221 236 120 155 190 205 240 124 159 174 209 243 128 143 178 213 228 112 147 182 216 231 116 151 186 201 235 120 135 170 204 219 104 154 189 204 238 123 158 173 208 242 107 142 177 
148 183 218 233 117 152 187 202 236 121 136 171 206 240 105 140 175 209 244 109 144 0 111 126 160 195 230 245 129 164 199 214 249 133 168 183 218 102 137 152 187 222 106 121 156 191 206 240 125 160 195 210 244 129 164 179 213 248 113 148 183 217 232 117 152 186 221 236 121 156 171 205 240 125 140 174 209 244 109 144 178 213 228 113 147 162 197 232 247 132 166 201 236 101 135 170 205 220 105 139 
111 126 160 195 230 115 130 164 199 214 249 133 168 183 218 103 137 152 187 222 106 121 0 128 162 197 232 117 132 166 201 216 101 135 170 185 220 105 139 154 189 224 108 123 158 193 227 242 127 162 197 212 246 131 166 181 215 100 115 150 185 219 104 119 154 188 223 238 123 158 173 207 242 127 142 176 211 246 131 146 180 215 230 115 149 184 199 234 119 153 168 203 238 122 137 172 207 242 107 141 
113 148 182 217 232 117 151 166 201 236 120 135 170 205 240 105 139 174 209 224 108 143 158 0 125 160 194 229 244 129 164 178 213 248 133 148 182 217 102 136 151 186 221 236 121 155 190 205 240 124 159 194 209 244 128 143 178 213 247 112 127 220 104 139 154 189 223 108 123 158 193 227 242 127 162 177 211 246 131 166 181 215 100 135 169 184 219 104 139 154 188 223 108 123 157 192 227 242 127 161 
133 167 182 217 102 137 152 186 221 236 121 155 190 205 240 125 159 194 209 244 128 143 178 213 0 180 214 229 114 149 183 198 233 118 133 168 202 237 102 137 171 206 241 106 141 175 190 225 110 144 159 194 229 114 129 163 198 233 248 132 167 202 217 102 136 171 131 165 200 235 100 134 169 184 219 104 138 153 188 223 107 142 157 192 227 242 126 161 196 211 245 130 165 180 215 249 134 149 184 218 
190 225 240 124 159 194 209 244 128 143 178 213 247 112 147 182 216 101 116 151 186 201 235 120 155 0 122 137 171 206 241 106 140 175 190 225 110 144 159 194 229 113 148 163 198 232 247 132 167 202 217 101 136 171 186 220 105 140 155 190 224 239 124 159 193 228 243 128 163 197 212 247 132 147 181 216 101 136 151 185 220 105 120 154 189 204 239 124 158 173 208 243 127 162 177 212 247 112 146 161 
133 167 202 237 122 137 171 206 241 106 140 175 190 225 110 144 179 194 229 113 148 163 198 233 248 132 0 249 134 169 183 218 103 118 153 187 222 237 122 156 191 206 241 126 160 175 210 245 129 144 179 214 249 114 148 183 218 233 117 152 167 202 237 121 156 171 206 240 125 140 175 210 225 109 144 179 194 228 113 148 183 198 232 117 132 167 201 236 101 136 171 205 220 105 140 155 189 224 109 124 
245 130 165 199 214 249 134 169 184 218 103 118 153 187 222 237 122 157 191 226 241 126 160 175 210 245 130 0 227 111 146 181 215 230 115 150 165 200 234 119 134 169 203 238 123 138 173 207 222 107 142 176 191 226 111 146 161 195 230 115 130 164 199 214 249 134 168 203 218 103 137 172 187 222 107 122 156 191 226 241 125 160 195 230 245 129 164 179 214 248 133 148 183 218 102 137 152 187 221 236 
208 243 127 162 177 212 246 131 146 181 216 231 115 150 185 219 234 119 154 189 204 238 123 138 173 207 242 107 0 224 109 143 178 193 228 112 127 162 197 232 116 131 166 201 235 100 135 170 185 220 104 139 154 189 223 108 143 158 193 227 242 127 162 196 211 246 131 166 181 215 100 135 130 249 133 168 183 218 103 137 152 187 222 106 141 156 191 226 241 125 160 195 210 244 129 164 199 233 248 133 
105 139 154 189 224 108 143 158 193 228 242 127 162 197 212 246 131 166 181 215 100 135 150 185 219 104 119 154 188 0 155 190 205 240 124 139 174 209 244 108 143 178 213 228 112 147 182 197 231 116 131 166 201 235 120 135 170 204 239 104 139 174 189 223 108 143 177 192 227 112 147 162 196 231 246 131 165 200 215 100 135 169 204 219 104 138 153 188 223 108 123 157 192 227 242 126 161 196 211 246 
217 102 211 175 210 244 129 144 179 214 229 113 148 183 198 232 117 152 167 202 236 121 136 171 205 220 105 140 175 209 0 156 191 226 110 125 160 195 230 245 129 164 199 214 248 133 168 183 218 102 117 152 187 221 106 121 156 191 225 240 125 160 175 209 244 129 144 179 213 248 133 148 182 217 232 117 152 186 201 236 121 155 170 205 240 125 140 174 209 244 109 143 178 213 228 113 147 182 197 232 
203 238 123 138 172 207 242 107 141 176 191 226 111 126 160 195 230 245 129 164 199 214 249 133 168 183 218 102 137 152 187 0 154 188 203 238 123 138 172 207 242 127 142 176 211 246 111 145 180 195 230 115 149 164 199 234 118 153 168 203 238 103 137 172 207 222 106 141 176 211 226 110 145 160 195 229 114 129 164 199 233 248 133 168 202 217 102 137 152 187 221 106 141 156 190 225 110 125 160 194 
166 181 215 100 135 170 185 219 104 119 154 188 203 238 123 158 173 207 242 127 142 176 211 246 111 146 180 195 230 115 149 184 0 131 166 201 235 100 135 170 185 219 104 139 174 189 223 108 143 158 192 227 242 127 162 196 231 246 131 165 200 215 100 135 150 184 219 104 119 153 188 223 108 123 157 192 207 242 126 161 176 211 246 130 145 180 215 249 114 149 184 199 234 118 153 188 203 237 122 157 
109 143 178 213 247 112 147 182 217 232 116 151 166 201 235 120 135 170 205 239 124 139 174 208 223 108 143 178 193 227 112 147 162 0 128 163 198 213 248 132 167 182 217 101 136 151 186 221 105 120 155 190 224 239 124 159 194 209 243 128 163 178 212 247 112 147 182 216 101 116 151 185 220 235 120 155 170 204 239 124 139 173 208 243 238 247 152 186 201 236 121 156 171 205 240 105 140 174 209 224 
215 230 115 150 184 199 234 119 154 188 203 238 123 157 172 207 242 107 142 176 211 226 111 145 180 215 230 115 149 164 199 234 118 133 0 100 135 170 204 219 104 139 154 188 223 108 123 158 192 227 112 127 161 196 211 246 131 165 180 215 100 134 149 184 219 104 119 153 188 203 238 122 157 192 207 242 126 161 176 211 245 110 145 180 215 230 114 149 184 218 233 118 153 168 203 237 122 137 172 206 
178 213 228 112 147 182 197 231 116 151 166 201 235 120 135 170 204 219 104 139 174 208 223 108 143 177 192 227 112 127 162 196 231 246 131 0 247 132 167 182 217 101 116 151 186 220 105 120 155 190 224 239 124 159 174 208 243 128 143 178 212 247 132 147 181 216 231 116 151 185 200 235 120 154 169 204 239 124 139 173 208 223 108 142 177 212 227 112 146 181 196 231 115 130 165 200 235 119 134 169 
140 175 190 225 110 144 159 194 229 113 148 163 198 233 248 132 167 202 217 101 136 171 186 221 105 120 155 190 224 239 124 159 174 209 243 128 0 245 110 144 179 194 229 114 148 163 198 233 117 152 167 202 237 102 136 171 206 221 105 140 175 190 225 109 144 159 194 228 113 128 163 198 232 247 132 167 201 216 101 136 151 186 220 105 140 155 189 224 109 124 159 193 208 243 128 162 177 212 247 132 
103 138 153 187 222 237 122 157 191 206 241 126 141 175 210 245 110 145 179 194 229 114 129 163 198 233 248 133 167 182 217 102 136 151 186 221 236 0 203 237 122 157 172 206 241 126 141 176 210 225 110 145 179 214 229 114 149 183 198 233 118 133 167 202 237 102 137 171 206 241 106 140 175 190 225 110 144 159 194 229 113 148 163 198 233 247 132 167 202 217 101 136 171 186 220 105 140 155 190 224 
196 231 246 130 165 200 215 249 134 149 184 219 103 118 153 188 222 107 122 157 192 207 241 126 161 176 210 245 130 165 180 214 249 114 149 183 218 233 0 200 235 119 154 169 204 238 103 138 173 208 223 107 142 177 192 226 111 146 161 196 230 245 130 165 199 234 249 134 169 203 218 103 138 153 187 222 107 142 156 191 226 111 126 160 195 210 245 129 164 179 214 249 133 168 183 218 213 190 224 109 
231 246 130 165 200 215 249 134 169 204 219 103 138 153 188 222 107 122 157 172 207 222 106 121 136 171 206 221 105 140 155 190 224 109 124 139 174 189 224 0 210 245 110 144 179 194 229 114 148 183 198 233 117 152 167 202 237 102 136 151 186 201 236 101 116 150 165 200 215 230 115 130 165 180 214 249 114 149 183 198 233 118 133 168 182 217 232 117 132 147 182 197 231 246 111 146 161 196 211 245 
106 121 136 151 186 201 236 101 116 150 165 200 215 100 115 150 184 219 234 119 153 168 203 238 103 138 172 207 242 107 141 156 171 206 221 106 121 136 170 205 0 172 207 222 106 141 156 191 225 240 125 160 195 210 244 109 144 159 194 209 224 108 123 138 173 188 223 238 123 138 172 187 222 107 141 156 191 226 111 145 160 195 230 245 129 164 179 214 229 113 128 143 178 193 228 113 147 162 197 232 
203 218 103 118 153 168 202 217 232 117 132 167 182 197 231 246 131 146 181 196 211 246 111 125 160 175 210 225 110 125 159 174 189 224 239 124 158 173 208 243 128 0 134 149 183 218 103 118 153 187 222 237 122 156 171 206 241 126 160 175 210 245 129 144 179 214 229 114 148 183 198 233 117 152 187 202 237 121 136 171 206 240 105 140 175 210 244 109 144 179 194 228 113 148 163 198 232 117 132 167 
138 173 208 223 107 142 177 192 226 111 146 161 196 230 115 130 165 199 214 249 134 169 203 218 103 138 172 187 222 107 122 157 191 206 241 126 160 175 210 245 130 145 0 111 146 181 196 230 115 150 165 200 234 119 134 169 203 238 103 138 173 207 222 107 142 176 191 226 111 126 161 195 230 115 130 164 199 234 249 134 168 183 218 103 137 152 187 222 107 141 156 191 226 241 125 160 195 210 245 129 
101 135 150 185 220 105 120 154 189 224 239 123 158 193 208 243 127 142 177 212 246 131 146 181 216 100 115 150 185 200 234 119 154 169 204 238 123 158 173 207 242 107 142 0 109 143 158 193 228 112 147 162 197 232 247 131 166 201 216 100 135 170 185 220 104 139 154 189 223 108 123 158 193 227 242 127 162 196 211 246 131 146 181 215 100 135 150 184 219 104 119 154 188 203 238 123 157 172 207 242 
213 248 113 148 182 217 232 117 132 166 201 235 120 155 170 205 239 104 139 174 208 243 108 123 158 173 208 223 107 122 157 172 207 241 126 141 176 211 226 110 125 140 175 190 0 196 211 246 111 146 161 195 210 225 110 125 160 175 190 224 239 124 139 174 208 223 108 143 158 193 227 112 147 162 196 231 116 131 166 181 215 230 245 130 145 160 195 210 244 109 144 159 194 209 224 108 123 138 173 188 
199 234 249 134 149 183 198 213 248 113 128 163 178 212 227 242 127 142 157 192 226 111 146 161 196 230 245 130 165 199 214 249 134 169 184 218 233 248 133 148 183 198 232 247 132 0 249 134 168 183 218 103 137 152 187 222 237 122 156 171 206 241 125 140 175 210 225 110 124 139 174 189 224 239 124 139 173 188 203 238 103 118 153 187 222 107 122 157 191 206 241 126 160 175 210 245 130 145 179 214 
185 220 235 120 155 189 204 239 104 139 173 208 243 108 143 177 192 227 112 146 161 196 231 246 111 146 161 195 210 245 110 125 160 175 209 224 239 124 139 174 189 223 238 103 138 153 0 120 135 170 204 239 104 139 173 188 223 108 143 158 192 227 112 146 161 196 231 246 131 165 200 215 100 134 169 204 219 104 138 153 188 223 107 122 157 192 227 242 126 161 196 211 245 130 145 180 215 249 134 149 
120 155 190 225 240 124 159 174 209 243 128 163 178 213 247 132 147 182 216 231 116 151 186 220 235 120 155 189 204 239 124 139 174 208 243 108 143 177 212 247 112 147 162 196 231 246 131 0 247 132 167 182 217 101 136 151 186 220 235 120 155 190 224 239 124 159 193 208 243 128 143 178 212 247 112 147 181 216 101 116 151 185 200 235 100 135 169 204 239 104 139 173 208 223 108 142 157 192 227 112 
233 118 133 167 202 237 102 137 171 186 221 106 140 155 190 225 110 144 159 194 229 244 128 163 198 213 248 132 167 182 217 101 136 151 186 221 105 120 155 190 224 239 124 159 194 209 243 128 0 245 110 144 179 214 229 114 148 163 198 233 117 132 167 202 237 121 136 171 206 221 105 140 175 190 225 109 144 159 194 228 113 128 163 198 232 247 132 167 201 216 101 136 171 185 220 105 120 155 189 224 
196 230 245 130 165 199 214 249 134 149 184 218 103 138 153 187 222 107 122 157 152 118 172 187 222 107 122 156 191 206 241 125 160 175 210 245 129 144 179 214 248 113 148 163 198 213 248 113 127 0 244 129 144 179 213 228 113 148 163 198 212 247 112 147 162 177 212 227 111 146 181 196 230 115 150 165 200 234 119 134 169 203 218 103 118 133 168 183 218 233 117 132 167 182 197 232 247 112 146 181 
153 187 222 237 122 156 171 206 221 236 121 136 170 185 200 235 100 135 150 185 200 215 249 114 149 164 179 194 229 244 128 143 178 193 208 243 108 123 157 192 227 112 127 161 196 231 246 130 165 180 0 147 182 216 231 116 131 146 181 196 230 245 130 165 180 215 249 114 149 184 199 233 118 153 188 203 237 122 137 172 187 202 236 101 136 151 166 201 216 100 115 150 165 180 215 100 134 149 184 219 
190 205 240 125 140 174 209 244 109 143 178 213 228 113 147 182 197 232 116 151 166 201 236 120 135 170 205 220 104 139 174 209 224 108 123 158 173 208 223 238 122 137 172 187 222 237 102 137 152 186 201 0 207 222 107 122 137 172 187 222 106 121 156 191 225 110 125 160 195 229 244 129 164 179 213 248 133 148 182 217 102 137 152 186 221 236 121 155 190 205 240 125 159 174 209 244 128 143 178 213 
184 219 234 119 154 188 203 238 123 157 172 207 242 127 142 176 211 246 111 145 180 215 230 115 149 164 199 234 118 153 168 203 238 122 137 172 207 222 106 141 176 191 225 110 145 180 195 229 114 129 164 198 0 165 180 215 100 115 149 184 219 234 119 153 168 203 238 122 157 172 207 241 126 141 176 211 226 110 145 180 195 229 114 149 184 199 233 118 133 168 202 237 102 137 172 206 221 106 141 175 
147 162 197 231 116 131 166 201 235 100 135 170 185 219 104 139 174 189 223 108 143 158 192 227 242 127 162 196 211 246 131 165 200 215 100 134 149 184 219 104 119 153 188 223 238 122 157 192 207 242 126 161 176 0 143 178 212 247 112 147 181 196 231 116 150 165 200 235 120 135 169 204 239 104 138 173 188 223 108 142 177 192 227 111 146 161 196 231 246 130 165 200 234 249 134 169 204 219 103 138 
110 125 159 194 229 113 128 163 198 213 248 132 167 182 217 101 136 151 186 221 105 120 155 190 205 239 124 159 193 208 243 128 123 135 189 204 239 124 159 174 208 243 128 143 177 212 227 112 127 162 177 192 226 241 0 247 132 167 182 217 101 136 151 166 201 216 100 115 150 165 180 215 230 114 129 144 179 194 229 244 129 144 159 193 208 243 108 143 177 212 227 112 147 181 196 231 116 131 165 200 
172 206 221 106 121 136 171 186 220 235 120 135 150 185 200 235 100 114 149 164 199 214 249 114 129 163 178 213 228 243 128 143 177 192 227 242 107 142 157 172 206 221 106 121 156 191 225 240 125 160 194 229 244 129 164 0 111 145 180 195 210 245 110 144 159 194 209 244 129 144 178 213 228 113 147 182 197 232 117 151 166 201 236 120 135 170 205 220 105 139 154 189 204 239 104 138 153 168 203 218 
229 114 129 144 178 193 228 113 148 163 197 232 117 132 166 201 216 101 136 170 185 220 105 139 174 189 224 109 124 158 193 208 243 108 123 157 172 187 222 107 141 176 191 226 111 126 160 175 210 225 110 125 140 174 189 204 0 211 245 110 125 160 175 210 225 109 124 159 174 189 224 239 124 158 193 228 243 127 162 177 212 247 131 146 181 216 100 115 150 185 220 234 119 154 189 204 238 123 158 173 
144 179 214 248 113 148 183 218 233 117 152 187 202 236 121 156 171 206 240 105 140 175 209 244 109 144 179 213 228 113 148 163 197 232 117 132 167 201 236 121 136 170 205 220 105 140 174 189 224 109 143 158 193 228 113 127 162 0 129 164 179 213 248 133 148 183 217 232 117 152 167 201 236 121 136 171 205 240 125 140 174 209 224 109 124 158 193 228 113 128 162 197 232 247 131 166 181 216 101 135 
107 142 157 191 226 111 126 160 195 210 245 130 164 179 214 249 133 168 183 218 103 118 152 187 222 237 121 156 191 226 241 125 160 175 210 244 129 144 179 213 248 113 148 183 217 232 117 152 167 201 236 121 156 171 205 240 125 140 0 107 141 176 191 226 110 145 160 195 230 244 129 164 199 214 248 133 168 202 217 102 137 152 187 221 106 121 156 190 225 240 125 160 194 209 244 129 144 178 213 248 
219 104 119 154 189 223 238 123 158 173 207 242 127 162 177 211 246 131 146 180 215 230 115 150 184 219 234 119 153 188 203 238 123 137 172 207 242 107 141 176 211 245 110 145 140 137 191 206 241 126 160 175 210 245 110 145 179 214 249 0 196 230 115 150 165 200 234 119 154 169 203 238 123 138 173 207 242 107 142 176 211 226 111 146 180 195 230 115 130 164 199 234 119 134 168 203 238 103 137 172 
144 159 193 228 113 147 162 197 232 117 132 166 201 216 101 135 170 185 220 105 139 174 189 224 108 123 158 193 228 243 127 162 197 212 246 131 166 181 216 100 135 150 185 219 104 119 154 189 223 238 123 158 173 207 242 127 162 177 211 246 0 193 228 112 147 162 197 232 116 151 166 201 235 100 135 170 205 220 104 139 174 189 223 108 143 158 193 227 112 127 162 196 231 246 131 146 181 195 210 245 
106 121 156 191 206 240 125 160 194 209 244 129 144 179 213 248 113 148 182 217 102 117 152 186 201 236 121 155 170 205 240 125 140 174 209 244 109 143 178 193 228 113 147 182 197 232 116 151 166 201 236 101 135 170 205 220 104 139 174 209 224 0 190 225 240 125 159 194 229 244 129 163 198 213 248 132 147 182 217 102 117 151 186 201 236 120 155 170 205 240 104 139 174 209 243 108 143 178 212 227 
199 234 118 133 168 203 238 122 137 172 207 241 106 141 176 191 226 110 145 160 195 229 114 149 164 199 233 248 133 168 202 217 102 137 172 187 221 106 141 156 190 225 240 125 160 194 229 244 129 163 198 213 248 133 147 182 217 102 136 151 186 221 0 168 203 237 122 137 172 206 241 126 141 176 210 225 110 145 160 194 229 114 129 163 198 233 248 133 167 202 217 102 136 151 186 221 106 140 155 190 
162 196 211 246 131 165 180 215 100 135 169 184 219 104 119 153 188 223 238 123 157 192 207 242 126 161 176 211 246 130 145 180 215 249 114 149 184 219 233 118 153 168 203 237 122 157 172 206 241 126 141 176 210 225 110 145 179 194 229 114 149 112 127 0 244 129 144 178 213 228 113 148 182 197 232 117 151 166 201 236 101 136 170 205 240 105 139 174 209 224 109 143 158 193 228 112 127 162 197 232 
203 238 103 137 172 187 222 107 141 156 191 226 110 145 160 195 230 245 129 164 199 214 248 133 168 183 218 102 137 152 187 221 106 121 156 191 225 240 125 160 194 209 244 129 144 179 213 248 133 148 182 217 102 117 152 186 182 199 103 118 153 187 222 237 0 204 239 104 138 173 208 242 107 142 177 192 227 111 146 181 215 230 115 150 185 200 234 119 134 169 203 238 103 138 173 207 242 107 142 176 
148 163 198 232 117 132 167 201 236 101 136 171 205 220 105 140 174 189 224 109 144 159 193 228 243 128 162 197 232 247 132 166 201 216 101 135 150 185 220 105 120 154 189 224 108 123 158 193 208 243 127 162 177 212 246 131 146 181 216 100 115 150 185 219 234 0 201 236 121 136 170 205 240 105 139 174 209 224 109 143 178 193 228 112 147 162 197 232 247 131 166 201 235 100 135 170 205 220 104 139 
110 125 160 195 230 114 129 164 199 214 248 133 168 183 218 102 137 152 187 221 106 121 156 191 225 240 125 160 194 209 244 129 164 179 213 248 113 148 182 217 102 117 152 186 221 236 121 155 170 205 240 125 140 174 209 244 128 143 178 213 228 113 147 182 197 232 0 198 233 118 133 168 202 217 102 137 171 186 221 106 141 175 190 225 110 125 159 194 229 244 129 163 198 213 248 132 147 182 217 232 
203 238 123 157 192 207 242 127 161 176 211 246 111 145 180 215 230 115 149 184 219 234 118 153 168 203 238 122 137 172 207 241 106 141 176 211 226 110 145 160 195 229 114 149 164 199 233 118 133 168 202 217 102 137 172 206 221 106 141 175 190 225 110 125 160 194 229 0 196 211 245 130 145 180 215 249 114 149 184 218 233 118 153 188 203 237 122 137 172 206 221 106 141 176 210 225 110 145 179 194 
166 201 235 100 135 170 204 239 104 139 174 189 223 108 143 158 192 227 112 127 162 196 231 246 131 165 180 215 100 135 169 184 219 104 138 153 188 223 238 123 157 192 227 242 126 161 196 211 246 130 145 180 215 249 114 149 184 219 103 118 153 188 203 237 122 157 172 206 0 173 208 243 108 142 177 192 227 112 146 161 196 231 115 130 165 200 235 249 134 169 204 219 103 138 173 188 222 107 142 157 
128 163 198 233 248 132 167 202 217 101 136 151 186 221 105 120 155 190 224 109 124 159 194 209 243 128 163 178 212 247 132 147 182 216 101 116 151 185 220 235 120 155 189 204 239 124 158 173 208 243 108 142 177 212 247 112 146 181 216 231 115 150 165 200 235 119 134 169 184 0 194 228 113 148 163 197 232 117 152 167 201 236 101 136 151 185 220 105 140 155 189 224 109 143 158 193 228 243 128 162 
134 168 203 218 103 138 153 187 222 107 141 156 191 226 111 126 160 195 210 245 129 164 179 214 249 133 168 183 218 102 117 152 187 222 237 121 156 191 206 240 125 160 175 210 244 109 144 179 213 248 113 148 183 217 232 117 152 167 201 236 121 156 171 205 240 125 140 174 209 224 0 191 226 110 145 160 195 229 114 129 164 199 214 248 133 168 183 217 102 117 152 187 221 236 121 156 171 205 240 125 
246 131 146 181 215 100 115 150 185 200 234 249 134 149 184 199 214 248 133 148 183 218 102 117 152 187 202 236 121 156 191 205 240 125 160 175 209 244 109 144 178 213 228 113 148 182 217 232 117 151 166 201 236 121 136 170 205 240 124 139 174 209 224 109 143 178 193 228 112 147 162 0 129 164 179 213 248 133 167 182 217 102 137 152 186 221 236 121 155 190 205 240 125 159 194 209 244 128 143 178 
150 184 219 104 119 154 169 203 238 123 138 172 207 222 107 141 176 211 226 111 145 180 195 230 114 129 164 199 234 118 133 168 203 237 102 137 172 187 222 106 141 156 191 225 110 145 160 195 229 244 129 164 198 213 248 133 168 183 217 102 137 152 186 221 236 121 156 190 225 240 125 159 0 126 141 176 211 245 110 145 180 214 229 114 149 184 199 233 118 133 168 202 237 122 137 172 187 221 106 141 
112 127 162 177 212 246 131 166 181 215 100 135 150 185 219 234 119 154 188 203 238 123 158 192 207 242 127 142 176 211 246 111 146 180 215 230 115 149 184 199 234 119 153 168 203 238 122 137 172 207 242 107 141 176 191 226 110 145 180 195 230 114 149 164 199 233 248 133 168 203 218 102 137 0 143 178 193 228 112 147 182 197 231 116 151 166 201 235 100 135 170 204 219 104 139 174 208 223 108 143 
114 129 164 199 233 248 133 168 203 237 102 137 172 187 221 106 141 156 191 225 110 125 160 194 229 244 129 164 198 213 248 133 167 182 217 102 136 151 186 221 236 121 155 190 225 240 124 159 194 209 244 128 143 178 213 247 112 147 182 217 101 116 151 186 201 235 120 155 170 205 239 124 139 174 0 140 175 190 225 110 105 238 142 157 192 227 242 127 161 196 231 246 130 165 180 215 100 114 149 184 
155 190 225 110 125 159 194 209 244 128 163 178 213 248 132 167 182 217 101 116 151 186 221 236 120 155 190 205 239 124 159 174 209 243 108 143 178 212 247 112 147 182 216 231 116 151 166 200 235 120 135 170 204 239 124 139 173 208 223 108 143 177 192 227 112 146 181 196 231 116 130 165 200 235 100 0 216 101 136 171 186 220 105 120 155 189 224 239 124 159 193 208 243 128 162 177 212 247 112 146 
118 153 187 222 237 122 157 172 206 241 126 160 175 210 245 130 145 179 214 229 114 148 183 198 233 118 152 187 202 237 121 136 171 206 241 106 140 175 210 225 109 144 179 194 229 113 128 163 198 232 117 132 167 202 236 101 136 171 186 220 105 140 175 189 224 109 144 159 193 228 243 128 162 197 212 247 0 214 248 133 148 183 218 232 117 152 187 202 236 121 156 191 205 240 125 140 175 209 244 109 
231 115 150 185 200 234 119 154 169 204 238 123 138 173 207 242 107 142 177 192 226 111 126 161 195 230 245 130 165 199 234 249 134 168 183 218 103 138 152 187 222 107 122 156 191 226 241 125 160 195 210 245 129 164 179 214 248 133 148 183 218 233 117 152 187 221 236 121 156 191 206 240 125 140 175 209 244 0 211 226 111 145 160 195 230 114 129 164 199 234 249 133 168 203 218 102 137 172 187 222 
193 228 113 147 162 197 232 247 131 166 201 216 101 135 150 185 220 104 119 154 189 204 238 123 158 173 208 242 127 162 177 211 246 111 146 181 215 230 115 150 184 199 234 119 154 169 203 238 103 138 172 207 242 107 142 176 211 226 111 145 160 195 230 115 130 164 199 234 118 133 168 203 218 103 137 172 187 222 0 188 223 108 123 158 192 207 242 127 161 176 211 246 131 165 180 215 100 115 149 184 
156 190 205 240 125 160 175 209 244 109 144 178 213 248 113 148 182 217 232 117 151 166 201 236 120 155 170 205 240 124 139 174 209 224 108 143 178 193 228 112 147 182 197 231 116 131 166 201 235 100 135 170 204 219 104 139 174 189 223 108 123 158 192 227 112 127 162 196 231 246 131 165 180 215 100 135 169 184 219 0 186 220 235 120 155 170 205 239 124 159 174 208 204 240 145 179 214 229 114 149 
120 135 170 204 239 104 139 174 208 223 108 143 158 192 227 112 147 181 216 231 116 150 165 200 235 120 135 169 204 239 104 138 173 208 223 108 142 157 192 227 111 146 161 196 231 115 130 165 200 215 249 134 169 204 219 103 138 173 188 222 107 122 157 192 226 241 126 161 195 230 245 130 165 180 214 249 134 149 183 218 0 185 200 235 119 134 169 204 238 123 138 173 208 242 107 142 177 192 226 111 
233 117 152 167 202 236 121 136 171 206 221 105 140 175 209 224 109 144 179 194 228 113 128 163 197 232 247 132 167 201 236 101 136 170 185 220 105 140 155 189 224 109 124 158 193 228 243 128 162 197 212 247 131 166 181 216 101 135 150 185 220 235 119 154 189 224 239 123 158 193 208 242 127 142 177 212 246 111 146 181 215 0 162 197 232 117 132 166 201 236 101 135 170 205 220 105 139 174 189 224 
195 230 115 130 164 199 234 249 133 168 203 218 103 137 172 187 222 106 141 156 191 226 241 125 160 195 229 244 129 164 179 214 248 113 148 183 217 232 117 152 187 202 236 121 156 171 205 240 105 140 175 209 244 109 144 178 213 228 113 148 163 197 232 117 132 166 201 236 121 136 170 205 220 105 139 174 189 224 108 143 158 193 0 160 194 209 244 129 164 179 213 248 133 167 182 217 102 117 152 186 
158 192 207 242 127 162 177 211 246 111 146 180 215 100 115 150 184 219 234 119 153 168 203 238 123 138 172 207 222 107 141 176 211 226 111 145 160 195 230 114 129 164 199 234 249 133 168 203 218 102 137 152 187 222 106 141 156 191 225 110 125 160 195 209 244 129 164 198 213 248 133 167 182 217 102 117 152 186 221 236 121 155 190 0 137 172 207 241 106 141 176 211 225 110 145 180 195 229 114 129 
120 135 170 205 239 104 139 174 209 224 108 143 178 193 227 112 147 162 197 231 116 131 166 200 215 100 135 170 204 219 104 139 173 188 223 108 123 158 192 227 242 127 161 196 231 246 131 165 180 215 100 134 149 184 219 104 118 153 188 223 238 122 157 192 207 241 126 161 176 211 245 130 145 180 214 229 114 149 184 218 233 118 153 187 0 134 169 204 219 104 138 173 208 223 107 142 157 192 227 111 
233 248 133 167 163 215 120 154 169 204 239 104 138 173 208 223 108 142 177 212 227 111 146 161 196 231 115 150 185 200 234 119 154 169 204 238 103 138 173 207 222 107 142 177 211 226 111 146 161 195 230 115 130 165 199 234 119 134 168 203 218 103 138 172 187 222 107 141 156 191 226 111 126 160 195 210 245 129 164 199 214 249 133 168 183 0 150 184 199 234 119 154 188 203 238 123 138 172 207 242 
213 248 113 148 182 217 232 117 152 167 201 236 121 136 170 205 240 125 140 174 209 224 109 143 178 193 228 113 147 162 197 232 116 131 166 201 216 101 135 170 205 220 104 139 174 189 224 108 123 158 193 227 112 127 162 197 231 246 131 166 181 215 100 135 150 185 219 104 139 154 188 223 238 123 158 192 207 242 127 161 176 211 246 131 146 180 0 186 221 106 141 156 190 225 240 125 159 194 209 244 
215 100 135 150 185 219 234 119 154 188 223 238 123 158 192 207 242 127 142 176 211 246 131 145 180 215 100 115 149 184 199 234 118 153 168 203 238 122 157 172 207 241 106 141 176 191 226 110 125 160 195 229 114 129 164 199 233 248 133 168 183 217 102 137 172 187 221 106 141 156 190 225 240 125 160 194 209 244 129 163 198 213 248 133 148 182 217 0 184 199 233 118 153 168 203 237 122 137 172 206 
178 213 228 112 147 182 197 231 116 151 166 201 235 120 135 170 204 239 104 139 174 189 223 108 143 177 192 227 112 147 162 196 231 246 131 165 200 215 100 135 150 184 219 104 119 153 188 203 238 123 157 192 207 242 126 161 176 211 246 111 145 180 215 230 114 149 184 219 234 118 153 168 203 237 122 137 172 207 241 106 141 176 210 225 110 145 180 195 0 161 196 231 115 130 165 200 215 100 134 169 
140 155 190 225 110 125 159 194 209 244 128 163 198 213 248 132 167 182 217 101 116 151 186 221 236 120 155 190 224 239 124 159 174 209 243 128 143 178 212 247 132 147 182 216 231 116 151 185 200 235 120 155 170 204 239 124 139 173 208 223 108 143 177 212 227 112 146 181 196 231 116 131 165 200 235 100 134 169 204 239 104 138 173 188 223 107 142 157 192 0 159 193 228 243 128 162 177 212 247 132 
103 138 153 187 222 237 122 157 191 206 241 126 160 175 210 245 240 139 173 208 243 127 142 177 212 247 131 146 181 216 231 115 150 102 156 171 206 241 125 160 175 210 245 129 144 179 214 248 133 148 183 218 233 117 152 187 202 236 121 156 171 206 240 125 140 175 209 224 109 144 179 213 228 113 148 182 197 232 117 132 167 201 236 121 136 170 205 240 105 140 0 106 121 156 191 225 110 125 160 195 
166 181 216 100 135 150 185 220 104 139 154 189 223 238 123 158 193 208 242 127 162 177 211 246 131 146 181 215 100 115 150 184 219 234 119 154 188 203 238 123 138 172 207 242 127 142 176 211 246 111 145 180 195 230 115 149 164 199 234 118 153 168 203 238 103 137 172 207 222 106 141 176 191 226 110 145 160 195 229 114 129 164 199 233 248 133 168 202 217 102 137 0 104 119 153 188 223 238 122 157 
129 144 178 213 248 132 147 182 217 102 117 151 186 201 236 120 155 170 205 240 124 159 174 209 243 108 143 178 213 228 112 147 182 216 231 116 151 166 201 235 120 135 170 204 239 104 139 174 208 223 108 143 158 192 227 242 127 162 196 211 246 131 165 200 215 100 135 150 184 219 104 119 153 188 223 108 123 157 192 207 242 126 161 176 211 246 130 145 180 215 249 114 0 231 116 151 166 200 235 120 
241 106 141 176 191 225 110 145 179 194 229 114 149 164 198 233 248 133 167 202 237 102 137 171 206 221 106 140 155 190 225 110 125 159 194 229 113 128 163 198 213 248 132 167 182 217 101 136 151 186 221 236 120 155 170 205 239 124 139 174 209 243 128 143 178 212 227 112 147 182 197 231 116 151 166 200 235 120 135 170 204 219 104 139 173 208 223 108 143 177 192 227 112 0 228 243 128 163 198 213 
184 219 103 118 153 188 223 107 122 157 192 226 241 126 161 176 211 245 130 145 180 214 249 134 149 184 218 233 118 153 187 202 237 122 157 172 206 241 126 141 175 210 245 110 145 179 214 229 114 148 183 198 233 118 133 167 202 237 121 136 171 206 241 106 140 175 190 225 109 144 159 194 229 113 148 163 198 232 247 132 167 202 217 101 136 171 186 220 105 140 155 190 224 109 0 206 241 125 160 195 
147 181 216 101 116 150 185 220 235 120 154 189 204 239 123 138 173 208 243 127 142 177 212 246 111 146 181 196 211 246 130 145 180 215 230 114 149 184 199 234 118 153 168 203 237 122 137 172 207 222 126 141 176 210 245 130 145 180 214 229 114 149 183 198 233 118 153 168 202 237 122 137 171 206 221 106 141 175 210 225 110 144 179 194 229 113 128 163 198 233 248 132 167 202 236 0 184 218 103 118 
109 124 159 194 228 243 128 163 178 212 247 132 147 182 216 101 136 151 185 220 235 120 155 189 204 239 124 158 173 208 243 128 143 177 212 227 112 146 181 216 231 116 150 185 200 235 119 134 169 204 239 123 138 173 208 242 107 142 177 192 227 111 146 161 196 230 115 150 165 200 234 249 134 169 203 218 103 138 172 187 222 107 142 157 191 226 241 126 160 195 230 245 130 164 199 214 0 181 216 100 
222 237 121 156 191 206 241 125 140 175 210 244 129 144 179 214 248 113 148 183 198 232 117 152 167 202 236 121 156 171 205 240 105 140 175 209 224 109 144 178 193 228 113 128 163 197 212 247 132 166 181 216 101 136 170 185 220 105 120 154 189 224 239 123 158 193 208 223 108 123 157 172 207 222 107 122 156 191 226 241 126 160 195 210 245 129 164 179 214 249 133 148 183 218 102 117 152 0 119 154 
184 219 104 119 153 188 223 108 123 157 192 227 242 126 161 176 211 246 130 145 180 215 249 134 149 184 219 234 118 153 188 203 237 122 157 192 207 241 126 141 176 210 245 110 145 180 214 229 114 149 183 198 233 118 133 168 202 237 122 137 171 206 221 106 140 155 190 225 110 125 159 194 229 244 128 163 198 213 248 132 147 182 217 101 136 151 186 221 105 120 155 190 205 239 124 159 174 209 0 175 
226 237 121 156 191 206 241 125 160 175 210 244 109 144 179 214 248 113 148 183 217 232 117 152 167 202 236 121 136 171 205 240 125 140 175 209 224 109 144 178 193 228 113 148 163 197 232 117 132 166 201 236 101 136 170 205 220 105 139 174 189 224 109 123 158 193 228 112 127 162 197 232 246 131 166 181 216 100 135 150 185 219 104 139 154 189 223 238 123 158 192 207 242 127 162 177 211 246 131 0 

4697 0 57 4680
3057 1 57 4547
3137 2 57 4627
4265 3 57 3268
4550 4 57 3553
3450 5 58 4613
4062 6 58 3065
3168 57 58 4657
4181 57 58 2858
4723 58 59 3726
3572 58 59 4735
2629 59 60 4119
4754 59 60 3757
3086 60 61 4249
2724 60 61 3887
4591 61 62 3267
4229 61 62 2906
3672 62 63 4835
3310 62 63 4800
2493 63 64 3983
3507 63 64 4669
4850 64 65 3853
3376 64 65 4539
2886 65 66 4376
3900 65 66 2577
3737 66 67 4900
4424 66 67 3427
3485 67 68 2489
4498 67 68 3174
4463 67 68 3139
4008 68 69 2685
4695 68 69 3698
2499 68 69 3663
3026 69 70 4189
3713 69 70 2717
4726 69 70 3729
4524 70 71 3200
2723 70 71 4213
3736 70 71 4899
3282 71 72 4444
3968 71 72 2972
2494 71 72 3658
4527 72 73 3203
3053 72 73 4216
3739 72 73 2743
3285 73 74 4774
4298 73 74 2975
2497 73 74 3987
4530 74 75 3533
3056 74 75 4219
3742 74 75 2746
3615 75 76 4777
4301 75 76 3305
2827 75 76 3990
3841 75 76 2518
3543 76 77 4706
4230 76 77 3233
2756 76 77 3919
3770 76 77 4932
2695 77 78 3859
3382 77 78 4871
4395 77 78 3072
2594 77 78 4084
4008 78 79 3011
2534 78 79 3697
4955 78 79 2910
4589 78 79 2544
2757 79 80 3200
4095 79 80 4209
2944 79 80 3059
3954 79 80 4395
4393 80 81 4507
2915 80 81 3031
3925 80 81 4366
2774 80 81 2890
3159 81 82 3274
4168 81 82 4609
3018 81 82 3133
4027 81 82 4142
4140 82 83 4581
2989 82 83 3104
3999 82 83 4113
2521 82 83 2964
2961 83 84 3076
3970 83 84 4085
2492 83 84 2935
3829 83 84 3944
4839 83 84 4953
3551 84 85 3666
4561 84 85 4675
3083 84 85 3525
4420 84 85 4534
2615 84 85 2731
3216 85 86 3658
4553 85 86 4667
3075 85 86 3190
4085 85 86 4526
2934 85 86 3049
3807 86 87 4248
2656 86 87 2772
3666 86 87 3781
4676 86 87 2631
3525 86 87 3640
4398 87 88 4839
3247 87 88 3362
4257 87 88 4371
2779 87 88 3221
4116 87 88 4230
2501 88 89 2944
3511 88 89 3952
4848 88 89 4961
3370 88 89 3812
4380 88 89 4820
3092 89 90 3207
4102 89 90 4543
2951 89 90 3066
3961 89 90 4402
4970 89 90 2925
3683 90 91 3797
4692 90 91 2648
3542 90 91 3656
4552 90 91 4665
3074 90 91 3516
4274 91 92 4388
2796 91 92 3238
4133 91 92 4247
2655 91 92 2770
3664 91 92 4106
2514 91 92 2630
4774 92 93 3777
4542 92 93 2891
4901 92 93 3904
3427 92 93 4263
3786 92 93 4948
4473 92 93 3476
4533 93 94 3209
2732 93 94 3895
3745 93 94 4907
4432 93 94 3108
2630 93 94 3794
3317 93 94 4153
2565 94 95 3728
3252 94 95 4414
3938 94 95 2615
4624 94 95 2974
2496 94 95 3659
3182 94 95 4345
4469 95 96 3145
2667 95 96 3831
3354 95 96 4517
4040 95 96 4875
4400 95 96 3076
2598 95 96 3762
4595 96 97 3271
2793 96 97 3956
3480 96 97 4642
4166 96 97 2843
4853 96 97 3528
3051 96 97 3887
4338 97 98 2687
4697 97 98 3373
2896 97 98 4059
3582 97 98 4744
4269 97 98 2945
4955 97 98 3631
4203 98 99 2880
4890 98 99 3566
3088 98 99 4251
3775 98 99 4610
4134 98 99 2811
4821 98 99 3496
3619 99 0 4782
3978 99 0 2655
4665 99 0 3341
2864 99 0 4027
3550 99 0 4712
3909 99 0 2586

29977

0 334 28
1 721 44
2 616 44
3 589 22
4 546 25
5 678 35
6 752 38
7 669 41
8 744 44
9 936 48
10 754 47
11 928 24
12 252 27
13 327 30
14 402 33
15 477 36
16 651 39
17 309 20
18 384 23
19 458 26
20 533 29
21 608 36
22 782 39
23 857 42
24 932 45
25 257 48
26 332 21
27 407 24
28 482 27
29 556 30
30 631 33
31 706 36
32 781 39
33 708 37
34 980 39
35 305 42
36 380 45
37 747 48
38 664 29
39 814 32
40 730 35
41 406 38
42 637 41
43 613 44
44 668 47
45 486 24
46 561 27
47 833 30
48 257 33
49 726 36
50 347 39
51 619 42
52 674 45
53 591 48
54 666 21
55 385 24
56 559 27
57 831 34
58 452 37
59 468 40
60 385 43
61 320 46
62 297 49
63 668 22
64 702 25
65 604 41
66 679 21
67 733 24
68 907 27
69 331 30
70 504 33
71 480 36
72 654 39
73 828 38
74 448 41
75 523 48
76 697 21
77 772 24
78 294 27
79 665 30
80 839 33
81 262 40
82 849 43
83 489 42
84 762 49
85 481 22
86 951 25
87 847 28
88 370 31
89 619 34
90 733 37
91 256 40
92 528 43
93 998 46
94 618 49
95 957 22
96 480 29
97 653 32
98 925 35
99 349 38
