100 264 5

0 206 213 200 207 194 181 168 175 162 189 235 112 139 165 212 238 115 142 227 104 131 177 204 230 107 153 180 207 233 130 156 238 245 122 168 195 221 248 144 171 197 244 120 147 174 220 247 123 150 196 223 100 146 173 199 226 122 149 176 202 249 125 152 198 225 102 168 214 241 117 144 190 217 244 140 167 193 220 116 143 169 196 132 159 185 232 108 135 161 208 234 111 138 184 211 237 134 160 227 
241 0 105 112 249 126 152 219 115 142 148 175 202 248 125 151 178 224 101 128 154 201 227 104 150 177 204 230 127 153 180 206 103 130 156 203 229 106 132 179 205 232 109 155 182 208 105 171 197 224 120 147 174 200 247 123 150 196 223 100 126 173 199 226 122 149 176 202 249 125 152 179 225 102 128 175 201 228 104 190 217 244 120 167 193 220 116 143 169 196 242 119 146 172 219 245 122 168 195 222 
118 105 0 139 165 192 238 115 142 168 215 131 157 204 230 107 134 180 207 233 110 156 183 210 106 133 159 225 122 148 175 202 248 125 151 237 114 140 167 213 240 117 143 190 216 243 139 166 193 219 116 142 169 196 242 119 145 192 218 245 121 168 194 221 117 144 171 197 244 120 147 174 220 247 123 209 236 112 139 185 173 199 226 162 188 215 111 138 165 191 238 114 141 168 214 241 117 164 190 217 
113 140 166 0 239 116 143 199 206 193 200 227 103 130 176 242 119 146 192 219 245 142 168 234 111 157 184 211 237 134 160 187 233 110 137 163 210 236 113 179 225 102 129 175 202 228 105 191 217 244 121 167 194 220 117 183 209 236 132 159 186 232 109 175 201 248 124 151 178 224 101 127 174 200 227 104 150 177 203 119 166 192 219 115 142 169 195 131 158 184 211 107 134 161 207 123 150 176 223 249 
146 172 219 135 0 188 235 111 138 164 211 127 134 160 187 233 110 137 183 249 126 153 199 226 102 129 175 202 228 125 151 178 205 101 128 194 201 227 124 150 177 204 100 166 193 219 116 142 169 215 242 158 185 231 108 134 161 207 234 111 157 184 210 237 133 160 187 122 149 176 202 249 125 152 179 114 141 168 214 241 117 144 190 106 133 160 206 233 109 156 182 249 125 172 198 225 101 148 174 201 
247 124 170 197 224 0 147 213 239 136 162 189 216 112 139 205 231 128 155 181 228 104 131 197 243 120 147 173 220 246 123 209 235 112 139 185 212 238 115 201 227 104 150 177 109 116 142 208 235 131 158 185 231 108 134 161 207 234 111 137 184 210 237 173 199 226 103 149 176 202 229 165 191 218 114 141 168 194 241 157 183 210 106 133 160 206 233 109 136 182 209 236 112 159 185 101 148 174 201 228 
124 170 197 113 140 186 0 239 116 162 189 105 151 178 205 231 128 154 181 247 143 170 197 243 120 146 173 219 246 123 149 196 222 249 145 211 238 115 161 188 214 241 137 203 230 126 153 180 206 103 129 195 222 118 145 172 218 245 121 188 234 111 137 164 210 237 113 199 226 103 129 176 202 229 105 191 218 245 141 168 194 221 117 144 170 197 243 120 147 193 220 136 163 209 236 112 139 185 212 128 
174 201 247 124 151 197 224 0 166 213 239 116 143 189 216 242 139 165 192 218 115 141 168 234 131 157 184 230 107 134 160 246 123 149 176 222 249 126 172 238 115 141 188 214 241 118 164 230 107 153 180 206 233 129 156 183 209 106 132 159 205 232 109 175 221 248 124 151 197 224 101 186 213 240 116 163 189 216 243 178 205 232 128 155 181 208 104 170 197 224 120 147 134 180 207 123 150 196 223 249 
146 172 219 135 161 188 234 111 0 184 211 237 114 160 187 214 240 137 163 183 210 237 113 140 186 213 240 156 202 229 105 152 178 205 232 167 194 221 247 144 170 197 243 120 147 173 220 246 123 150 196 112 139 185 212 238 115 161 188 104 131 177 204 230 127 153 180 246 142 169 196 222 119 145 172 108 134 161 188 234 111 137 164 210 237 114 160 187 213 240 136 202 229 106 152 179 205 102 128 155 
201 228 124 151 178 204 101 167 193 0 116 143 170 216 243 159 185 232 108 135 162 208 235 151 158 184 211 107 134 161 187 123 150 176 223 249 126 153 199 226 102 129 175 202 229 125 152 218 225 101 148 174 201 227 124 190 217 243 140 166 193 239 116 182 209 105 132 158 185 231 108 135 181 208 234 111 157 184 210 127 173 200 226 123 149 176 202 138 165 192 218 115 141 168 214 130 157 184 230 107 
153 180 206 142 169 195 222 118 145 172 0 245 121 148 194 221 248 124 171 237 113 160 186 213 240 136 163 189 216 112 139 166 212 239 115 181 228 104 131 158 204 231 107 193 220 246 123 169 196 223 249 185 212 238 135 161 168 155 202 118 145 171 218 244 121 147 194 220 247 143 170 197 223 120 146 212 239 135 162 189 235 112 138 204 101 127 154 181 227 104 130 216 243 120 146 193 219 246 122 169 
215 242 118 145 191 218 245 161 207 234 110 0 183 210 237 173 199 226 122 149 175 202 248 165 191 218 114 141 168 214 241 157 183 230 106 133 160 206 233 109 156 182 209 235 132 158 185 101 148 174 201 247 124 150 177 223 100 127 153 200 226 103 149 216 242 119 165 192 218 245 141 208 234 131 157 184 210 107 133 200 226 123 149 176 222 249 125 192 238 115 141 168 214 241 118 164 191 217 244 140 
187 213 240 156 202 229 106 132 179 205 232 168 0 221 248 144 171 197 224 160 186 213 109 136 163 189 236 112 139 166 212 239 115 162 188 104 131 177 204 231 107 154 180 246 143 169 196 223 119 146 172 238 135 161 188 234 111 138 164 100 127 153 180 226 103 130 176 203 229 106 152 179 206 232 129 195 221 118 144 171 198 244 121 147 174 220 247 123 170 197 223 139 186 212 239 135 162 189 215 151 
178 224 101 127 134 161 187 104 150 177 203 230 126 0 179 115 142 169 195 242 118 145 172 218 245 121 168 194 221 247 144 120 127 154 200 227 104 130 177 243 119 146 192 219 246 142 169 235 111 158 184 211 238 134 161 187 234 110 137 164 210 237 113 179 226 102 129 175 202 229 105 191 218 244 121 167 194 221 117 183 210 236 133 159 186 213 109 175 202 248 125 151 178 224 101 128 154 201 227 104 
150 177 223 139 166 212 239 116 142 189 215 242 119 165 0 218 115 141 168 234 130 157 184 210 107 133 160 246 122 149 176 222 249 125 152 238 245 121 148 175 221 248 124 190 237 113 140 186 213 240 116 163 189 216 112 139 166 192 239 155 162 188 215 111 138 165 191 127 154 180 207 103 130 157 203 119 146 172 219 245 122 149 195 222 248 145 171 198 225 121 148 214 240 137 163 190 236 113 140 206 
102 129 155 202 228 105 151 217 244 121 167 194 220 117 143 0 236 132 159 186 212 109 135 162 208 235 112 138 185 211 238 154 200 227 104 150 177 203 230 126 153 180 206 103 129 156 202 118 145 172 218 245 121 148 194 110 137 183 210 237 113 160 186 102 129 175 202 229 236 242 119 205 232 108 135 181 208 234 111 157 184 211 107 134 160 187 233 150 176 203 249 126 152 199 225 142 168 215 241 118 
164 191 237 153 180 207 103 130 156 183 229 106 132 179 206 232 0 155 182 248 144 171 198 224 121 147 174 240 136 163 190 236 113 139 166 102 128 155 182 228 105 131 178 244 120 147 193 220 247 123 170 196 223 119 146 173 199 246 122 188 215 111 138 165 211 238 114 141 187 214 240 117 163 190 217 153 179 206 232 129 156 182 209 145 171 198 244 121 148 174 221 137 163 190 236 113 140 186 213 129 
175 202 228 105 151 178 205 101 128 154 181 227 104 131 177 243 120 0 193 219 246 123 169 235 112 158 185 211 238 134 161 227 104 150 177 203 100 126 153 180 226 103 129 156 202 229 106 191 218 245 121 168 194 221 248 183 210 237 133 160 186 213 109 175 202 229 125 152 178 225 101 167 194 240 117 144 170 217 243 120 166 193 220 246 143 169 196 112 158 185 212 108 135 161 188 234 111 138 164 211 
107 134 160 226 123 149 176 222 249 126 152 238 115 141 168 214 202 228 0 191 217 244 140 167 194 220 117 183 209 106 132 159 186 232 109 135 162 208 235 111 158 184 211 141 148 135 181 208 235 111 158 224 100 127 173 200 227 123 150 216 242 139 165 192 219 115 142 208 104 131 157 184 230 107 134 200 246 123 149 196 222 249 126 212 238 115 141 188 214 241 137 204 230 107 153 180 206 233 129 196 
242 119 145 172 218 245 122 188 234 111 137 184 210 237 114 199 226 103 149 0 202 229 125 191 218 245 141 168 194 241 117 183 210 106 133 160 186 233 109 175 222 248 125 152 198 225 101 167 174 221 247 124 151 197 224 140 166 213 239 116 162 189 216 132 178 205 231 108 154 181 208 144 131 177 204 230 127 153 180 246 142 169 196 222 119 145 172 108 134 161 188 234 111 137 164 100 127 153 200 226 
123 149 176 242 138 165 192 238 115 141 168 104 130 157 184 230 107 133 180 246 0 149 195 222 249 125 172 238 114 161 187 214 241 137 164 230 106 153 179 206 102 129 156 222 118 145 171 198 244 121 148 233 110 137 163 210 236 113 140 226 102 129 175 202 228 105 151 218 244 121 167 194 220 117 143 210 236 133 159 186 193 200 226 142 169 215 242 119 165 192 218 134 181 207 234 111 157 184 210 146 
173 219 246 122 169 195 222 138 185 211 238 114 161 187 214 150 177 203 230 126 153 0 206 142 169 195 242 118 145 172 218 134 161 187 234 110 137 183 210 126 153 199 226 102 129 175 202 118 164 191 218 244 141 167 194 110 156 183 210 106 133 159 186 122 148 175 202 248 125 151 198 114 140 167 213 240 117 143 190 106 133 179 206 232 109 155 182 248 125 171 198 224 121 147 174 240 136 163 190 216 
113 159 186 102 128 175 201 228 124 151 178 244 140 167 193 220 116 143 170 105 132 159 0 232 108 135 162 247 124 151 197 224 100 127 173 239 116 143 189 216 242 139 165 232 108 155 181 208 234 131 157 224 120 147 173 200 246 123 149 216 112 139 165 212 238 115 141 227 104 131 157 204 230 107 153 219 246 123 169 196 222 249 145 211 238 134 161 188 214 111 137 203 230 126 153 180 226 103 129 195 
242 118 145 191 218 245 141 207 234 110 157 183 210 237 133 199 226 122 149 175 202 248 125 0 218 114 141 167 174 201 228 144 190 217 243 140 166 193 220 156 182 209 235 132 158 185 231 148 174 201 247 124 150 177 223 234 241 118 144 171 217 244 121 206 233 110 136 183 209 236 113 198 225 102 148 175 201 228 124 151 178 204 101 127 154 200 227 143 170 216 243 119 146 192 219 135 181 208 235 111 
158 204 231 147 173 220 246 123 150 196 223 139 185 212 239 115 162 188 215 131 177 204 231 127 0 180 207 143 169 196 223 119 146 172 219 245 122 148 195 221 248 125 171 237 114 160 187 214 240 137 163 229 106 152 179 206 102 129 155 221 228 105 151 178 204 101 127 194 220 117 143 170 216 243 119 146 192 219 246 122 169 195 222 158 145 191 218 245 121 168 194 110 157 183 210 237 133 160 186 102 
149 175 222 248 125 152 198 225 101 128 174 201 228 124 151 217 243 140 166 193 239 116 143 209 105 0 158 185 231 108 135 221 247 124 150 197 223 100 127 213 239 116 162 189 215 242 139 205 231 108 154 181 208 104 131 197 223 120 146 173 200 246 123 149 196 222 249 125 172 198 225 141 188 214 241 137 164 190 217 153 180 206 233 129 156 183 229 145 172 198 245 121 128 135 162 228 104 151 177 204 
100 127 173 200 227 103 150 176 203 249 126 192 219 115 142 168 195 241 118 184 231 107 134 160 207 233 0 176 223 249 126 172 199 225 102 148 175 202 248 125 151 178 224 140 167 194 240 117 143 190 216 133 159 206 232 109 135 182 208 125 171 198 224 101 147 174 200 117 163 190 216 113 139 166 192 128 155 182 208 105 131 158 204 120 147 174 220 247 123 150 196 223 100 146 173 199 226 122 149 215 
111 138 165 211 238 114 141 227 103 130 157 203 230 106 153 219 245 122 168 195 222 248 145 211 237 134 160 0 214 110 137 163 190 236 113 140 186 213 239 155 202 228 105 151 178 205 231 167 194 220 247 143 170 197 243 159 186 212 109 135 162 189 235 112 138 185 211 238 115 161 188 104 130 177 203 230 126 153 180 246 142 169 195 222 118 145 172 107 134 161 187 234 110 137 164 249 126 153 199 226 
122 149 175 242 138 165 191 238 114 141 167 103 130 157 183 230 106 133 179 206 232 109 155 182 209 105 132 198 0 121 147 174 201 247 124 190 236 113 140 166 173 200 226 142 189 215 242 138 165 192 218 154 181 207 234 130 157 184 230 107 133 160 206 233 110 136 183 122 149 176 202 249 125 152 178 114 141 168 214 241 117 144 190 106 133 160 206 233 109 156 182 209 236 132 159 185 212 108 135 201 
247 124 151 197 224 100 127 213 239 116 162 189 216 242 139 205 231 108 154 181 208 104 131 197 223 120 146 173 200 0 123 189 235 112 138 165 211 238 115 181 227 104 130 177 203 230 107 153 180 206 233 129 156 183 229 145 172 198 245 121 148 194 221 137 164 210 237 113 140 186 213 129 136 163 209 236 112 139 185 101 128 174 201 228 104 151 177 204 231 127 154 180 227 103 130 196 203 249 126 153 
199 226 102 188 215 241 138 164 191 218 114 180 207 233 130 156 183 229 106 133 159 206 232 109 136 182 209 125 171 198 0 101 147 174 201 117 163 190 216 113 139 166 193 128 155 182 208 105 131 158 204 120 147 174 220 247 123 150 196 112 139 185 212 239 115 162 188 104 131 177 204 231 127 154 180 207 103 130 157 203 230 106 133 219 245 122 149 195 222 248 145 211 237 114 160 187 214 240 137 203 
249 126 152 179 186 193 220 155 182 209 235 132 158 185 231 108 135 161 208 234 111 138 184 100 127 173 200 226 103 149 176 0 119 165 192 218 115 141 168 234 130 157 184 210 107 133 160 206 233 110 136 183 209 236 113 198 225 102 148 175 201 228 124 190 217 244 140 167 193 240 116 182 209 105 132 159 185 232 108 174 221 247 124 151 197 224 100 166 213 239 116 162 189 216 242 178 205 231 108 154 
201 227 104 131 177 204 230 127 153 180 207 143 169 196 222 119 145 172 218 135 161 188 234 111 137 164 210 127 153 200 226 103 0 176 202 119 145 192 218 245 141 168 195 221 118 144 171 197 244 120 147 233 110 136 163 209 236 112 139 225 102 128 175 201 228 104 151 217 244 120 167 193 220 116 143 170 196 243 119 146 172 219 245 162 208 235 111 138 184 211 237 154 200 227 103 150 176 203 229 165 
192 238 115 142 168 215 241 157 184 230 107 134 180 207 233 149 196 222 249 126 172 199 225 161 188 214 241 137 164 191 217 114 140 0 213 240 117 143 190 106 132 159 205 232 109 155 182 248 124 171 197 224 211 108 134 200 247 123 150 177 223 100 126 192 239 115 142 188 215 242 118 165 191 218 245 141 168 194 241 244 101 128 174 201 227 104 150 216 243 139 166 193 219 116 142 208 235 131 158 185 
231 108 154 220 247 123 170 196 223 119 146 212 239 135 162 188 215 111 138 204 101 127 154 180 227 103 130 196 243 119 146 192 219 245 0 208 235 111 138 184 211 238 134 200 227 103 150 176 203 249 126 192 219 115 142 168 195 241 118 145 191 218 244 121 167 194 220 137 183 210 236 133 159 186 213 148 175 202 228 125 151 178 224 140 147 174 201 227 124 150 177 113 139 166 193 239 116 142 169 215 
112 138 165 191 238 115 141 227 214 241 137 164 190 217 113 180 206 103 129 156 182 229 105 172 198 245 121 148 194 221 247 164 210 237 113 0 186 213 240 175 202 229 105 152 178 205 232 167 194 221 117 144 170 197 243 159 186 213 109 136 162 209 235 151 178 224 101 128 154 201 227 143 190 216 243 120 166 193 219 135 182 208 235 131 158 185 211 108 134 161 207 234 111 137 184 100 126 153 199 226 
122 149 176 112 138 165 191 238 114 141 187 104 130 157 203 230 237 244 120 186 213 109 136 163 209 236 112 139 185 212 239 115 162 188 215 151 0 204 231 127 154 180 207 143 169 196 242 119 146 172 219 135 161 188 234 111 138 184 211 127 153 200 226 103 130 176 203 119 165 192 218 245 141 168 195 111 157 184 210 107 133 160 187 123 149 176 202 249 125 152 198 115 141 168 214 241 118 144 191 107 
153 180 206 233 129 156 183 249 145 172 198 245 121 148 175 221 248 124 171 197 224 100 147 213 240 116 163 189 216 112 139 205 232 128 155 181 208 0 131 197 243 120 147 173 220 246 123 189 235 112 139 185 212 238 115 161 188 215 241 138 164 191 237 153 180 207 103 130 156 183 229 145 172 218 245 122 148 195 221 137 164 210 237 114 160 187 213 129 176 202 229 106 152 179 205 141 168 194 221 117 
164 190 217 133 180 206 233 109 156 182 209 145 172 198 225 121 148 174 201 137 164 190 237 113 140 167 213 129 156 182 229 105 132 178 205 121 148 194 0 247 124 170 197 224 120 147 173 200 246 123 149 216 112 139 165 212 238 115 142 227 104 131 157 204 191 217 114 180 207 233 130 156 183 209 106 172 199 245 122 148 175 221 248 124 151 197 224 101 147 174 200 164 191 217 244 140 167 194 220 156 
202 229 106 132 179 205 232 168 194 221 248 144 171 197 224 160 186 213 109 136 163 189 236 152 178 205 101 128 155 201 228 144 171 217 244 120 147 193 220 0 182 209 236 112 159 185 212 128 174 201 228 124 151 177 204 140 166 193 220 116 143 169 216 132 158 185 231 108 135 161 208 234 111 157 184 211 237 134 160 226 103 149 176 203 249 126 152 218 115 141 168 195 241 118 144 230 217 244 140 167 
213 240 117 202 229 106 132 179 205 232 128 155 182 208 105 131 158 184 231 147 154 180 207 103 130 157 183 119 146 173 219 246 122 149 195 111 138 184 211 238 0 161 187 103 130 176 203 230 126 153 179 245 142 168 195 222 118 145 171 107 134 160 187 233 110 137 163 249 126 152 199 225 102 129 175 241 118 144 191 217 244 140 167 233 110 156 183 209 236 132 159 225 122 148 175 201 248 124 151 178 
224 120 147 174 200 247 123 189 216 112 139 166 212 239 115 181 228 104 131 158 204 231 107 193 220 247 123 170 157 164 190 126 153 179 206 102 129 156 202 229 105 0 178 205 232 108 155 221 247 144 170 197 224 120 147 213 239 136 162 189 235 112 139 205 101 128 154 181 227 104 131 216 243 120 146 193 219 246 142 208 235 112 158 185 211 238 134 201 227 124 150 177 203 100 126 193 219 116 142 169 
215 242 138 204 231 108 154 181 207 104 130 196 223 119 146 173 199 246 122 188 235 111 138 165 211 238 114 141 187 214 241 137 164 190 217 153 179 206 233 129 156 182 0 145 171 198 244 121 148 174 221 137 163 210 236 113 140 186 213 129 155 202 228 105 151 178 205 231 128 154 181 227 104 131 157 243 120 146 173 219 246 123 169 235 112 138 185 211 238 115 161 227 104 150 177 203 230 126 153 219 
115 142 188 215 242 118 165 231 107 134 181 207 234 130 157 223 100 146 173 199 226 122 149 215 111 138 165 191 238 114 141 207 103 130 157 203 230 106 133 219 245 122 149 0 222 248 145 211 237 114 160 187 214 240 137 163 190 236 113 140 166 213 239 155 182 228 105 132 178 205 231 147 194 220 247 143 131 157 184 120 146 173 200 246 123 149 196 112 138 165 211 238 115 141 188 214 241 137 164 190 
237 113 140 143 150 177 223 100 127 173 200 116 142 189 215 242 119 165 192 108 154 181 207 234 130 157 184 100 146 173 199 246 122 149 176 112 138 165 211 238 114 141 187 104 0 157 203 230 106 153 179 246 122 169 195 222 248 145 171 238 134 161 187 214 110 137 164 230 126 153 179 226 102 129 156 241 118 145 171 218 244 121 167 194 221 247 144 170 197 223 120 186 213 109 136 162 189 235 112 178 
224 101 128 174 201 227 104 190 197 223 100 127 173 200 226 142 189 215 242 138 165 192 218 115 141 168 194 241 118 144 191 107 114 140 167 193 240 116 143 229 106 132 159 205 232 0 135 221 248 124 171 197 224 100 147 213 240 116 163 189 216 112 139 205 232 128 155 181 208 104 131 197 243 120 147 173 220 246 123 189 235 112 139 185 212 238 115 201 227 104 150 177 204 230 127 193 219 246 142 169 
215 242 119 205 231 108 134 181 207 234 130 157 184 210 107 133 160 187 233 149 176 222 249 125 152 198 225 141 168 214 241 117 164 190 217 133 180 206 233 109 116 123 150 216 112 139 0 212 239 115 142 188 215 242 118 165 191 218 114 180 207 234 130 157 183 210 106 172 199 245 122 149 175 222 248 164 191 237 114 141 187 214 240 156 203 229 106 133 179 206 232 168 195 221 248 144 171 198 224 160 
207 233 110 136 183 209 236 172 199 225 102 148 175 201 228 164 191 217 114 140 167 194 240 156 183 209 106 132 159 205 232 148 175 221 248 124 151 197 224 101 147 174 200 227 123 150 176 0 139 166 192 239 115 142 169 104 131 158 184 231 107 134 180 246 123 150 196 223 249 126 172 238 115 161 188 215 241 138 164 191 218 114 141 167 214 240 117 183 229 106 133 159 206 232 109 195 221 248 125 171 
217 244 121 187 233 110 136 163 209 236 113 199 225 102 128 175 201 228 105 191 217 244 140 167 193 220 116 183 209 236 132 159 185 232 108 175 201 248 124 151 177 224 100 167 213 240 116 143 0 216 243 159 205 232 108 155 181 208 235 170 197 224 100 147 173 200 246 123 150 176 223 249 126 152 199 115 142 188 215 241 118 164 191 107 134 180 207 233 240 117 143 210 106 133 159 186 232 109 135 221 
248 125 171 198 224 121 147 174 200 247 124 150 177 223 100 194 201 228 124 151 177 204 100 166 193 239 116 143 169 216 242 158 185 231 108 135 181 208 234 150 197 223 100 127 173 200 226 162 189 0 242 139 165 192 218 154 181 208 104 131 157 184 230 146 173 200 246 123 149 196 222 138 165 211 238 115 141 188 214 130 177 203 230 107 153 180 206 122 169 195 222 118 145 172 198 245 121 148 175 221 
117 144 171 237 133 160 186 233 109 136 163 248 125 152 178 225 101 128 174 240 247 124 151 177 224 100 127 213 239 116 143 189 216 242 119 165 192 219 115 142 168 195 241 157 144 191 217 244 141 167 0 110 156 183 210 106 133 159 186 122 148 175 202 248 125 151 198 114 140 167 213 240 117 143 190 106 132 179 205 232 109 155 182 248 124 171 197 224 120 147 174 240 136 163 189 216 112 139 166 101 
128 174 201 228 104 151 177 244 140 167 193 220 116 143 169 236 132 159 185 232 108 135 161 208 234 111 138 184 211 237 134 200 226 103 149 176 203 229 126 192 219 115 142 168 195 241 118 184 211 107 134 0 167 174 201 136 163 190 216 113 139 166 193 239 116 142 189 215 242 119 165 231 108 134 181 207 234 130 157 223 100 146 173 199 246 122 149 215 111 138 165 191 238 114 141 227 103 130 157 203 
230 106 153 219 245 142 169 195 222 118 145 211 238 134 161 187 234 110 137 203 249 126 153 179 226 102 129 215 241 118 145 191 218 244 121 207 233 110 156 183 210 236 133 199 225 102 148 175 202 248 125 151 0 224 101 128 154 201 227 143 190 216 243 120 166 193 219 135 182 208 235 131 158 185 211 147 174 200 227 123 150 177 223 139 166 192 239 115 142 169 215 242 118 165 191 218 245 141 168 234 
130 157 203 230 106 133 179 245 122 168 195 222 248 145 171 237 114 160 187 214 110 137 163 229 126 152 179 206 102 129 155 241 118 145 171 218 244 121 147 233 110 137 183 210 236 113 159 225 102 129 175 202 228 0 151 217 244 140 167 194 220 117 143 209 106 132 159 186 232 109 135 201 248 124 151 197 224 101 127 174 200 227 104 150 177 203 100 166 192 219 115 142 169 215 242 158 184 231 107 134 
180 207 103 169 196 223 119 146 172 199 245 161 188 234 111 138 164 211 237 114 141 187 214 240 137 163 190 125 151 178 204 101 128 154 181 117 143 170 216 243 120 146 193 109 135 162 208 235 112 158 185 101 127 174 0 227 104 150 177 243 139 166 192 219 115 142 169 235 131 158 184 231 107 134 161 246 123 150 196 223 249 126 172 238 115 142 188 215 241 138 164 230 107 154 180 207 233 130 156 223 
119 146 172 219 245 122 148 195 221 248 144 171 198 224 121 187 213 240 136 163 190 236 113 179 206 102 129 155 182 228 105 171 178 204 101 127 154 200 227 143 170 216 243 119 146 192 219 246 142 169 195 222 118 145 172 0 245 141 168 194 221 117 144 210 237 133 160 186 233 109 136 202 248 125 152 178 225 101 128 214 240 117 144 190 217 243 120 206 232 109 156 182 209 235 132 198 225 101 148 174 
221 247 124 210 236 113 159 186 213 239 136 202 228 105 151 178 205 101 128 194 220 117 143 170 197 243 120 186 232 109 135 162 208 235 112 138 185 211 238 134 161 188 214 150 177 203 230 126 153 180 226 142 169 195 242 118 0 172 218 134 161 207 234 110 117 124 151 217 244 140 167 193 220 116 143 169 216 242 119 146 192 219 245 161 208 234 111 157 184 211 237 173 200 227 103 150 176 203 249 165 
212 238 115 142 188 215 241 177 204 230 107 153 180 207 233 169 196 222 119 145 172 199 245 161 188 214 111 137 164 210 237 153 180 226 103 129 176 202 229 145 191 218 245 121 168 194 221 157 184 210 237 133 160 186 213 149 176 0 249 125 152 178 225 101 128 155 201 228 104 151 177 243 120 166 193 220 246 143 169 235 132 159 185 212 108 135 161 228 124 151 177 224 100 127 153 239 116 143 169 216 
112 139 165 192 238 115 141 168 214 241 118 204 230 107 134 180 207 233 130 196 222 249 145 172 199 225 122 188 214 111 137 164 191 237 114 180 206 103 129 156 202 229 106 172 218 245 121 148 194 221 248 183 210 237 113 160 186 213 0 175 202 229 125 152 178 205 101 167 194 221 117 144 170 217 243 160 186 233 109 136 162 209 235 152 198 225 101 128 174 201 227 104 150 177 204 100 127 153 180 116 
142 169 215 242 119 165 192 108 135 181 208 234 221 118 144 210 107 133 160 187 233 110 136 202 249 125 152 198 225 102 128 175 201 228 124 151 178 204 101 147 154 181 207 104 130 157 203 120 146 173 219 246 122 169 195 112 138 185 211 0 114 161 187 104 150 177 203 230 126 153 180 246 142 169 195 242 118 145 172 107 134 161 187 234 110 137 183 249 126 153 199 226 102 129 175 241 118 164 191 218 
114 141 187 214 240 137 163 190 217 113 140 206 232 129 155 182 228 105 132 158 205 231 108 154 181 208 234 170 197 223 100 146 173 200 246 162 189 215 112 138 165 192 238 154 161 188 214 111 137 164 191 126 153 180 226 103 129 156 202 229 0 132 179 205 232 128 155 221 228 105 151 178 204 231 127 193 220 247 143 170 196 243 119 185 212 108 135 162 188 235 111 177 224 100 127 154 200 227 103 169 
216 112 139 165 192 238 115 181 208 104 131 157 204 230 107 173 219 246 123 149 196 222 249 185 211 238 115 161 188 214 241 137 164 191 237 114 140 167 213 129 156 183 229 106 132 179 205 232 109 155 182 208 105 131 158 224 120 147 174 200 247 0 150 236 112 139 166 212 239 115 142 228 104 131 177 204 191 198 225 161 187 214 110 137 164 190 237 113 140 186 213 239 116 162 189 105 132 178 205 232 
128 155 201 117 144 170 217 243 120 166 193 109 136 182 209 235 112 158 185 101 147 174 201 227 124 150 177 243 139 166 193 239 116 142 169 105 131 158 185 231 108 134 181 247 123 150 196 223 100 126 173 239 115 162 188 215 242 138 165 191 218 114 0 168 214 241 117 183 230 106 133 160 206 233 109 156 182 209 236 132 159 185 232 148 174 201 247 124 151 177 224 140 166 213 239 116 143 189 216 132 
178 205 101 128 154 181 227 144 170 197 243 120 146 193 219 246 123 169 196 222 249 145 172 238 135 161 188 214 111 137 164 230 127 153 180 226 103 129 156 242 119 145 172 218 245 121 168 234 111 137 184 210 237 113 160 226 103 149 176 202 229 125 152 0 245 141 168 194 241 117 144 210 106 133 160 206 233 109 136 222 248 125 152 198 225 101 148 174 201 228 124 151 177 204 100 166 193 239 116 143 
189 216 242 119 165 192 219 115 142 168 195 131 157 184 211 107 134 160 207 123 149 176 222 249 236 113 159 225 102 148 175 202 228 125 151 217 244 140 167 194 240 117 143 170 216 243 119 166 192 219 246 174 181 207 104 130 157 184 230 146 173 219 246 123 0 196 222 138 165 211 238 115 161 188 214 130 177 203 230 126 153 180 206 142 169 195 222 118 145 172 218 134 161 187 234 110 137 164 210 126 
172 219 245 122 149 195 222 138 184 211 237 114 160 187 214 240 137 163 190 236 113 140 166 102 129 155 182 228 105 132 178 244 121 147 194 220 247 143 170 236 113 159 186 212 239 135 162 228 125 151 178 205 101 128 154 220 227 104 150 177 203 230 126 193 219 0 142 169 195 242 118 145 172 218 245 121 148 194 221 137 144 171 217 244 120 167 193 109 136 182 209 236 112 159 185 101 148 174 201 228 
124 151 197 113 140 186 213 239 116 162 189 105 132 178 205 232 128 155 181 247 144 170 197 224 120 147 173 109 136 162 189 235 112 139 165 101 128 154 201 227 104 131 177 204 230 107 153 180 207 103 130 196 222 119 145 172 199 245 122 188 234 111 137 164 210 237 0 180 226 103 129 176 202 229 106 191 218 245 121 168 194 221 117 183 210 237 133 160 167 154 200 116 143 170 216 243 119 166 192 219 
115 142 188 215 241 118 164 231 107 134 180 207 233 130 157 223 249 146 172 199 226 122 149 215 111 138 164 191 237 114 141 207 103 130 156 203 229 106 133 218 245 122 148 195 221 248 144 210 237 114 160 187 213 240 136 202 229 125 152 179 205 102 128 194 221 117 144 0 217 244 120 147 193 220 247 123 170 196 223 159 185 212 239 135 162 188 215 151 177 204 100 127 154 180 227 143 169 196 242 119 
165 192 219 155 181 208 104 131 158 184 231 147 173 200 246 123 150 196 223 139 165 212 238 115 142 188 215 241 138 164 191 217 114 140 167 233 130 156 183 229 106 133 159 245 122 148 175 221 248 125 171 237 114 140 187 213 240 117 163 229 106 152 179 205 232 128 155 221 0 144 171 197 244 120 147 213 109 136 163 189 236 112 139 225 101 128 155 201 228 104 131 217 243 120 166 193 220 246 143 169 
216 242 119 165 192 219 245 181 208 234 131 157 184 211 107 173 200 226 123 149 176 222 249 165 192 238 115 141 168 214 241 157 204 230 107 134 140 167 194 110 156 183 209 106 132 159 186 122 148 175 201 248 124 151 197 224 101 127 174 200 227 104 150 204 231 107 134 161 207 0 110 176 223 249 126 172 199 226 102 188 215 241 118 164 191 218 114 180 207 233 130 156 183 210 106 172 199 245 122 148 
195 221 248 184 210 237 114 160 187 213 240 176 202 229 126 152 179 205 102 168 195 221 118 144 171 217 244 120 147 193 220 247 123 170 196 112 159 185 212 239 135 162 188 215 111 138 165 211 238 114 141 227 103 130 157 203 230 106 153 219 245 122 168 195 222 248 145 211 218 244 0 167 194 221 117 183 210 236 133 159 186 213 109 136 162 209 235 112 139 185 212 128 135 161 208 234 111 138 184 100 
146 173 200 246 123 149 176 112 138 165 211 238 115 141 188 104 130 157 203 230 107 153 180 246 122 169 195 222 249 145 172 238 134 161 187 214 110 137 164 230 126 153 179 226 102 129 156 242 118 145 172 218 245 121 168 194 221 247 144 170 197 224 120 186 213 109 136 162 189 235 112 0 165 212 238 115 161 188 215 131 177 204 230 107 153 180 207 143 169 196 222 119 145 172 199 135 161 188 234 111 
137 144 191 107 133 160 206 233 110 136 183 209 236 132 159 186 212 109 135 201 228 124 151 178 224 101 127 193 240 116 143 170 216 243 119 205 232 108 135 181 208 235 111 197 224 101 147 174 200 227 123 189 216 243 139 166 192 239 115 181 208 104 131 158 184 231 107 173 220 246 123 150 0 223 249 165 212 238 115 161 188 215 241 138 164 191 237 114 141 167 214 130 156 183 229 106 133 179 206 232 
129 155 182 228 105 131 178 244 121 147 194 220 247 124 170 236 113 159 186 212 239 135 162 228 105 151 178 204 101 127 154 220 116 143 170 196 243 119 146 192 219 246 122 169 195 222 249 184 211 238 134 161 187 214 110 176 203 230 126 153 179 226 102 168 195 241 118 145 191 218 244 160 207 0 110 137 183 210 236 172 199 225 102 148 175 202 228 164 191 217 114 140 167 194 240 156 183 209 106 132 
179 205 232 168 195 221 248 144 171 198 244 121 147 174 220 247 123 150 196 113 139 186 212 239 115 162 188 215 242 138 165 191 238 114 141 207 104 130 157 203 230 106 133 219 246 122 149 195 182 209 105 171 198 225 121 148 174 201 247 163 190 236 113 140 166 213 239 116 143 189 216 242 139 165 0 239 246 123 169 196 222 249 145 212 238 135 161 188 214 111 137 204 230 127 153 180 226 103 129 156 
202 229 125 152 179 225 102 168 195 241 118 144 191 217 244 160 206 233 110 136 183 209 236 172 198 225 102 148 175 201 228 164 190 217 113 140 167 193 240 116 143 170 216 243 119 166 192 108 135 181 208 235 111 158 184 211 107 134 160 187 233 110 137 203 249 126 152 199 225 102 129 215 241 118 145 0 218 244 141 207 214 240 117 163 190 216 243 179 206 232 109 155 182 208 105 131 158 185 231 108 
154 181 207 143 130 157 203 230 107 133 180 246 122 169 195 222 249 145 172 238 114 161 187 214 110 137 164 190 237 113 140 186 213 240 116 202 229 105 132 178 205 232 128 194 221 247 144 170 197 224 120 186 213 109 136 162 189 235 112 178 205 101 128 154 201 227 104 131 177 204 230 107 153 180 207 143 0 196 222 119 145 172 199 245 122 148 195 221 248 125 171 237 114 140 187 213 240 136 163 229 
125 152 179 225 102 128 175 241 118 144 191 217 224 231 108 174 200 247 123 150 196 223 100 126 173 199 226 103 149 176 202 138 165 191 218 114 141 168 214 130 157 183 230 106 133 160 206 122 149 195 222 248 125 171 198 225 101 148 174 201 247 124 151 217 113 140 166 193 239 116 143 228 105 132 158 205 231 0 135 220 247 124 170 197 223 100 146 212 239 116 162 189 215 112 138 165 192 238 115 141 
188 214 241 177 203 230 107 153 180 206 233 129 156 183 229 106 132 159 205 121 148 175 221 248 124 171 197 113 140 186 213 240 136 163 189 105 152 178 205 232 128 155 181 117 144 170 197 243 120 147 173 220 246 123 169 196 223 249 146 212 238 115 161 188 215 111 138 204 230 127 153 180 207 103 130 196 242 119 0 172 218 245 122 148 195 221 248 144 171 198 224 160 187 213 240 136 163 190 236 152 
199 225 102 128 175 201 228 164 191 217 244 140 167 193 240 156 183 209 106 132 159 185 232 108 135 181 208 235 111 158 184 100 127 174 200 227 123 150 176 203 249 126 153 179 226 102 129 215 241 118 145 191 218 244 121 207 233 110 156 183 170 197 243 159 186 213 109 136 162 209 235 151 178 224 101 128 154 201 227 0 150 177 204 230 127 153 180 116 123 150 196 223 249 146 172 238 115 161 188 215 
111 138 184 100 127 153 200 227 103 130 176 203 229 126 152 179 206 102 129 195 221 118 144 171 217 244 121 187 233 110 136 163 209 236 113 199 225 102 129 175 202 228 105 191 217 244 140 167 194 220 117 143 170 196 243 119 146 192 219 135 162 208 235 111 158 184 211 238 134 161 187 214 110 137 164 100 126 153 179 226 0 129 156 242 118 145 191 218 244 121 167 234 221 117 144 170 217 243 120 186 
232 109 155 182 209 105 132 158 185 231 108 135 181 208 234 150 157 184 230 107 134 180 207 123 149 196 222 249 126 172 199 115 161 188 214 241 137 164 191 217 114 140 167 213 240 117 143 229 106 132 159 205 232 109 155 221 248 124 171 197 224 101 147 213 240 136 163 189 216 112 139 205 232 128 155 181 228 104 131 158 204 0 107 154 180 207 234 169 196 223 249 146 172 199 245 122 149 175 222 248 
145 171 198 134 160 187 214 110 137 163 190 126 152 179 225 102 129 155 202 118 144 171 217 244 101 238 135 201 227 124 150 177 204 100 127 153 180 226 103 129 176 202 229 145 192 218 245 122 168 195 221 157 184 210 237 133 160 187 213 149 176 202 249 125 152 179 225 102 128 155 201 228 104 151 177 244 120 167 193 220 247 143 0 236 132 159 185 212 108 135 162 228 124 151 177 224 100 127 154 239 
136 162 189 216 112 139 165 192 238 115 142 188 215 241 118 204 230 107 134 180 207 233 130 156 183 210 106 133 159 186 232 148 175 221 248 125 151 198 224 140 167 213 240 117 163 190 216 132 179 205 232 109 155 182 208 144 171 197 224 120 147 174 200 247 123 150 196 223 100 126 173 239 115 142 188 215 242 138 165 231 107 154 180 0 103 130 157 223 119 146 172 199 245 122 149 195 222 248 125 171 
198 244 121 187 233 110 137 163 210 236 113 179 225 102 129 175 202 228 105 191 217 244 121 167 194 220 117 183 209 236 132 159 186 212 109 135 162 208 235 112 138 185 211 127 154 200 227 104 150 177 203 230 126 153 180 226 103 129 156 242 118 145 172 218 245 121 168 234 110 137 183 210 197 224 120 186 213 109 136 163 189 236 112 178 0 101 128 155 201 228 104 131 177 204 231 107 154 180 207 214 
110 248 235 131 158 184 211 147 173 200 246 123 150 176 223 139 165 192 238 115 142 188 215 131 157 204 230 107 134 180 207 123 169 196 223 249 146 172 199 115 161 188 215 111 138 164 191 127 153 180 207 103 130 156 203 119 145 172 218 245 122 148 195 221 248 144 171 198 224 121 147 213 240 136 163 190 236 113 139 166 212 239 115 142 188 0 242 178 204 231 107 154 180 207 234 170 196 223 119 146 
192 219 246 181 169 215 242 118 145 191 218 134 180 207 234 110 157 183 210 236 133 159 186 232 109 136 162 248 105 132 158 185 231 108 135 201 247 124 150 197 223 100 127 213 239 116 142 189 215 242 138 205 231 108 154 181 207 234 130 197 223 120 146 173 199 246 123 189 215 112 138 165 211 238 115 181 227 104 130 157 203 230 107 192 219 246 0 169 195 222 249 145 172 198 245 121 148 174 221 137 
164 210 237 113 160 186 213 240 136 163 189 236 112 139 165 101 128 155 181 228 104 131 177 243 120 147 193 220 246 123 169 235 112 158 185 212 219 225 102 168 215 241 118 144 191 217 244 140 167 194 220 117 143 170 197 132 159 186 232 109 135 162 208 124 151 178 224 101 127 174 200 117 143 190 216 243 119 166 192 109 155 182 208 235 131 158 184 0 147 174 200 247 123 150 176 112 139 166 192 239 
135 162 188 104 151 177 204 231 127 154 180 116 143 169 196 242 119 146 172 219 245 122 168 195 222 248 145 211 237 114 160 187 214 110 137 163 190 236 113 140 186 213 239 155 202 228 105 132 178 205 231 167 194 220 247 143 170 197 223 159 186 212 109 135 162 189 235 151 178 204 101 127 154 200 227 104 130 177 203 230 107 153 180 246 142 169 195 222 0 145 172 238 134 161 187 234 110 137 164 249 
126 153 199 226 102 149 175 241 118 164 191 218 244 141 167 233 130 156 183 210 106 133 159 226 122 149 175 222 248 125 151 237 114 141 167 214 240 117 163 229 106 133 179 206 232 129 155 182 208 105 131 158 185 231 108 174 220 247 124 150 197 223 100 126 173 199 226 122 149 176 202 138 165 191 218 114 141 168 214 130 157 183 230 106 244 120 167 233 109 0 182 209 236 132 159 225 101 148 174 201 
247 124 170 197 224 120 147 173 200 246 123 176 183 209 106 132 159 205 232 148 175 221 248 124 151 197 224 140 187 213 240 116 163 189 216 132 179 205 232 128 155 182 208 144 171 197 224 120 147 174 220 136 163 189 236 112 139 166 212 128 155 201 228 104 131 177 204 120 147 193 220 246 143 169 196 112 158 185 212 238 135 161 188 124 150 177 204 100 127 153 0 116 142 169 215 242 119 145 192 108 
154 181 208 104 131 157 184 120 146 173 219 246 123 149 196 112 119 145 172 218 245 121 148 234 111 137 164 210 237 114 160 187 213 240 136 163 189 216 112 179 185 212 239 115 162 188 215 151 177 204 231 127 154 180 207 143 169 196 242 119 146 172 219 135 162 188 235 111 138 184 211 127 154 200 227 103 130 176 203 119 165 192 219 245 142 168 195 111 157 184 211 0 134 160 187 123 149 176 203 249 
145 172 199 115 161 188 214 241 137 164 191 126 153 180 206 103 129 156 183 118 145 172 218 245 121 148 194 111 137 164 210 237 113 160 186 103 129 176 202 229 105 152 178 245 141 168 194 221 228 235 111 197 224 100 127 173 200 227 123 150 176 203 249 126 153 179 226 142 168 215 241 118 145 191 218 134 160 207 233 110 156 183 210 126 172 199 225 122 148 175 202 138 0 191 217 114 140 167 213 130 
156 203 229 106 132 179 205 122 168 195 221 248 144 171 197 114 160 192 159 147 134 180 148 233 221 247 124 170 197 223 120 186 213 239 136 162 189 216 112 178 205 101 128 154 181 227 104 170 197 243 120 146 193 219 246 162 208 235 112 158 185 211 238 174 200 227 104 150 177 203 100 166 192 219 115 142 169 195 242 158 184 231 107 134 161 207 234 150 176 223 249 126 172 0 226 142 188 215 242 118 
165 171 178 205 232 108 135 181 208 235 111 197 224 100 127 173 200 227 123 150 176 203 249 126 152 179 225 142 168 215 241 118 144 191 217 134 160 207 233 110 156 183 210 244 140 167 194 220 117 143 170 106 132 159 186 232 109 135 162 248 124 151 197 224 101 127 174 240 116 143 189 216 243 139 166 232 108 155 181 208 235 131 158 224 120 147 173 200 246 123 150 184 231 107 0 180 167 194 221 157 
183 190 177 204 100 127 154 220 116 143 169 196 242 119 146 168 195 221 248 144 171 198 224 160 187 213 110 136 163 190 236 152 179 205 102 129 155 202 228 144 171 217 244 121 147 194 220 136 183 209 236 113 159 186 212 128 175 201 228 124 151 178 204 140 167 193 220 116 143 170 216 243 119 146 192 219 246 122 169 235 111 158 184 211 238 134 161 227 103 150 176 203 249 126 153 0 115 142 168 195 
241 138 164 230 107 153 180 207 103 130 156 222 119 145 172 199 245 122 148 234 111 137 164 210 237 114 140 226 233 110 136 163 209 236 113 179 225 102 128 175 201 228 105 191 217 244 120 167 193 220 116 183 170 216 243 119 166 192 219 135 182 208 235 111 158 184 211 147 174 200 227 123 150 176 203 139 166 192 239 115 142 168 215 131 158 184 231 107 134 180 207 123 150 196 223 249 0 172 199 115 
161 188 234 111 138 164 211 127 153 200 226 103 130 176 203 119 145 192 218 245 141 168 195 111 157 184 210 237 133 160 187 123 149 176 202 249 125 152 198 115 141 168 214 241 117 144 190 107 133 180 206 233 109 156 183 118 145 172 218 245 102 239 135 201 228 104 151 177 204 231 127 193 220 116 143 169 196 242 119 185 212 108 135 161 208 234 111 177 224 100 127 154 200 227 103 189 216 0 119 165 
192 238 115 181 227 104 131 157 204 230 107 173 219 246 123 169 196 222 249 185 211 238 115 161 188 214 111 177 203 230 126 153 180 206 103 169 195 242 118 145 172 218 245 161 187 234 111 137 184 210 237 153 199 226 103 129 176 202 229 165 191 218 245 141 168 194 221 157 183 210 106 133 160 186 233 149 175 222 248 125 152 198 225 141 167 214 240 117 163 190 217 133 179 206 232 109 155 182 0 144 
171 217 244 121 147 194 220 137 183 210 236 113 159 186 212 129 175 202 228 125 151 178 204 140 167 194 220 117 143 170 216 132 159 186 232 109 135 162 208 124 151 197 224 101 127 174 200 116 143 189 216 243 139 166 192 108 155 181 208 235 131 158 184 120 147 173 200 246 123 150 176 112 139 165 212 238 115 142 188 104 131 157 204 230 107 153 180 246 123 169 196 222 119 145 172 238 135 161 188 0 

0 223 194 232 140 104 142 200 108 146 204 112 151 209 117 175 213 121 179 217 125 183 241 130 188 246 134 192 230 138 196 104 143 201 109 147 205 113 171 209 117 175 214 122 180 238 126 184 242 130 188 227 135 193 101 139 197 105 143 201 109 167 225 114 172 210 118 176 214 177 105 163 202 110 148 206 114 172 210 118 176 215 123 181 219 127 185 243 131 189 247 136 194 102 160 198 106 144 202 110 
192 0 205 133 210 193 101 159 217 145 203 111 169 227 135 193 101 179 237 145 203 111 169 227 135 213 121 179 237 145 203 111 189 247 155 213 121 179 237 145 223 131 189 247 155 213 121 198 106 164 223 131 189 247 155 232 140 198 106 164 222 130 188 116 174 232 140 198 106 164 242 150 208 116 174 232 140 198 126 184 242 150 208 116 174 232 160 218 126 184 242 150 208 136 194 102 160 218 126 184 
167 244 0 116 174 232 140 198 106 184 242 150 208 116 174 232 159 217 125 183 241 149 207 116 193 101 159 217 125 183 241 169 227 135 193 101 159 217 125 203 111 169 227 135 193 101 159 237 145 203 111 169 227 135 213 121 179 237 145 203 111 169 247 155 213 121 179 237 145 203 131 189 247 155 213 121 179 106 164 222 130 188 246 154 213 140 198 106 164 222 130 188 116 174 232 140 198 106 164 222 
205 113 171 0 192 120 178 236 144 202 110 168 246 154 212 120 178 236 144 202 130 188 246 154 212 120 178 106 164 222 130 188 246 154 212 140 198 106 164 222 130 188 246 174 232 140 198 106 164 222 149 207 115 173 231 139 197 106 183 241 149 207 115 173 231 139 217 125 183 241 149 207 115 193 101 159 217 125 183 241 149 227 135 193 101 159 217 125 203 111 169 227 135 193 101 159 237 145 203 111 
224 132 210 118 0 139 197 105 163 221 149 207 115 173 231 139 197 105 183 241 149 207 115 173 231 139 216 124 182 240 148 207 115 192 100 158 216 124 182 240 148 226 134 192 100 158 216 124 182 110 168 226 134 192 100 158 236 144 202 110 168 226 134 192 120 178 236 144 202 110 168 246 154 212 120 178 236 144 202 130 188 246 154 212 120 178 236 163 221 129 187 246 154 212 139 197 105 163 221 129 
112 170 228 136 194 0 235 143 201 109 167 225 133 191 119 177 235 143 201 109 167 225 153 211 119 177 235 143 201 129 187 245 153 211 119 177 235 163 221 129 187 245 153 211 119 197 105 163 221 129 187 245 173 231 139 197 105 163 221 129 206 114 172 230 138 197 105 182 240 148 206 114 172 230 138 216 124 182 240 148 206 241 149 226 135 193 101 159 217 125 202 110 168 226 134 192 100 158 236 144 
107 165 243 151 209 117 0 138 196 104 182 240 148 206 114 172 230 138 216 124 182 240 148 206 114 192 100 158 216 124 182 240 148 226 134 192 100 158 216 124 202 110 168 226 134 192 100 158 236 144 202 110 168 226 134 192 119 177 236 144 202 110 168 245 153 211 119 177 235 143 201 129 187 245 153 211 119 177 235 163 221 129 187 245 153 211 139 197 105 163 221 129 187 245 173 231 139 197 105 163 
146 204 112 170 228 156 214 0 235 143 201 109 167 225 153 211 119 177 235 143 201 129 187 245 153 211 119 177 235 162 220 129 187 245 153 211 138 196 104 162 220 128 186 244 172 230 138 196 104 162 220 128 206 114 172 230 138 196 104 182 240 148 206 114 172 230 138 216 124 182 240 148 206 114 172 100 158 216 124 182 240 148 226 134 192 100 158 216 124 182 109 167 226 134 192 100 158 235 143 201 
165 242 150 208 116 174 232 140 0 162 239 147 205 113 171 229 137 215 123 181 239 147 205 133 191 249 157 215 123 181 109 167 225 133 191 249 157 215 143 201 109 167 225 133 191 249 177 235 143 201 109 167 225 153 211 119 177 235 143 201 109 186 244 152 210 119 177 235 162 220 128 186 244 152 210 118 196 104 162 220 128 186 244 152 230 138 196 104 162 220 128 206 114 172 230 138 196 104 162 240 
203 111 169 247 155 213 121 179 237 0 187 245 153 211 119 177 105 163 221 129 187 245 153 231 139 197 105 163 221 129 187 115 173 231 139 197 105 163 240 148 206 114 173 231 139 197 124 182 240 148 206 114 172 230 158 216 124 182 240 148 206 134 192 100 158 216 124 182 240 168 226 134 192 100 158 216 124 202 110 168 226 134 192 100 178 236 144 202 110 168 226 134 212 120 178 236 144 202 110 187 
151 209 117 194 102 160 218 126 184 243 0 114 191 249 157 215 124 182 240 167 225 133 191 249 157 215 123 201 109 167 225 133 191 249 177 235 143 201 109 167 225 133 211 119 177 235 143 201 109 167 245 153 211 119 177 235 143 221 129 187 245 153 211 119 177 105 163 221 129 187 245 153 211 138 196 104 163 221 129 187 114 172 230 138 196 104 162 220 148 206 114 172 230 226 154 212 120 178 236 144 
127 185 243 151 209 117 195 103 161 219 127 0 148 206 134 192 100 158 216 124 182 240 168 226 134 192 100 158 216 144 202 110 168 226 134 192 100 177 235 143 202 110 168 226 134 211 119 177 235 143 201 109 187 245 153 211 119 177 235 143 221 129 187 245 153 211 119 177 105 163 221 129 187 245 153 231 139 197 105 163 221 129 187 115 173 231 139 197 105 163 241 149 207 115 173 231 139 197 124 182 
146 204 131 189 247 155 213 122 180 238 165 223 0 245 153 211 119 177 104 162 220 128 186 244 152 210 138 196 104 162 220 128 186 114 172 230 138 196 104 162 220 148 206 114 172 230 138 196 124 182 240 148 206 114 172 230 158 216 124 182 240 148 206 114 192 100 158 216 124 182 240 167 225 133 192 100 158 216 124 201 109 167 225 133 191 249 157 235 143 201 109 167 225 133 211 119 177 235 143 201 
184 242 150 208 116 174 102 160 218 126 184 242 150 0 191 249 157 215 123 181 239 147 225 133 191 249 157 215 123 201 109 167 225 133 191 249 157 235 143 201 109 167 225 133 210 118 176 235 143 201 109 167 244 152 210 118 176 234 142 200 128 186 244 152 210 118 176 104 162 220 128 186 244 152 210 138 196 104 162 220 128 186 244 172 230 138 196 104 162 220 148 206 114 172 230 138 196 104 182 240 
203 111 189 247 155 213 121 179 237 164 222 130 188 246 0 118 176 234 161 219 127 186 244 152 210 137 195 103 161 219 127 185 243 171 229 137 195 103 161 219 147 205 113 171 229 137 195 103 181 239 147 205 113 171 229 137 215 123 181 239 147 205 113 191 249 157 215 123 181 239 147 225 133 191 249 157 215 123 181 108 166 224 133 191 249 157 234 142 200 108 166 224 132 190 118 176 234 142 200 108 
241 149 207 115 173 231 139 217 125 183 241 149 207 115 173 0 214 122 180 238 146 204 112 190 248 156 214 122 180 238 146 224 132 190 248 156 214 122 180 108 166 224 132 190 248 156 234 142 200 108 166 224 132 190 117 176 234 142 200 108 166 243 151 209 117 175 233 141 199 127 185 243 151 209 117 175 233 161 219 127 185 243 151 209 137 195 103 161 219 127 185 243 171 229 137 195 103 161 219 127 
110 168 226 134 212 112 190 248 156 214 122 180 238 146 224 132 0 153 211 119 177 235 163 221 129 187 245 153 211 139 197 105 163 221 129 187 245 173 231 139 197 105 163 221 129 206 114 172 230 138 196 104 182 240 148 206 114 172 230 138 216 124 182 240 148 206 114 172 100 158 216 124 182 240 148 226 134 192 100 158 216 124 182 110 168 226 134 192 100 158 236 144 202 110 168 226 134 192 120 178 
141 199 126 184 243 151 209 117 175 233 160 218 126 184 242 150 208 0 249 157 215 123 181 239 147 225 133 191 249 157 215 123 181 109 167 225 133 191 249 157 215 143 201 109 167 225 133 191 119 177 235 143 201 109 167 225 153 211 119 177 235 143 201 109 187 245 153 211 119 177 235 162 221 129 187 245 153 211 119 196 104 162 220 128 186 244 172 230 138 196 104 162 220 128 206 114 172 230 138 196 
179 237 145 203 111 169 247 155 213 121 179 237 145 223 131 189 247 155 0 176 234 162 220 128 186 244 152 210 118 196 104 162 220 128 186 244 152 230 138 196 104 162 220 128 205 114 172 230 138 196 104 162 239 147 205 113 171 229 137 196 123 181 239 147 205 113 171 249 157 215 123 181 239 147 205 133 191 249 157 215 123 181 109 167 225 133 191 249 157 215 143 201 109 167 225 133 191 249 177 235 
198 106 164 222 150 208 116 174 232 140 198 125 184 242 150 208 116 174 232 0 123 181 239 147 205 113 171 248 156 214 122 180 239 147 205 132 190 248 156 214 122 180 238 166 224 132 190 248 156 214 142 200 108 166 224 132 190 248 176 234 142 200 108 166 224 152 210 118 176 234 142 200 108 186 244 152 210 118 176 234 142 220 128 186 244 152 210 118 195 103 161 219 127 186 244 152 229 137 195 103 
236 144 202 110 168 226 134 212 120 178 236 144 202 110 168 246 154 212 120 178 0 199 107 185 243 151 209 117 175 233 141 219 127 185 243 151 209 117 175 103 161 219 127 185 243 151 229 137 195 103 161 219 127 185 113 171 229 137 195 103 161 238 146 204 112 170 229 137 195 122 180 238 146 204 112 170 228 156 214 122 180 238 146 204 132 190 248 156 214 122 180 238 166 224 132 190 248 156 214 122 
105 163 221 149 207 115 173 231 139 197 105 183 241 149 207 115 173 117 195 103 161 0 182 240 148 206 134 192 100 158 216 124 182 240 168 226 134 192 100 158 216 124 202 110 168 226 134 192 100 177 236 144 202 110 168 226 134 211 119 177 235 143 201 109 187 245 153 211 119 177 235 143 221 129 187 245 153 211 119 177 105 163 221 129 187 245 153 231 139 197 105 163 221 129 187 115 173 231 139 197 
180 238 146 204 112 170 228 156 214 122 180 238 146 204 131 189 247 155 214 122 180 238 0 188 246 154 212 139 198 106 164 222 130 188 115 173 231 139 197 105 163 221 149 207 115 173 231 139 197 105 183 241 149 207 115 173 231 159 217 125 183 241 149 207 115 193 101 159 217 125 183 241 149 227 135 193 101 159 217 125 203 111 169 227 135 193 101 159 236 145 203 111 169 227 135 212 120 178 236 144 
127 185 243 151 209 117 175 103 161 219 127 185 243 151 209 137 195 103 161 219 127 185 113 0 134 192 100 158 216 124 202 110 168 226 134 192 100 158 236 144 202 110 168 226 134 192 120 178 236 144 202 110 168 246 154 212 120 178 236 144 202 129 188 246 154 212 120 178 236 163 221 129 187 245 153 211 139 197 105 163 221 129 187 245 173 231 139 197 105 163 221 149 207 115 173 231 139 197 105 183 
146 204 112 170 228 156 214 122 180 238 146 204 112 190 248 156 214 122 180 238 166 224 132 190 0 211 119 177 235 163 221 129 187 245 153 211 139 197 105 163 221 129 187 245 172 230 138 196 104 163 221 129 206 114 172 230 138 196 104 182 240 148 206 114 172 230 138 216 124 182 240 148 206 114 192 100 158 216 124 182 240 148 226 134 192 100 158 216 124 182 110 168 226 134 192 100 158 236 144 202 
165 242 151 209 117 175 233 141 199 126 184 242 150 208 116 174 102 160 218 126 184 242 150 208 136 0 157 215 123 181 239 147 225 133 191 249 157 215 123 181 109 167 225 133 191 249 157 215 143 201 109 167 225 133 191 119 177 235 143 201 109 167 225 153 211 119 177 235 143 201 129 187 245 153 211 119 177 235 162 220 128 186 244 152 211 119 196 104 162 220 128 186 244 172 230 138 196 104 162 220 
203 111 169 227 135 213 121 179 237 145 203 111 189 247 155 213 121 179 237 145 223 131 189 247 155 213 0 234 162 116 174 102 160 218 126 184 242 150 208 136 194 102 160 218 126 184 242 170 228 136 194 102 160 218 146 204 112 170 228 136 194 102 179 237 145 203 111 170 228 136 213 121 179 237 145 203 111 189 247 155 213 121 179 237 145 223 131 189 247 155 213 121 199 107 165 223 131 189 247 155 
138 196 104 162 240 148 206 114 172 230 138 196 124 182 240 148 206 114 172 249 158 216 124 182 240 148 206 0 247 155 213 121 179 237 145 222 130 188 246 154 213 121 179 106 164 222 130 188 246 154 232 140 198 106 164 222 130 188 116 174 232 140 198 106 164 222 150 208 116 174 232 140 198 126 184 242 150 208 116 174 232 160 218 126 184 242 150 208 136 194 102 160 218 126 184 242 169 227 135 193 
176 234 142 200 108 166 224 132 210 118 176 234 142 200 108 186 244 152 210 118 176 234 142 220 128 186 244 152 0 173 231 159 217 125 183 241 149 207 115 193 101 159 217 125 183 241 169 227 135 193 101 159 217 125 203 111 169 227 135 193 101 159 237 145 203 111 169 227 135 212 120 178 236 144 202 111 169 246 154 212 120 178 236 144 222 130 188 246 154 212 120 178 106 164 222 130 188 246 154 212 
195 103 161 219 147 205 113 171 229 137 195 123 181 239 147 205 113 171 229 157 215 123 181 239 147 205 132 191 249 0 120 178 236 144 202 130 188 246 154 212 120 178 105 163 221 129 187 245 154 212 139 197 105 163 221 129 187 245 173 231 139 197 105 163 221 149 207 115 173 231 139 197 105 183 241 149 207 115 173 231 159 217 125 183 241 149 207 115 193 101 159 217 125 183 241 149 227 135 193 101 
214 122 200 108 166 224 132 190 248 175 233 141 199 107 165 224 132 209 117 175 233 141 199 107 165 243 151 209 117 175 0 196 104 182 240 148 206 114 172 230 138 216 124 182 240 148 206 114 192 100 158 216 124 182 240 148 226 134 192 100 158 216 124 202 110 168 226 134 192 100 158 236 144 202 110 168 226 134 192 119 177 235 144 202 110 168 245 153 211 119 177 235 143 201 129 187 245 153 211 119 
102 160 218 126 184 112 170 228 136 194 102 160 218 146 204 112 170 228 136 194 102 180 238 146 204 112 170 228 156 214 122 0 143 201 109 167 225 153 211 119 177 165 243 151 209 117 195 103 161 219 127 185 243 171 229 137 195 103 161 219 127 205 113 171 229 137 195 103 161 238 147 205 113 171 229 137 214 122 180 238 146 204 112 170 248 156 214 122 180 238 146 224 132 190 248 156 214 122 180 108 
221 129 187 245 153 231 139 197 105 163 221 129 187 115 173 231 139 197 105 163 241 149 207 115 173 231 139 197 125 183 241 149 0 170 228 136 214 122 180 238 146 204 112 170 248 156 214 122 180 238 146 204 131 189 247 155 213 122 180 107 165 223 131 189 247 155 213 141 199 107 165 223 131 189 117 175 233 141 199 107 165 223 151 209 117 175 233 141 199 107 185 243 151 209 117 175 233 161 219 127 
240 168 226 134 192 100 158 216 124 201 110 168 226 134 192 100 177 235 143 201 109 167 225 133 211 119 177 235 143 201 109 167 245 0 116 174 232 140 198 106 184 242 150 208 116 174 232 140 218 126 184 242 150 208 116 194 102 160 218 126 184 242 150 228 136 194 102 160 218 126 204 112 170 228 136 194 102 160 238 146 204 112 170 228 136 194 121 179 237 145 203 112 170 247 155 213 121 179 237 145 
128 186 244 152 210 138 196 104 162 220 128 186 114 172 230 138 196 104 162 220 148 206 114 172 230 138 196 104 182 240 148 206 114 172 0 193 121 179 237 145 203 111 169 227 155 213 121 179 237 145 203 131 189 247 155 213 121 179 237 164 222 130 188 246 155 213 140 198 106 164 222 130 188 246 174 232 140 198 106 164 222 130 208 116 174 232 140 198 106 184 242 150 208 116 174 232 140 218 126 184 
147 225 133 191 249 157 215 123 201 109 167 225 133 191 249 157 234 143 201 109 167 225 133 191 118 176 234 142 200 108 166 244 152 210 118 0 139 197 106 164 241 149 207 115 173 231 139 217 125 183 241 149 207 115 173 101 159 217 125 183 241 149 227 135 193 101 159 217 125 183 111 169 227 135 193 101 159 217 145 203 111 169 227 135 193 121 179 237 145 203 111 169 227 154 212 120 178 236 145 203 
185 243 151 209 117 176 234 161 219 127 185 243 151 209 137 195 103 161 219 127 185 243 171 229 137 195 103 161 219 127 205 113 171 229 137 195 0 216 144 202 110 168 226 134 192 120 178 236 144 202 110 168 226 214 122 180 238 165 223 131 189 247 155 213 141 199 107 165 223 131 189 247 175 233 141 199 107 165 223 151 209 117 175 233 141 199 107 185 243 151 209 117 175 233 141 219 127 185 243 151 
134 192 100 158 216 124 202 110 168 226 134 192 100 158 235 143 201 110 168 226 134 211 119 177 235 143 201 109 167 245 153 211 119 177 235 143 201 0 242 150 208 116 174 232 140 218 126 184 242 150 208 116 174 102 160 218 126 184 242 150 228 136 194 102 160 218 126 184 112 170 228 136 194 102 160 238 146 204 112 170 228 136 194 121 180 238 146 204 112 170 228 155 213 121 179 237 145 203 131 189 
152 210 138 196 104 162 220 128 186 244 172 230 138 196 104 162 220 148 206 114 172 230 138 196 104 182 240 148 206 114 172 230 138 216 124 182 240 148 0 169 227 155 213 121 179 237 145 203 111 189 247 155 213 121 179 237 164 222 131 189 247 155 213 121 198 106 164 222 130 188 246 174 232 140 198 106 164 222 130 208 116 174 232 140 198 106 164 242 150 208 116 174 232 140 218 126 184 242 150 208 
191 249 157 215 123 181 239 147 225 133 191 249 157 215 123 181 109 167 225 133 191 249 157 234 142 201 109 167 225 133 191 118 176 234 142 200 108 166 224 0 115 173 231 139 197 106 164 241 149 207 115 173 231 139 217 125 183 241 149 207 115 173 101 159 217 125 183 241 149 207 135 193 101 159 217 125 183 111 169 227 135 193 101 159 217 145 203 111 169 227 135 193 101 179 237 145 203 111 169 227 
210 118 176 234 161 219 127 185 243 151 209 117 195 103 161 219 127 185 243 171 229 137 195 103 161 219 127 205 113 171 229 137 195 103 161 239 147 205 113 171 0 192 100 178 236 144 202 110 168 226 154 212 120 178 236 144 202 110 188 246 154 212 120 178 236 144 222 130 188 246 154 212 120 197 105 163 221 129 187 246 154 231 139 197 105 163 221 129 187 115 173 231 139 197 105 163 241 149 207 115 
248 156 214 122 180 238 146 204 132 190 248 156 214 122 180 108 166 224 132 190 248 156 214 142 200 108 166 224 132 190 248 175 234 142 200 108 166 224 151 209 117 0 198 126 184 242 150 208 116 174 232 159 217 125 183 241 149 208 116 193 101 159 217 125 183 223 131 189 117 175 233 141 199 107 165 243 151 209 117 175 233 141 199 127 185 243 151 209 117 175 103 161 219 127 185 243 151 209 137 195 
158 216 124 182 110 168 226 134 192 100 158 216 143 201 109 167 226 134 192 119 177 235 143 201 109 167 225 153 211 119 177 235 143 201 109 187 245 153 211 119 177 235 0 126 184 242 150 208 116 174 102 160 218 126 184 242 150 208 136 194 102 160 218 126 184 242 170 228 136 194 102 160 218 146 204 112 170 228 136 194 102 179 237 146 204 112 170 228 136 213 121 179 237 145 203 111 189 247 155 213 
196 104 162 220 128 186 244 152 230 138 196 104 162 220 128 206 114 172 230 138 196 104 162 240 148 206 114 172 230 138 196 124 182 240 148 206 114 172 100 158 216 124 182 0 203 111 189 247 155 213 121 179 237 145 222 130 189 247 155 213 121 179 106 164 222 130 188 246 154 232 140 198 106 164 222 130 188 116 174 232 140 198 106 164 222 150 208 116 174 232 140 198 126 184 242 150 208 116 174 232 
215 123 181 239 167 225 133 191 249 157 215 143 201 109 167 225 133 191 249 176 234 142 200 109 167 225 133 210 118 176 234 142 200 108 186 244 152 210 118 176 234 142 220 128 0 149 207 115 173 231 159 217 125 183 241 149 207 115 193 101 159 217 125 183 241 169 227 135 193 101 159 217 125 203 111 169 227 135 193 101 159 237 145 203 111 169 227 135 212 120 179 237 145 203 111 169 246 154 212 120 
103 161 219 127 185 243 151 229 137 195 103 161 219 127 185 113 171 229 137 195 103 161 219 147 205 113 171 229 137 195 123 181 239 147 205 113 171 229 157 215 123 181 239 147 205 0 246 154 212 120 178 236 144 202 130 188 246 154 212 120 178 105 163 222 130 188 246 154 212 139 197 105 163 221 129 187 245 173 231 139 197 105 163 221 149 207 115 173 231 139 197 105 183 241 149 207 115 173 231 139 
122 180 238 146 204 112 190 248 156 214 122 180 238 166 224 132 190 248 156 214 122 200 108 166 224 132 190 248 175 233 142 200 108 166 224 132 209 117 175 233 141 199 107 165 243 151 0 172 230 138 196 105 182 240 148 206 114 172 230 138 216 124 182 240 148 206 114 192 100 158 216 124 182 240 148 226 134 215 143 201 109 167 225 153 211 119 177 235 143 201 109 187 245 153 211 119 177 235 163 221 
184 242 170 228 136 194 102 160 218 126 204 112 170 228 136 194 102 179 237 146 204 112 170 228 136 213 121 179 237 145 203 111 169 247 155 213 121 179 237 145 223 131 189 247 155 213 121 0 162 220 128 186 244 152 210 118 196 104 162 220 128 186 244 152 230 138 196 104 162 220 128 206 114 172 230 138 196 104 162 240 148 206 114 172 230 138 196 124 182 240 148 206 114 172 249 157 215 123 181 239 
222 130 188 246 154 212 140 198 106 164 222 130 188 116 174 232 140 198 106 164 222 150 208 116 174 232 140 198 106 184 242 150 208 116 174 232 160 218 126 184 242 150 208 116 194 102 160 218 0 239 147 205 133 191 249 157 215 123 181 239 167 225 133 191 249 157 215 142 200 108 166 224 132 190 249 176 234 142 200 108 166 224 132 210 118 176 234 142 200 108 186 244 152 210 118 176 234 142 220 128 
241 149 207 115 193 101 159 217 125 183 241 149 227 135 193 101 159 217 125 203 111 169 227 135 193 101 159 237 145 203 111 169 227 135 212 120 178 236 144 202 110 169 246 154 212 120 178 236 144 0 185 243 151 209 117 175 233 141 219 127 185 243 151 209 117 175 103 161 219 127 185 243 151 229 137 195 103 161 219 127 185 113 171 229 137 195 103 161 239 147 205 113 171 229 137 195 123 181 239 147 
130 188 246 154 212 120 178 236 163 221 129 187 245 153 212 139 197 105 163 221 129 187 245 173 231 139 197 105 163 221 149 207 115 173 231 139 197 105 183 241 149 207 115 173 231 139 217 125 183 241 0 112 170 228 156 214 122 180 238 146 204 112 190 248 156 214 122 180 238 166 224 132 190 248 156 214 122 199 107 165 223 132 190 248 175 233 141 199 107 165 223 131 209 117 175 233 141 199 107 165 
148 206 114 172 100 158 216 124 182 240 148 226 134 192 100 158 216 124 182 110 168 226 134 192 100 158 236 144 202 110 168 226 134 192 120 178 236 144 202 110 168 226 153 211 119 177 235 143 202 129 187 0 208 116 175 233 141 199 126 184 242 150 208 116 174 102 160 218 126 184 242 150 208 136 194 102 160 218 126 184 112 170 228 136 194 102 160 218 146 213 121 179 237 165 223 131 189 247 155 213 
196 104 162 220 128 206 114 172 230 138 196 104 182 240 148 206 114 172 230 138 215 123 181 239 148 206 114 172 249 157 215 123 181 239 147 225 133 191 249 157 215 123 181 109 167 225 133 191 249 157 215 143 0 164 222 130 188 246 154 232 140 198 106 164 222 130 208 116 174 232 140 198 106 164 242 150 208 116 174 232 140 198 126 184 242 150 208 116 174 101 159 218 126 184 242 150 208 135 193 101 
215 142 200 108 166 224 132 190 118 176 234 142 200 108 166 224 152 210 118 176 234 142 200 108 186 244 152 210 118 176 234 162 220 128 186 244 152 210 118 196 104 162 220 128 186 244 152 230 138 196 104 162 220 0 241 169 227 135 193 101 159 217 144 202 111 169 227 135 193 101 178 236 144 202 110 168 226 134 212 120 178 236 144 202 110 188 246 154 212 120 178 236 144 222 130 188 246 154 212 120 
103 161 219 127 205 113 171 229 137 195 103 161 239 147 205 113 171 229 137 195 123 181 239 147 205 113 171 248 156 214 122 181 239 147 205 132 190 248 156 214 122 180 238 166 224 132 190 248 156 214 142 200 108 166 0 116 174 232 140 198 106 164 222 150 208 116 174 232 140 198 106 184 242 150 208 116 174 232 160 218 126 184 242 150 208 116 194 102 160 218 126 184 242 170 228 136 194 102 160 218 
201 109 167 225 133 210 118 176 234 143 201 109 167 244 152 210 118 176 234 142 220 128 186 244 152 210 118 176 104 162 220 128 186 244 152 230 138 196 104 162 220 128 186 114 172 230 138 196 104 162 220 148 206 114 172 0 193 101 159 237 145 203 111 169 227 135 193 121 179 237 145 203 111 169 246 154 213 121 179 237 145 203 130 188 246 154 212 120 178 106 164 222 130 188 246 154 212 140 198 106 
219 127 185 113 171 229 137 195 103 161 219 147 205 113 171 229 137 195 123 181 239 147 205 113 171 229 157 215 123 181 239 147 205 113 191 249 157 215 123 181 239 166 224 133 191 249 157 215 123 200 108 166 224 132 190 248 0 139 197 105 163 221 129 188 246 173 231 139 197 105 163 221 149 207 115 173 231 139 197 105 183 241 149 207 115 173 231 139 217 125 183 241 149 207 115 193 101 159 217 125 
108 175 233 161 219 127 185 243 151 209 117 194 102 160 218 126 185 243 151 228 136 194 102 160 218 126 204 112 170 228 136 194 102 160 238 146 204 112 170 228 136 194 122 180 238 146 204 112 170 248 156 214 122 180 238 146 204 0 245 153 211 119 177 235 143 221 129 187 245 153 211 119 177 105 163 221 129 187 245 153 230 115 173 231 139 197 105 183 241 149 207 115 173 231 159 217 125 183 241 149 
132 190 248 156 214 122 200 108 166 224 132 190 248 176 234 142 200 108 166 224 132 209 117 175 233 142 200 108 166 243 151 209 117 175 233 141 219 127 185 243 151 209 117 175 103 161 219 127 185 243 151 209 137 195 103 161 219 127 0 148 226 134 192 100 158 216 124 202 110 168 226 134 192 100 158 236 144 202 110 168 226 134 192 120 178 236 144 202 110 168 245 153 212 120 178 236 144 202 129 187 
151 209 117 175 102 160 218 126 184 242 150 208 136 194 102 160 218 126 184 112 170 228 136 194 102 160 218 146 204 112 170 228 136 194 122 180 238 146 204 112 170 228 156 214 122 180 238 146 204 112 190 248 156 214 122 180 238 165 223 0 245 153 211 119 177 235 163 221 129 187 245 153 211 138 196 104 162 220 128 186 245 172 230 138 196 104 162 220 148 206 114 172 230 138 196 104 182 240 148 206 
189 247 155 213 121 179 237 145 223 131 189 247 155 213 121 199 107 165 223 131 189 247 155 233 141 199 107 165 223 131 208 116 174 233 141 199 107 165 242 150 208 116 174 232 140 198 126 184 242 150 208 116 174 102 160 218 126 184 242 150 0 171 249 157 215 123 181 239 147 225 133 191 249 157 215 123 181 109 167 225 133 191 249 157 235 143 201 109 167 225 133 191 119 177 235 143 201 109 167 225 
208 116 174 232 159 217 126 184 242 150 208 135 193 101 159 217 125 183 241 169 227 135 193 101 159 217 145 203 111 169 227 135 193 101 179 237 145 203 111 169 227 135 213 121 179 237 145 203 111 189 247 155 213 121 179 237 145 223 131 189 247 0 118 176 234 162 220 128 186 244 152 210 118 196 104 162 220 128 186 244 171 229 137 195 103 161 219 128 205 113 171 229 137 195 103 161 239 147 205 113 
246 154 212 120 178 236 144 222 130 188 246 154 212 244 152 210 137 195 103 161 220 128 186 244 171 229 137 195 103 161 219 127 205 113 171 229 137 195 103 181 239 147 205 113 171 229 137 215 123 181 239 147 205 113 171 249 157 215 123 181 239 147 0 188 246 154 212 120 178 236 164 222 130 188 246 154 212 120 198 106 164 222 130 188 246 154 231 140 198 106 164 222 130 207 115 173 231 139 197 105 
238 146 204 112 170 248 156 214 122 180 238 146 224 132 190 248 156 214 122 180 108 166 224 132 190 248 156 214 142 200 108 166 224 132 190 118 176 234 142 200 108 166 224 152 210 118 176 234 142 200 108 185 243 151 210 118 176 234 161 219 127 185 243 0 115 173 100 158 216 124 182 240 148 206 134 192 100 158 216 124 182 240 168 226 134 192 100 158 216 144 202 110 168 226 134 192 100 178 236 144 
107 165 223 151 209 117 175 233 141 199 107 185 243 151 209 117 175 233 161 219 127 185 243 151 209 117 194 102 161 219 127 185 243 170 228 136 194 102 160 218 126 204 112 170 228 136 194 102 160 238 146 204 132 190 248 156 214 122 180 238 166 224 132 190 0 211 119 177 105 163 221 129 187 245 153 211 139 197 105 163 221 129 187 115 173 231 139 197 105 163 221 148 206 114 172 231 139 197 124 182 
145 204 131 189 247 155 213 121 179 237 165 223 131 189 247 155 213 121 199 107 165 223 131 189 247 175 233 141 199 107 165 223 131 209 117 175 233 141 199 107 185 243 151 209 117 175 233 141 219 127 185 243 151 209 117 175 102 160 218 126 184 242 151 228 136 0 157 215 124 182 240 148 225 133 191 249 157 215 123 201 109 167 225 133 191 249 157 235 143 201 109 167 225 133 211 119 177 235 143 201 
184 242 150 208 116 174 102 160 218 126 184 242 150 208 136 194 102 160 218 126 184 112 170 228 136 194 102 160 218 145 203 111 169 227 135 194 121 179 237 145 203 111 169 227 155 213 121 179 237 145 203 111 189 247 155 213 121 179 237 165 223 131 189 247 155 213 0 234 162 220 128 186 244 152 210 138 196 104 162 220 128 186 244 172 230 138 196 104 162 220 148 206 114 172 230 138 196 104 181 239 
203 111 169 227 154 212 120 178 237 145 203 111 188 246 154 212 120 178 236 164 222 130 188 246 154 231 159 146 133 100 237 224 191 178 145 132 119 236 203 190 177 144 131 249 236 222 190 177 144 131 118 235 222 189 176 163 130 117 104 221 208 175 162 149 116 103 240 0 171 138 125 112 229 216 203 170 157 124 111 248 215 202 170 157 143 111 248 215 202 189 156 143 110 247 234 201 188 175 142 129 
171 138 125 112 230 217 184 171 158 125 112 249 216 203 170 157 144 111 248 235 202 189 156 143 130 248 234 221 189 176 143 130 117 234 221 208 175 162 129 116 103 220 207 174 161 148 115 102 220 207 193 161 148 115 102 239 206 193 160 147 134 101 238 225 192 179 146 133 0 214 201 188 155 142 109 246 233 200 187 174 141 128 245 232 219 186 173 141 128 114 232 219 186 173 160 127 114 231 218 205 
247 214 201 188 155 142 110 246 233 201 188 155 142 129 246 233 220 187 174 141 128 115 232 219 206 173 160 127 114 101 219 205 192 160 147 114 101 238 205 192 179 146 133 100 237 224 191 178 145 132 119 236 223 191 178 165 132 119 236 223 210 177 144 202 130 188 246 154 212 0 233 141 219 127 185 243 151 209 117 175 103 161 219 127 185 243 151 229 137 195 103 161 219 127 185 113 171 229 137 195 
178 236 144 202 110 168 245 153 211 119 177 236 144 202 129 187 245 153 211 119 177 235 163 221 129 187 245 153 211 139 197 105 163 221 129 187 245 173 231 139 197 105 163 221 129 207 115 173 231 139 197 105 183 241 149 207 115 173 231 139 217 125 183 241 149 207 115 192 100 158 0 180 238 146 204 112 189 247 156 214 122 180 238 165 223 131 189 247 155 213 121 199 107 165 223 131 189 247 155 233 
196 104 182 240 148 206 114 172 230 138 216 124 182 240 148 206 114 172 100 158 216 124 182 240 148 226 134 192 100 158 216 124 182 110 168 226 134 192 100 158 216 143 201 109 167 226 134 192 119 177 235 143 201 109 167 225 153 211 119 177 235 143 201 129 187 245 153 211 119 177 235 0 126 184 242 150 208 116 174 102 160 218 126 184 242 150 208 136 194 102 160 218 126 184 242 170 228 136 194 102 
235 143 201 109 167 225 153 211 119 177 235 143 201 109 186 244 152 210 119 177 235 162 220 128 186 244 152 210 118 196 104 162 220 128 186 244 152 187 114 172 230 158 216 124 182 240 148 206 114 192 100 158 216 124 182 240 168 226 134 192 100 158 216 124 202 110 168 226 134 192 100 158 0 199 107 165 223 131 189 247 175 233 141 199 107 165 223 150 208 117 175 233 141 199 107 184 242 150 208 116 
230 157 215 123 181 239 147 205 113 191 249 157 215 123 181 239 167 225 133 191 249 157 215 123 201 109 167 225 133 191 249 157 235 143 201 109 167 225 133 211 119 177 235 143 201 109 167 245 153 211 119 177 235 143 201 128 187 245 153 211 119 177 104 162 220 128 186 244 152 210 138 196 104 0 204 112 170 228 136 194 122 180 238 146 204 112 170 228 156 214 122 180 238 146 204 112 190 248 156 214 
177 235 163 221 129 187 245 153 211 139 197 105 163 221 129 187 245 173 231 139 197 105 163 221 129 207 115 173 231 139 197 105 182 241 149 207 115 173 231 139 216 124 182 240 148 206 114 192 100 158 216 124 182 240 148 226 134 192 100 158 216 124 182 110 168 226 134 192 100 158 236 144 202 110 0 210 118 176 234 162 220 128 186 244 152 210 138 196 104 162 220 128 186 244 172 230 138 196 104 162 
145 203 111 169 227 154 212 120 178 236 145 203 111 188 246 154 212 120 178 236 144 222 130 188 246 154 212 120 198 106 164 222 130 188 246 154 232 140 198 106 164 222 130 188 116 174 232 140 198 106 164 242 150 208 116 174 232 140 198 126 184 242 150 208 116 174 101 159 217 125 183 242 150 208 135 0 156 215 123 181 239 147 224 132 190 248 156 214 122 180 108 166 224 132 190 248 156 214 142 200 
163 241 149 207 115 173 231 139 197 125 183 241 149 207 115 173 231 159 217 125 183 241 149 207 135 193 101 159 217 125 183 241 169 227 135 193 101 159 217 125 202 110 168 226 135 193 101 178 236 144 202 110 168 226 134 212 120 178 236 144 202 110 188 246 154 212 120 178 236 144 222 130 188 246 154 212 0 233 161 219 127 185 243 151 209 117 195 103 161 219 127 185 243 151 229 137 195 103 161 219 
202 110 168 226 134 212 120 178 236 144 202 110 168 245 153 211 119 177 236 144 221 129 187 245 153 211 119 177 105 163 221 129 187 245 153 211 139 197 105 163 221 129 187 115 173 231 139 197 105 101 159 217 125 203 111 169 227 135 193 101 159 237 145 203 111 169 227 135 213 121 179 237 145 203 111 169 247 0 118 176 234 142 200 108 186 244 152 210 118 176 234 142 220 128 186 244 152 210 118 195 
159 217 125 202 110 168 226 134 192 100 158 236 144 202 110 168 226 134 212 120 178 236 144 202 110 168 246 154 212 120 178 236 144 202 130 188 246 154 212 120 178 106 164 222 130 188 246 154 212 140 198 106 164 222 130 188 246 173 232 140 198 106 164 222 149 207 115 173 231 139 197 105 183 241 149 207 115 173 0 195 122 180 238 146 204 112 170 228 156 214 122 180 238 146 204 132 190 248 156 214 
197 105 163 221 129 187 245 173 231 139 197 105 163 221 149 207 115 173 231 139 197 105 183 241 149 207 115 173 231 139 216 125 183 241 149 207 115 192 100 158 216 124 182 240 148 226 134 192 100 158 216 124 182 110 168 226 134 192 100 158 236 144 202 110 168 226 134 192 120 178 236 144 202 110 168 246 154 212 120 0 141 199 107 165 243 151 209 117 175 233 141 219 127 185 243 151 209 117 175 103 
216 124 182 109 167 226 134 192 100 158 235 143 201 109 167 225 133 191 119 177 235 143 201 109 167 225 153 211 119 177 235 143 201 129 187 245 153 211 119 177 235 163 221 129 187 245 153 211 119 197 105 163 221 129 187 245 173 231 139 197 105 163 221 129 206 114 173 231 139 197 105 182 240 148 206 114 172 230 138 216 0 237 145 203 111 169 228 155 213 121 179 237 145 203 111 189 247 155 213 121 
234 162 220 128 186 244 152 210 118 196 104 162 220 128 186 244 172 230 138 196 104 162 220 128 206 114 172 230 138 196 104 182 240 148 206 114 172 230 138 216 124 182 240 148 206 114 172 249 157 215 123 181 239 148 225 133 191 249 157 215 123 181 109 167 225 133 191 249 157 215 143 201 109 167 225 133 191 119 177 235 143 0 164 222 130 208 116 174 232 140 198 106 164 242 150 208 116 174 232 140 
123 181 239 147 205 133 191 249 157 215 123 181 109 167 225 133 191 249 157 215 142 200 108 166 224 132 191 249 176 234 142 200 108 166 224 152 210 118 176 234 142 200 108 186 244 152 210 118 176 234 162 220 128 186 244 152 210 118 196 104 162 150 228 136 194 102 160 218 126 184 112 170 228 136 194 102 160 237 145 203 111 169 0 191 249 157 234 142 200 108 167 225 133 210 118 176 234 142 200 108 
241 149 207 115 173 231 139 217 125 183 241 149 207 115 173 101 159 217 125 183 241 149 227 135 193 101 159 217 125 183 111 169 227 135 193 101 159 217 145 203 111 169 227 135 193 121 179 237 145 203 111 169 227 154 212 120 178 237 145 203 130 188 246 154 212 120 178 236 164 222 130 188 246 154 212 120 198 106 164 222 130 188 246 0 137 195 103 161 219 127 185 113 171 229 137 195 103 161 219 147 
110 168 226 154 212 120 178 236 144 202 110 188 246 154 212 120 178 236 164 222 130 188 246 154 212 120 197 105 163 221 130 188 246 154 231 139 197 105 163 221 129 207 115 173 231 139 197 105 163 241 149 207 115 173 231 139 217 125 183 241 149 207 115 173 101 159 217 125 183 241 149 207 135 193 101 159 217 125 183 111 169 227 135 193 0 214 122 180 108 166 224 132 190 248 156 233 141 200 108 185 
227 135 193 101 159 217 125 203 111 169 227 135 193 101 179 237 145 203 111 169 227 135 213 121 179 237 145 203 111 169 247 155 213 121 179 237 145 223 131 189 247 155 213 121 179 107 165 223 131 189 247 155 213 140 199 107 165 223 131 189 116 174 232 140 198 106 164 222 150 208 116 174 232 140 198 126 184 242 150 208 116 174 232 160 218 0 239 147 205 113 171 249 157 215 123 181 239 147 205 133 
246 154 212 140 198 106 164 222 130 188 116 174 232 140 198 106 164 222 150 208 116 174 232 140 198 106 183 242 150 208 116 174 232 159 217 125 183 241 149 207 115 193 101 159 217 125 183 241 149 227 135 193 101 159 217 125 203 111 169 227 135 193 101 159 237 145 203 111 169 227 135 213 121 179 237 145 203 111 169 247 155 213 121 179 237 145 0 245 153 211 119 177 105 163 221 129 187 245 153 231 
194 102 160 237 145 204 112 170 228 136 194 121 179 237 145 203 111 169 227 155 213 121 179 237 145 203 131 189 247 155 213 121 179 237 165 223 131 189 247 155 213 141 199 107 165 223 131 189 247 175 233 141 199 107 165 223 131 209 117 175 233 141 199 107 184 243 151 209 117 175 233 141 218 167 245 153 211 119 177 235 163 221 129 187 245 153 211 0 102 160 218 126 184 242 150 208 136 194 102 160 
143 201 109 167 225 133 191 249 177 235 143 201 109 167 225 152 210 118 176 235 143 201 109 186 244 152 210 118 176 234 162 220 128 186 244 152 210 118 196 104 162 220 128 186 244 152 230 138 196 104 162 220 128 206 114 172 230 138 196 104 162 240 148 206 114 172 230 138 196 124 182 240 148 206 114 172 249 157 215 123 182 240 148 206 133 191 249 157 0 179 237 145 222 130 188 246 154 212 120 178 
161 219 127 185 243 151 229 137 195 103 161 219 127 205 113 171 229 137 195 103 161 239 147 205 113 171 229 137 195 123 181 239 147 205 113 171 249 157 215 123 181 239 147 205 133 191 249 157 215 123 181 239 166 225 133 191 249 157 215 142 200 108 166 224 132 190 248 176 234 142 200 108 166 224 152 210 118 176 234 142 200 108 186 244 152 210 118 176 234 0 125 183 241 149 207 115 173 231 159 217 
180 238 166 224 132 190 248 156 214 142 200 108 166 244 152 210 118 176 234 142 219 127 185 243 151 209 118 176 103 161 219 127 185 243 151 209 137 195 103 161 219 127 185 113 171 229 137 195 103 161 219 147 205 113 171 229 137 195 123 181 239 147 205 113 171 229 157 215 123 181 239 147 205 113 191 249 157 215 123 181 239 166 224 132 190 248 156 215 123 200 0 221 129 188 246 154 212 139 197 105 
219 146 204 112 170 228 136 194 102 180 238 146 204 112 170 228 156 214 122 180 238 146 204 112 190 248 156 214 122 180 238 146 224 132 190 248 156 214 122 200 108 166 224 132 190 248 156 234 142 200 108 166 224 132 209 117 175 233 141 199 108 166 243 151 209 117 175 233 141 199 127 185 243 151 209 117 175 103 161 219 127 185 243 151 209 137 195 103 161 219 127 0 148 226 134 192 100 158 216 124 
107 165 223 131 189 247 155 233 141 199 107 165 223 131 189 117 175 233 141 199 107 165 243 151 209 117 175 233 141 199 126 184 242 151 209 117 175 102 160 218 126 184 242 150 208 136 194 102 160 218 126 184 242 170 228 136 194 102 160 218 146 204 112 170 228 136 194 102 180 238 146 204 112 170 228 136 214 122 180 238 146 204 112 190 248 155 213 121 198 106 164 222 0 244 152 210 137 195 103 162 
144 202 110 168 226 135 193 101 178 236 144 202 110 168 226 154 212 120 178 236 144 202 110 188 246 154 212 120 178 236 144 222 130 188 246 154 212 120 198 106 164 222 130 188 246 154 232 140 198 106 164 222 130 188 116 174 232 140 198 106 164 241 149 207 115 173 232 140 198 125 183 241 149 207 115 173 101 159 217 125 183 241 149 207 135 193 101 159 217 125 183 241 169 0 190 248 156 214 122 180 
163 221 129 187 115 173 231 139 197 105 163 241 149 207 115 173 231 139 197 125 183 241 149 207 115 173 231 159 217 125 183 241 149 207 134 192 100 158 216 125 183 241 168 226 134 192 100 158 216 124 202 110 168 226 134 192 100 178 236 144 202 110 168 226 134 212 120 178 236 144 202 110 188 246 154 212 120 178 236 144 222 130 188 246 154 212 120 178 106 164 222 130 188 246 0 117 195 103 161 219 
182 240 168 226 134 192 100 158 216 124 201 109 168 226 134 192 100 177 235 143 201 109 167 245 153 211 119 177 105 163 221 129 187 245 153 211 139 197 105 163 221 129 187 115 173 231 139 197 105 163 221 149 207 115 173 231 139 197 105 183 241 149 207 115 173 231 158 216 124 182 240 148 206 115 192 100 158 216 124 182 240 148 226 134 192 100 158 216 124 202 110 168 226 134 192 0 213 141 199 107 
220 148 206 114 172 230 138 196 104 182 240 148 206 114 172 230 138 216 124 182 240 148 206 114 192 100 158 216 124 182 240 148 226 134 192 100 158 216 124 201 109 167 225 133 191 249 158 235 143 201 109 167 225 133 191 119 177 235 143 201 109 167 245 153 211 119 177 235 143 201 129 187 245 153 211 119 177 235 163 221 129 187 245 153 211 139 197 105 163 221 129 187 245 173 231 139 0 160 218 126 
109 167 225 133 191 119 177 235 143 201 109 167 225 152 210 118 176 234 142 200 128 186 244 152 210 118 176 234 162 220 128 186 244 152 210 138 196 104 162 220 128 186 244 172 230 138 196 104 162 220 128 206 114 172 230 138 196 104 182 240 148 206 114 172 230 138 216 124 182 240 148 206 114 172 249 157 215 123 181 239 147 225 133 191 249 157 215 123 181 109 167 225 133 191 249 157 235 0 106 164 
127 185 243 171 229 137 195 103 161 219 127 205 113 171 229 137 195 103 181 239 147 205 113 171 229 137 215 123 181 239 147 205 113 171 249 157 215 123 181 239 147 225 133 191 249 157 215 123 181 108 166 224 132 190 249 157 215 142 200 108 166 224 132 190 118 176 234 142 200 108 166 224 152 210 118 176 234 142 200 128 186 244 152 210 118 176 234 162 220 128 186 244 152 210 118 196 104 162 0 183 
114 247 155 213 121 179 237 145 223 131 189 247 155 213 121 199 107 165 223 131 189 247 155 233 141 199 107 165 223 131 189 117 175 233 141 199 107 165 243 151 209 117 175 233 141 199 127 185 243 151 209 117 175 102 160 218 127 185 243 151 209 136 194 102 160 218 126 184 242 170 228 136 194 102 160 218 146 204 112 170 228 136 194 102 180 238 146 204 112 170 228 136 214 122 180 238 146 204 112 0 

4119 0 66 4960
3867 0 66 2547
2645 0 67 3814
2800 0 67 4296
3802 1 67 4971
4090 1 67 3098
4383 1 67 3063
4347 1 67 3355
3650 2 67 2657
2626 2 68 3794
2788 2 68 3956
3474 2 68 4970
2777 3 68 4273
2612 3 68 3780
3298 3 68 4794
4312 3 68 2992
3287 4 69 4783
4688 4 69 3695
3868 4 69 2548
4555 4 69 3562
3857 5 69 2537
4544 5 69 3551
3069 5 69 4238
3756 5 70 2763
3059 6 70 4555
4072 6 70 2753
4759 6 70 3767
3285 6 70 4453
3971 6 70 2979
3274 7 70 4770
4288 7 71 2968
4974 7 71 3982
3500 7 71 4669
3252 7 71 4748
2555 8 71 4051
3896 8 71 2903
4910 8 71 3590
3108 8 72 4604
4122 8 72 2802
3425 9 72 4593
4111 9 72 3119
2637 9 72 3805
3324 9 72 4820
4337 9 72 3018
3313 10 73 4809
4327 10 73 3007
2525 10 73 4021
3539 10 73 4708
4225 10 73 3233
3528 11 73 2535
4542 11 73 3222
2740 11 73 4236
3754 11 74 4923
4441 11 74 3448
3743 12 74 2751
4757 12 74 3437
2956 12 74 4451
3969 12 74 2649
4656 12 74 3664
3959 13 75 2966
4972 13 75 3653
3171 13 75 4667
4185 13 75 2865
4871 13 75 3879
3397 13 75 4566
3327 14 75 4496
4341 14 76 3348
2867 14 76 4035
3880 14 76 2560
4567 14 76 3574
3093 14 76 4261
4556 15 76 3564
3082 15 76 4250
3768 15 77 2776
4782 15 77 3462
2981 15 77 4476
3994 15 77 2674
3297 66 77 4466
3984 66 77 2991
2509 66 77 3678
3196 66 77 4692
4210 66 78 2890
4896 66 78 3904
4199 67 78 3206
2725 67 78 3893
3411 67 78 4907
4425 67 78 3105
2623 67 78 4119
3637 67 79 4806
2940 68 79 4108
3626 68 79 2634
4640 68 79 3320
2839 68 79 4335
3853 68 79 2533
4539 68 79 3547
3842 69 80 2522
4528 69 80 3536
3054 69 80 4223
3741 69 80 2748
4754 69 80 3435
2953 69 80 4449
4744 70 80 3751
3269 70 80 4438
3956 70 81 2963
4970 70 81 3650
3168 70 81 4664
4182 70 81 2862
4868 70 81 3876
4171 71 81 3179
2697 71 81 3865
3383 71 82 4879
4397 71 82 3077
2596 71 82 4091
3609 71 82 4778
4296 71 82 3304
3599 72 82 4767
4285 72 82 3293
2811 72 82 3979
3497 72 83 2505
4511 72 83 3191
2710 72 83 4206
3724 72 83 4892
3026 73 83 4195
3713 73 83 2720
4727 73 83 3407
2925 73 84 4421
3939 73 84 2619
4625 73 84 3633
3151 73 84 4320
2600 74 84 4096
3941 74 84 2621
4628 74 85 3636
3154 74 85 4322
3840 74 85 2848
4854 74 85 3534
3053 74 85 4548
4843 75 85 3851
3369 75 85 4538
4056 75 85 3063
2581 75 86 3750
3268 75 86 4764
4282 75 86 2962
4968 75 86 3976
3494 75 86 4663
2797 76 86 3965
3483 76 86 2490
4497 76 87 3177
2695 76 87 4191
3709 76 87 4878
4396 76 87 3403
2921 76 87 4090
3608 76 87 2615
2911 77 87 4407
3924 77 87 2605
4611 77 88 3619
3137 77 88 4305
3823 77 88 2831
4837 77 88 3517
3036 77 88 4531
4049 77 88 2729
3025 78 88 4521
4039 78 89 3046
2564 78 89 3733
3251 78 89 4747
4265 78 89 2945
4951 78 89 3959
3477 78 89 4646
4163 78 89 3171
3466 79 89 4635
4153 79 90 3160
2678 79 90 3847
3692 79 90 4861
4379 79 90 3386
2905 79 90 4073
3591 79 90 2598
4605 79 90 3285
3580 80 91 2588
4594 80 91 3274
2793 80 91 4288
3806 80 91 4975
4493 80 91 3500
3019 80 91 4187
3705 80 91 2712
4719 80 91 3399
2917 80 92 4413
4708 81 92 3716
3234 81 92 4402
3920 81 92 2928
4934 81 92 3615
3133 81 92 4629
4147 81 92 2827
4833 81 92 3841
3359 81 93 4527
4045 81 93 3053
3348 82 93 4844
4362 82 93 3042
2560 82 93 4056
3574 82 93 4743
4261 82 93 3268
4750 82 94 3430
2949 82 94 4444
3962 82 94 2642
4649 82 94 3656
3951 83 94 2632
4638 83 94 3646
3164 83 94 4332
3850 83 94 2858
4864 83 95 3544
3063 83 95 4559
4076 83 95 3084
2602 83 95 3771
3289 83 95 4785
2591 84 95 3760
3278 84 95 4774
4292 84 96 2972
2490 84 96 3986
3504 84 96 4673
4190 84 96 3198
2716 84 96 4212
3730 84 96 4899
4417 84 96 3424
2942 84 96 4111
4406 85 97 3413
2932 85 97 4100
3618 85 97 2625
4632 85 97 3312
2830 85 97 4326
3844 85 97 2524
4858 85 97 3538
3056 85 98 4552
4070 85 98 2750
4757 85 98 3764
4059 86 98 2740
4746 86 98 3754
3272 86 98 4440
3958 86 98 2966
4972 86 98 3652
3171 86 99 4666
4184 86 99 3192
2710 86 99 3879
3397 86 99 4893
4410 86 99 3091
3386 87 99 4882
4400 87 99 3080
2598 87 0 3767
3285 87 0 4453
3644 87 0 2651
4330 87 0 3338
2529 87 0 4025
3215 87 0 4711
3902 87 0 2582
4589 87 0 3269
3564 88 1 4733
2539 89 1 3708
4003 90 1 3010
2978 91 1 4474
4441 92 1 3449
3008 93 2 4176
4471 94 2 3479
3774 95 2 4943
2749 96 2 4245
4540 97 2 3220
3515 98 3 2523
2818 99 3 3987

32136

0 873 21
1 649 47
2 780 22
3 912 48
4 572 47
5 348 45
6 265 42
7 439 45
8 257 48
9 508 46
10 780 49
11 598 22
12 417 25
13 334 28
14 507 31
15 779 34
16 953 41
17 730 33
18 903 36
19 327 39
20 599 42
21 773 45
22 295 48
23 468 21
24 642 28
25 914 31
26 338 34
27 610 37
28 784 40
29 306 43
30 479 46
31 653 49
32 925 22
33 792 46
34 315 23
35 488 26
36 662 29
37 934 32
38 358 35
39 630 38
40 803 41
41 977 44
42 499 47
43 673 20
44 945 23
45 369 26
46 641 33
47 815 36
48 988 39
49 510 42
50 684 45
51 956 48
52 380 21
53 553 24
54 826 27
55 999 30
56 521 33
57 695 36
58 869 43
59 391 46
60 564 49
61 837 22
62 260 25
63 434 28
64 706 31
65 912 26
66 335 33
67 608 36
68 781 39
69 955 42
70 477 45
71 651 48
72 923 21
73 347 24
74 520 27
75 792 30
76 966 33
77 488 36
78 662 39
79 934 42
80 358 45
81 531 48
82 803 21
83 977 24
84 499 27
85 673 34
86 846 45
87 369 48
88 542 21
89 814 24
90 988 27
91 412 30
92 684 33
93 857 36
94 380 39
95 553 42
96 727 45
97 999 22
98 423 25
99 695 28
