20 35 3

0 196 175 173 172 190 169 168 166 145 203 241 149 226 134 172 210 118 156 214 
122 0 178 196 175 213 121 159 197 144 182 240 128 166 224 112 170 247 155 193 
101 100 0 227 135 212 120 158 196 104 142 200 238 185 223 111 169 207 115 153 
211 158 196 0 142 180 238 126 164 111 149 207 245 133 191 229 137 214 122 160 
218 106 164 202 0 187 245 133 171 229 117 175 213 140 198 236 144 182 220 128 
185 113 171 209 117 0 193 100 139 236 124 182 220 108 166 204 111 189 227 135 
192 231 138 176 234 162 0 108 146 203 241 129 187 115 173 211 118 156 194 102 
160 238 145 183 241 129 167 0 113 210 248 136 194 232 140 178 216 163 202 109 
167 205 113 151 189 136 174 232 0 178 216 104 162 239 147 185 223 131 169 227 
135 212 120 158 196 104 142 200 238 0 223 111 169 207 115 153 191 138 176 234 
142 180 238 126 164 111 149 207 245 133 0 229 136 214 122 160 198 106 144 201 
109 187 245 133 171 228 117 174 212 140 198 0 143 182 220 127 165 113 151 209 
116 154 192 100 138 235 124 181 219 107 165 203 0 189 227 134 172 211 118 156 
234 161 199 107 145 183 241 129 187 114 172 210 118 0 194 102 140 218 125 163 
241 129 167 225 113 190 248 136 194 232 231 119 157 104 0 200 238 146 184 222 
130 227 115 173 211 118 157 195 102 180 238 126 164 222 110 0 205 153 191 229 
137 194 232 140 178 126 164 202 109 147 205 243 131 229 117 174 0 101 158 196 
104 201 239 147 185 223 131 169 227 154 212 100 138 196 234 142 180 0 165 203 
111 169 207 115 153 230 138 176 234 122 160 218 106 203 241 149 187 225 0 171 
229 176 214 122 160 198 106 144 202 129 167 225 113 171 209 247 155 232 140 0 

0 141 107 113 139 185 144 169 195 241 117 143 169 195 221 116 142 168 194 240 
206 0 139 106 171 138 183 229 125 170 216 242 138 183 229 125 170 216 112 157 
163 209 0 221 117 162 208 104 149 195 241 136 182 208 104 149 195 241 136 182 
141 186 232 0 217 112 158 204 249 145 191 236 112 158 204 249 145 191 236 132 
241 136 182 228 0 212 108 153 199 245 140 186 232 108 153 199 245 140 186 232 
190 236 132 177 223 0 208 103 149 195 240 136 162 208 103 149 195 240 136 182 
140 186 232 127 173 219 0 203 249 144 190 236 131 157 203 249 144 190 236 131 
240 136 181 227 123 149 194 0 199 244 140 186 212 107 153 199 244 140 185 231 
190 235 131 177 222 118 164 190 0 194 240 135 181 207 103 148 194 240 135 181 
140 185 231 127 172 198 244 140 185 0 190 235 111 157 202 248 144 189 235 131 
239 135 181 226 122 168 213 239 135 181 0 185 231 107 152 198 244 139 185 231 
189 235 131 176 222 248 144 189 235 131 176 0 161 206 102 148 193 239 135 180 
139 185 230 126 172 217 113 139 185 230 126 172 0 156 202 248 143 189 235 130 
239 135 180 226 122 148 193 239 135 180 226 122 167 0 152 197 243 139 184 230 
189 234 130 176 221 117 163 189 234 130 176 221 117 163 0 147 193 239 134 180 
139 184 230 126 171 197 243 138 184 230 125 171 217 112 158 0 143 188 234 130 
238 134 180 225 121 167 212 238 134 180 225 121 167 212 108 154 0 138 184 230 
188 234 130 175 221 247 142 188 234 129 175 221 116 162 208 103 129 0 134 179 
146 192 237 133 159 204 100 146 191 237 133 178 224 120 146 191 237 133 0 137 
104 149 195 241 136 182 228 123 169 215 110 136 182 227 123 169 214 110 156 0 

856 0 11 836
498 0 11 534
914 11 12 524
779 11 12 890
683 12 13 791
768 12 13 879
543 13 14 647
979 13 14 591
787 14 15 898
976 14 15 588
896 14 15 944
594 15 16 699
759 15 16 869
706 15 16 814
588 15 16 693
800 16 17 845
682 16 17 790
884 16 17 998
960 16 17 571
582 17 18 687
954 17 18 565
965 17 18 577
847 17 18 960
574 17 18 679
646 18 19 753
863 18 19 976
874 18 19 987
756 18 19 866
638 18 19 745
710 19 0 818
708 19 0 751
643 19 0 749
577 19 0 682
656 19 0 697
590 19 0 696

5903

0 404 29
1 900 34
2 293 48
3 990 22
4 685 39
5 909 43
6 367 34
7 575 29
8 684 46
9 899 21
10 969 38
11 526 29
12 497 20
13 469 41
14 440 32
15 511 23
16 482 40
17 365 43
18 435 30
19 407 21
