20 35 3

0 243 230 107 244 101 238 226 232 220 246 162 209 235 112 158 185 212 238 174 
228 0 112 249 236 113 159 206 212 239 135 162 189 235 112 198 224 121 147 174 
220 207 0 130 137 164 191 217 114 140 167 103 129 156 183 229 106 132 159 114 
141 187 214 0 137 164 190 193 240 116 143 170 216 243 119 205 232 108 135 181 
208 104 131 217 0 120 166 193 220 116 143 209 105 132 158 185 231 108 135 221 
247 144 170 197 243 0 146 149 196 222 249 126 172 199 225 141 188 214 241 137 
164 210 237 153 199 226 0 129 176 202 229 145 192 218 245 141 168 194 221 157 
184 230 107 133 180 206 233 0 195 222 249 145 227 214 110 176 203 230 126 153 
199 226 102 208 234 111 157 184 0 237 134 200 227 103 150 176 203 249 126 160 
207 233 110 137 183 210 236 172 199 0 102 148 175 202 248 164 191 217 114 140 
187 213 240 176 202 229 106 152 179 205 0 168 194 221 117 144 171 197 244 160 
206 233 110 156 183 209 236 172 198 225 121 0 175 201 248 164 190 217 113 140 
186 213 240 175 202 229 125 152 178 205 101 167 0 221 117 144 170 217 243 159 
206 232 109 136 182 209 235 171 198 244 121 147 194 0 247 163 210 236 113 139 
186 232 109 175 202 248 125 151 198 224 101 167 213 240 0 143 190 216 243 179 
225 102 128 155 201 228 105 191 217 244 120 167 193 220 116 0 166 192 239 115 
162 188 215 151 177 204 231 127 154 180 227 143 169 196 242 119 0 172 219 155 
201 228 104 151 177 204 230 166 193 220 246 143 169 196 242 158 185 0 108 135 
181 208 234 190 216 113 139 166 193 239 116 182 228 105 131 158 204 231 0 174 
220 117 143 170 197 243 120 186 212 109 135 162 208 235 112 197 224 101 147 0 

0 135 217 148 206 134 247 155 193 101 140 198 106 164 222 110 168 206 114 172 
104 0 117 218 170 247 155 213 121 199 107 165 223 131 189 247 155 233 141 199 
210 137 0 127 185 113 190 248 156 214 122 180 238 166 224 132 190 248 156 214 
197 105 163 0 184 112 170 228 136 194 102 160 218 146 204 112 170 228 136 194 
177 235 143 201 0 222 130 208 116 174 232 140 198 106 164 242 150 208 116 174 
157 215 123 181 239 0 130 188 246 154 212 120 178 236 164 222 130 125 183 241 
224 132 190 248 156 214 0 105 163 221 129 187 245 172 231 139 197 124 182 240 
204 112 170 247 155 213 121 0 143 157 215 143 201 109 167 225 133 191 119 177 
140 198 126 184 242 150 208 116 0 137 215 123 181 239 147 205 113 171 249 157 
120 178 236 164 222 130 188 246 154 0 175 233 161 219 127 185 243 151 209 136 
100 158 216 143 201 109 167 225 134 192 0 232 140 198 107 165 223 131 189 116 
230 138 215 123 181 239 147 205 113 171 249 0 120 178 236 144 202 106 164 222 
205 113 171 229 137 195 103 161 239 147 205 113 0 134 192 101 178 236 144 202 
185 180 238 146 204 112 170 228 156 214 122 180 238 0 109 167 245 153 211 139 
102 160 218 146 204 198 106 164 223 131 189 116 174 209 0 230 138 196 104 182 
145 203 111 169 227 155 213 121 179 237 145 203 111 188 246 0 118 176 234 142 
125 183 241 149 207 134 192 100 158 217 125 183 110 168 226 134 0 156 214 122 
104 163 221 129 206 114 172 230 138 196 104 162 240 148 206 114 172 0 193 101 
183 111 169 227 135 213 121 179 237 145 203 130 188 246 154 212 121 179 0 219 
151 209 117 175 233 141 219 127 185 243 151 209 117 195 103 161 219 127 185 0 

561 0 12 848
532 0 12 950
542 1 12 960
504 1 12 921
868 12 13 726
753 12 13 675
805 13 14 728
976 13 14 899
687 14 15 609
609 14 15 531
612 14 15 533
611 15 16 533
678 15 16 535
966 15 16 890
943 15 16 867
870 16 17 793
912 16 17 835
666 16 17 587
707 16 17 629
843 17 18 766
521 17 18 873
692 17 18 614
734 17 18 656
776 17 18 633
612 18 19 533
653 18 19 575
760 18 19 617
737 18 19 659
778 18 19 701
534 19 0 952
524 19 0 941
579 19 0 500
569 19 0 987
759 19 0 682
749 19 0 671

5654

0 941 38
1 438 24
2 624 45
3 477 29
4 293 49
5 698 46
6 633 40
7 666 33
8 601 22
9 802 28
10 737 21
11 672 41
12 547 34
13 284 24
14 318 43
15 252 33
16 937 22
17 568 42
18 443 28
19 378 47
