20 33 3

0 160 115 142 117 223 198 213 149 104 111 217 153 199 115 142 117 183 229 126 
192 0 245 102 148 104 150 106 101 163 158 224 191 127 233 117 124 210 217 192 
128 174 0 247 164 159 114 121 227 202 228 184 230 166 173 168 175 150 177 113 
199 241 197 0 100 107 212 109 116 182 228 184 230 146 192 128 123 209 145 231 
246 241 176 132 0 154 129 234 131 217 133 179 206 161 117 203 119 205 231 226 
221 157 204 100 166 0 148 195 130 216 152 147 122 208 144 159 174 149 203 178 
193 239 195 111 157 192 0 123 138 133 238 115 141 156 179 174 240 117 183 190 
224 100 147 173 168 144 249 0 192 104 119 244 160 207 202 157 132 199 245 200 
156 222 126 192 109 104 170 145 0 206 162 117 112 186 213 164 100 206 161 156 
203 154 161 117 202 190 185 140 206 0 117 164 210 217 173 109 155 177 244 140 
174 201 137 124 190 244 101 227 214 130 0 211 218 173 220 155 190 106 180 187 
123 169 235 131 178 185 192 218 194 169 196 0 178 114 160 206 213 149 144 190 
237 192 219 246 122 208 144 190 185 121 187 241 0 204 120 135 181 227 144 190 
236 231 108 233 137 113 238 134 141 207 143 150 177 0 139 225 141 247 222 178 
113 219 194 241 157 183 100 126 153 219 123 209 105 171 0 225 141 116 202 157 
133 238 115 122 208 234 131 165 212 128 233 228 184 179 134 0 136 183 126 192 
207 104 126 113 199 174 169 145 140 245 161 208 171 237 102 129 0 241 122 227 
202 197 153 109 234 209 113 148 234 150 157 164 210 146 172 128 143 0 204 140 
135 110 180 116 131 106 132 238 213 189 235 171 217 153 239 194 241 248 0 230 
166 169 183 159 185 180 136 182 209 184 100 186 193 188 215 111 118 164 211 0 

0 222 209 215 182 142 148 171 142 148 155 162 149 175 162 149 136 162 228 124 
162 0 207 194 149 195 182 248 164 170 197 204 191 237 243 211 158 165 152 249 
196 223 0 148 195 181 149 116 221 228 144 170 157 124 151 118 144 242 118 145 
175 130 137 0 233 149 226 213 200 207 214 201 227 103 110 247 175 162 240 136 
166 192 199 225 0 164 241 137 235 182 177 105 202 209 160 124 209 105 171 178 
169 223 249 145 132 0 106 172 107 193 109 246 193 148 131 106 204 100 107 244 
234 182 169 136 182 189 0 218 114 219 115 181 168 143 150 216 183 111 188 215 
245 193 120 147 153 101 111 0 219 115 142 129 246 174 101 167 174 200 247 233 
205 191 139 146 192 179 225 231 0 170 236 112 249 106 132 119 165 191 238 114 
136 222 229 105 171 197 204 151 119 0 187 123 149 215 131 138 235 222 118 105 
155 162 149 226 103 109 187 103 220 187 0 114 231 218 185 152 179 146 113 140 
241 117 124 221 228 124 151 157 164 230 237 0 155 181 188 155 103 109 156 182 
212 199 206 153 101 147 213 129 175 142 168 171 0 149 195 123 149 235 131 177 
247 162 157 203 151 177 160 187 213 149 234 241 137 0 194 161 246 233 161 207 
218 185 101 218 154 129 135 213 109 136 103 240 144 150 0 219 115 181 148 214 
126 192 238 154 141 167 174 200 238 245 172 159 237 165 172 0 169 156 123 110 
101 186 154 160 147 174 200 227 154 181 168 214 240 227 155 142 0 139 225 231 
202 189 125 211 217 224 231 166 212 108 214 149 117 104 181 227 214 0 192 120 
217 204 100 217 165 172 158 205 132 159 185 152 120 146 133 140 146 173 0 190 
137 203 139 185 211 218 224 231 218 225 212 127 114 220 246 142 188 104 182 0 

850 10 11 650
747 11 12 496
591 12 13 832
835 12 13 712
943 13 14 626
979 13 14 532
669 14 15 651
970 14 15 653
932 14 15 512
788 15 16 536
673 15 16 953
571 15 16 748
639 15 16 685
708 16 17 690
880 16 17 563
908 16 17 915
950 16 17 503
501 17 18 846
828 17 18 615
922 17 18 968
754 17 18 671
808 17 18 647
724 18 19 576
843 18 19 695
794 18 19 646
745 18 19 856
501 18 19 910
815 19 10 796
765 19 10 553
626 19 10 802
770 19 10 882
916 19 10 703
672 19 10 525

5780

0 301 33
1 347 25
2 550 28
3 540 22
4 948 21
5 445 40
6 321 26
7 294 33
8 979 22
9 644 38
10 974 31
11 415 34
12 448 31
13 482 33
14 870 34
15 805 31
16 740 46
17 387 36
18 519 34
19 552 35
