20 58 5

0 130 117 124 170 157 144 171 217 185 211 108 134 216 224 140 226 118 224 120 
194 0 207 249 125 140 137 230 166 102 148 234 134 183 159 205 164 179 245 125 
167 209 0 207 162 204 196 179 249 113 136 111 169 231 143 126 231 127 172 135 
201 196 112 0 149 242 237 197 211 108 137 180 222 161 148 170 185 161 235 194 
169 164 100 248 0 162 110 105 230 245 110 132 198 245 155 134 180 246 241 197 
212 167 233 215 112 0 196 243 182 209 184 100 182 244 246 222 197 152 178 138 
113 175 159 122 208 226 0 109 242 150 126 138 208 163 119 205 141 215 161 117 
171 237 232 148 123 165 168 0 249 191 186 202 157 227 242 165 121 128 166 228 
100 241 125 122 129 155 241 157 0 230 173 239 136 150 106 140 147 118 140 182 
225 180 122 167 147 130 200 215 115 0 140 222 134 116 143 138 135 189 105 210 
166 173 109 225 161 227 187 122 169 108 0 152 155 182 144 179 135 118 207 203 
102 196 234 166 227 194 130 105 120 245 209 0 159 140 187 213 149 125 230 142 
224 219 182 208 215 135 181 180 207 123 130 191 0 236 231 147 182 208 140 186 
236 101 159 245 232 164 226 209 164 119 140 234 189 0 242 218 154 211 166 161 
156 242 229 184 246 229 244 239 150 184 160 246 166 181 0 107 145 148 190 220 
215 119 156 182 209 235 112 198 137 187 182 200 195 111 121 0 166 145 152 213 
228 204 187 107 122 207 234 209 164 207 209 157 223 216 242 178 0 211 108 174 
152 198 249 153 179 197 220 242 249 106 179 213 169 196 246 111 113 0 241 212 
215 131 145 231 206 162 204 160 206 156 202 229 165 101 167 162 169 235 0 235 
195 241 141 207 124 240 152 194 236 152 187 232 165 199 249 114 152 238 166 0 

0 176 120 126 129 135 243 190 236 223 170 138 144 111 133 211 201 188 179 245 
244 0 145 215 146 152 104 118 216 191 198 176 207 118 136 190 168 174 161 108 
166 173 0 154 121 147 208 132 194 196 144 126 141 247 143 130 176 198 166 180 
134 208 215 0 121 163 170 143 209 116 123 221 227 104 241 191 158 169 136 107 
208 199 189 140 0 129 112 115 201 235 242 233 220 214 244 195 213 169 201 188 
166 232 195 171 177 0 162 208 238 149 155 202 223 238 174 240 187 103 141 219 
174 184 246 233 131 141 0 119 224 100 106 153 140 205 243 234 185 144 241 130 
243 151 229 230 163 236 243 0 237 196 226 176 108 134 141 167 241 248 240 227 
162 189 136 123 189 196 183 236 0 135 161 247 123 204 108 170 172 120 141 156 
242 249 173 239 115 141 132 233 164 0 142 208 171 237 166 244 160 147 244 121 
111 229 128 115 236 183 174 110 246 177 0 182 185 175 241 201 207 155 106 243 
123 114 214 122 208 161 191 166 133 160 135 0 179 225 212 211 217 243 174 200 
174 248 204 139 106 113 120 197 188 138 200 207 0 224 168 174 210 197 223 210 
142 235 222 153 120 221 189 136 123 221 215 146 208 0 216 120 226 185 212 131 
145 116 217 168 214 111 196 230 166 175 142 168 155 122 0 214 248 215 150 157 
239 226 134 155 106 243 230 192 207 183 146 243 218 205 204 0 149 242 178 242 
166 212 159 166 244 100 205 141 238 225 156 230 122 124 197 223 0 162 106 171 
202 180 171 122 140 166 134 101 175 201 193 105 214 240 156 222 114 0 114 235 
127 205 211 103 176 218 134 235 241 240 124 111 193 148 138 239 238 244 0 210 
106 113 192 159 186 173 120 166 157 190 138 223 210 197 184 151 106 207 118 0 

810 0 12 751
617 0 12 543
719 0 12 820
742 1 12 658
533 1 12 951
732 1 12 648
953 12 13 947
698 12 13 944
741 12 13 748
529 13 14 683
843 13 14 721
767 13 14 682
978 13 14 748
558 14 15 988
518 14 15 923
849 14 15 950
905 14 15 714
528 14 15 841
781 15 16 670
757 15 16 804
958 15 16 635
925 15 16 919
715 15 16 723
929 15 16 576
982 16 17 751
772 16 17 648
916 16 17 659
997 16 17 687
721 16 17 636
776 16 17 915
870 16 17 786
901 17 18 565
980 17 18 550
585 17 18 938
561 17 18 980
987 17 18 903
527 17 18 945
544 17 18 737
956 17 18 700
827 18 19 679
804 18 19 931
975 18 19 811
897 18 19 641
874 18 19 749
969 18 19 910
1006 18 19 893
689 18 19 565
718 18 19 934
974 19 0 876
910 19 0 786
950 19 0 548
939 19 0 749
523 19 0 756
552 19 0 733
620 19 0 507
541 19 0 523
927 19 0 762
582 19 0 762

5544

0 527 43
1 698 38
2 282 36
3 923 43
4 521 48
5 432 23
6 758 48
7 334 21
8 386 41
9 817 24
10 297 47
11 419 41
12 391 34
13 718 24
14 790 43
15 606 39
16 540 20
17 365 40
18 951 25
19 333 35
