20 37 5

0 170 145 101 227 182 158 114 239 215 190 166 122 137 242 218 194 169 145 100 
115 0 236 212 167 143 118 244 200 195 171 146 122 247 223 178 154 149 125 100 
246 221 0 152 128 123 249 205 180 156 131 107 232 227 183 159 134 110 235 191 
206 201 177 0 108 234 209 185 160 156 131 237 212 188 163 139 115 110 216 191 
206 182 193 148 0 119 245 220 196 171 127 103 228 223 199 174 150 106 231 207 
202 197 173 148 124 0 205 181 156 151 127 103 228 184 159 135 110 106 231 207 
202 177 153 109 234 230 0 181 156 132 237 213 189 184 159 135 110 216 192 167 
182 177 133 109 234 210 185 0 117 112 237 213 189 164 140 245 221 216 192 167 
162 138 114 239 215 190 166 141 0 242 218 193 149 144 120 245 221 196 172 128 
143 138 113 239 195 170 146 121 247 0 218 173 149 125 100 226 181 196 152 128 
123 248 224 200 175 170 146 102 227 203 0 154 110 124 230 206 181 157 132 238 
103 248 224 199 155 131 106 232 207 203 178 0 109 235 211 186 162 157 113 238 
103 229 184 160 136 131 106 232 188 163 139 114 0 235 211 166 142 117 243 218 
214 209 184 160 135 111 217 192 168 163 139 114 240 0 171 147 122 117 243 218 
214 189 165 120 246 241 217 192 168 143 249 225 200 195 0 147 122 228 203 179 
174 169 145 120 246 222 177 153 128 124 249 225 200 156 132 0 233 228 203 179 
174 150 125 101 226 202 177 153 128 104 229 205 161 156 131 107 0 188 164 139 
154 150 105 231 206 182 158 133 239 234 210 185 161 136 112 218 193 0 164 139 
135 110 236 211 187 182 157 113 239 214 190 165 121 136 242 217 193 169 0 100 
115 110 236 211 167 142 118 244 219 214 190 146 121 247 222 198 154 169 124 0 

0 137 230 194 102 141 179 218 106 145 183 222 110 168 207 246 134 173 211 100 
233 0 238 241 150 208 246 135 193 101 140 198 237 125 183 242 130 189 227 135 
178 236 0 108 166 204 113 151 209 248 156 195 103 141 200 238 146 185 243 132 
166 224 133 0 206 114 153 211 119 177 216 124 163 221 109 168 206 114 153 211 
246 134 192 231 0 174 232 120 179 217 125 164 222 111 169 208 116 154 213 101 
136 194 102 141 199 0 122 180 219 127 165 224 112 170 209 117 156 214 103 161 
195 104 142 200 239 147 0 220 128 187 225 114 172 210 119 177 215 104 162 220 
105 143 202 240 149 187 245 0 188 227 115 173 232 120 178 217 125 164 222 110 
145 203 242 150 188 247 135 194 0 136 175 233 122 180 218 127 165 223 112 170 
205 243 151 190 248 156 195 233 142 0 234 123 181 220 128 167 225 113 172 210 
245 153 211 100 158 196 105 143 201 240 0 183 221 129 168 226 115 173 212 120 
154 212 101 159 198 106 145 203 241 150 188 0 131 169 228 136 174 213 121 179 
214 102 161 199 107 146 204 243 151 190 248 136 0 229 137 176 234 123 181 219 
104 162 201 109 147 206 244 152 191 249 138 196 104 0 177 236 124 182 221 129 
164 202 110 149 207 115 154 192 101 159 197 106 144 183 0 125 184 222 131 169 
204 112 170 209 117 155 214 102 160 199 237 146 204 242 151 0 224 132 170 229 
113 171 210 118 157 215 104 162 200 109 147 205 244 152 191 249 0 172 230 138 
173 211 120 158 216 105 163 202 110 149 207 245 154 192 100 139 197 0 140 178 
162 200 108 147 205 244 152 190 249 137 195 234 142 181 239 127 186 224 0 167 
150 208 247 155 194 102 140 199 237 145 184 242 131 189 228 136 174 233 121 0 

590 0 9 757
629 0 9 795
528 0 9 631
882 0 9 558
588 0 9 754
838 0 9 936
738 0 9 838
938 0 9 613
709 0 9 873
907 0 9 582
793 1 9 956
837 1 9 513
673 1 9 837
924 1 9 599
695 1 9 859
960 1 9 634
730 1 9 894
668 1 9 833
933 1 9 608
704 1 9 868
590 2 9 692
790 2 9 952
560 2 9 727
539 2 0 706
518 2 0 622
926 2 0 601
905 2 0 580
819 2 0 496
798 2 0 961
777 2 0 876
533 3 0 700
783 4 0 946
538 5 0 706
496 6 0 600
747 7 0 910
567 8 0 670
817 9 0 494

6436

0 670 46
1 779 42
2 474 27
3 901 36
4 323 20
5 316 48
6 647 31
7 879 47
8 716 32
9 565 30
10 304 46
11 891 32
12 728 21
13 467 37
14 955 22
15 792 38
16 630 24
17 479 32
18 809 48
19 548 33
