20 66 5

0 203 179 154 130 235 211 186 142 138 133 167 143 158 153 149 144 139 134 149 
145 0 115 221 197 192 187 202 197 193 188 183 178 174 169 204 199 194 189 185 
180 155 0 126 121 117 112 107 103 248 243 128 123 118 114 109 104 249 245 110 
105 100 245 0 236 231 246 111 106 102 247 242 237 233 228 243 238 233 229 224 
239 214 229 244 0 235 230 225 221 216 211 226 221 217 212 207 202 198 193 228 
223 218 213 209 204 0 194 209 205 200 195 210 186 181 176 211 206 201 197 192 
207 202 197 212 208 203 0 193 189 184 179 194 189 185 180 175 151 146 141 156 
152 147 162 137 152 128 143 0 153 148 144 139 134 129 125 140 135 130 125 121 
136 131 126 141 136 132 127 122 0 113 108 143 138 133 128 124 119 114 109 124 
120 115 110 105 247 222 217 232 228 0 218 213 209 204 199 214 209 205 200 195 
210 205 201 216 211 206 201 197 192 187 0 197 193 188 183 178 193 169 184 199 
194 189 185 180 175 170 166 181 196 171 186 0 177 172 167 182 177 173 168 163 
159 154 149 164 179 174 170 165 160 155 151 166 0 156 151 147 142 137 132 147 
162 158 153 148 143 139 134 149 124 120 115 110 105 0 246 111 106 101 247 242 
107 102 247 112 108 103 248 243 239 234 229 244 220 215 0 205 201 196 191 226 
221 216 212 207 202 197 193 208 203 198 193 189 184 179 175 0 204 200 195 190 
186 181 176 211 186 201 177 172 187 163 178 193 188 183 178 174 0 164 159 174 
189 185 180 175 170 166 161 176 171 166 162 157 152 147 143 158 153 0 143 139 
154 149 144 159 154 150 145 140 135 131 126 141 136 151 127 142 117 132 0 142 
138 133 128 123 119 114 109 144 119 134 130 125 120 115 111 126 121 116 111 0 

0 183 147 189 228 116 174 213 101 140 178 217 105 144 202 221 129 168 206 245 
228 0 175 177 236 199 234 142 200 239 127 185 244 132 171 229 117 176 234 122 
106 164 0 185 224 132 171 229 118 176 214 123 161 219 108 166 205 113 151 210 
244 152 191 0 114 172 211 119 158 216 104 163 221 109 148 206 245 153 211 100 
134 192 231 139 0 212 120 159 217 106 164 203 111 149 208 246 154 193 101 140 
174 232 141 179 218 0 160 199 107 146 204 242 151 189 247 136 194 233 141 180 
234 122 181 219 127 166 0 239 147 205 244 152 191 229 137 196 234 142 181 239 
124 162 221 109 167 206 114 0 187 245 134 192 231 139 177 236 124 182 221 129 
164 222 110 149 207 115 154 212 0 135 174 232 140 179 217 126 164 222 131 169 
204 112 150 209 247 155 194 102 141 0 111 150 208 246 155 193 101 140 198 237 
121 179 238 126 184 223 131 170 228 117 0 190 248 136 195 103 141 180 238 146 
181 219 128 166 224 113 171 210 118 156 215 0 138 196 235 143 181 240 128 186 
221 109 168 206 114 173 211 100 158 216 105 163 0 236 124 183 221 130 168 226 
111 169 227 116 174 213 121 159 218 106 164 203 111 0 184 242 131 169 228 136 
170 209 117 156 214 103 161 199 108 146 204 243 151 209 0 132 191 229 137 176 
210 119 157 215 104 162 201 109 148 206 244 153 211 249 138 0 231 119 177 216 
100 159 217 105 164 202 110 149 207 246 154 192 101 139 198 236 0 159 217 126 
160 199 107 145 204 242 150 189 247 136 194 232 141 179 237 126 184 0 107 166 
129 187 226 134 172 231 119 177 216 124 163 221 129 168 206 115 153 211 0 134 
118 176 214 123 161 219 108 166 205 113 151 210 118 156 195 103 142 200 108 0 

877 0 14 549
510 0 14 747
764 0 14 932
819 0 14 987
758 0 14 927
930 1 14 602
618 1 14 854
517 1 14 689
997 1 14 733
605 1 14 841
555 2 14 726
863 2 14 601
842 2 14 580
873 2 14 611
918 2 14 590
736 3 14 905
569 3 15 740
599 3 15 769
933 3 15 670
753 3 15 987
927 14 15 599
760 14 15 929
528 14 15 764
862 14 15 600
696 14 15 865
529 14 15 701
911 15 16 648
771 15 16 510
604 15 16 840
714 15 16 949
693 15 16 862
962 15 16 698
741 16 17 909
912 16 17 649
745 16 17 979
578 16 17 814
979 16 17 715
812 16 17 980
645 16 17 815
925 17 18 597
825 17 18 498
658 17 18 828
927 17 18 663
760 17 18 499
593 17 18 829
928 17 18 599
761 17 18 929
714 18 19 883
613 18 19 849
948 18 19 619
781 18 19 950
548 18 19 785
883 18 19 621
716 18 19 951
550 18 19 721
884 18 19 557
873 19 0 610
917 19 0 589
896 19 0 633
941 19 0 612
919 19 0 656
898 19 0 635
943 19 0 679
921 19 0 658
966 19 0 637
924 19 0 661

6355

0 852 49
1 272 38
2 993 38
3 846 35
4 505 48
5 379 48
6 710 31
7 547 47
8 779 33
9 355 20
10 586 35
11 917 48
12 754 34
13 986 20
14 823 39
15 562 25
16 399 40
17 428 44
18 265 30
19 753 45
