50 89 3

0 232 219 246 233 240 227 214 201 208 235 112 158 185 211 238 134 161 188 234 111 137 164 210 237 113 140 186 213 240 136 163 189 216 112 178 205 232 128 155 181 228 104 170 197 243 120 147 173 220 
136 0 189 176 183 210 237 243 120 186 233 109 136 182 114 101 147 174 201 227 124 150 177 223 100 127 153 200 226 103 130 176 203 229 126 152 179 206 102 129 155 182 228 105 131 178 204 231 108 154 
200 188 0 201 248 124 151 178 224 101 127 174 200 227 104 190 216 243 119 166 192 219 115 142 169 195 242 118 145 172 218 134 161 207 234 110 137 183 210 237 113 160 186 213 109 136 163 189 236 112 
159 185 212 0 135 162 188 235 111 138 184 211 237 154 200 227 103 130 176 203 229 165 192 219 245 142 168 195 221 157 184 211 107 134 160 187 233 149 176 203 249 126 152 199 225 102 129 175 202 228 
125 151 198 224 0 127 174 200 227 123 150 216 243 139 166 192 219 115 142 169 215 242 118 145 191 218 245 121 168 194 221 117 144 171 197 244 120 147 174 220 247 123 170 236 112 139 185 212 239 115 
162 188 235 111 138 0 211 237 114 200 227 103 130 176 203 230 106 153 179 206 102 129 155 182 228 105 132 158 205 231 108 154 181 208 234 131 157 184 211 107 134 200 246 123 149 176 222 249 126 192 
238 134 161 188 214 111 0 203 100 126 153 180 187 213 240 156 202 229 106 152 179 205 232 128 155 182 208 105 131 158 204 231 108 134 181 207 234 110 157 152 140 147 134 160 207 233 110 176 222 249 
126 172 199 225 122 188 215 0 138 164 191 217 114 140 167 213 240 117 143 190 216 132 159 205 232 109 155 182 208 124 171 197 224 101 147 174 200 136 163 190 216 113 139 166 192 128 155 182 228 105 
151 178 204 101 127 154 180 227 0 130 157 243 119 146 192 219 245 122 169 235 111 138 184 211 238 134 161 227 103 150 176 203 230 126 153 219 115 142 168 195 241 118 145 211 218 114 141 167 194 240 
137 163 190 217 113 140 166 193 239 0 142 189 215 242 119 165 192 108 115 141 168 214 241 118 144 230 107 133 160 206 233 110 156 222 249 125 172 198 225 102 148 175 201 248 124 151 178 224 101 167 
213 240 136 163 189 216 112 178 205 101 0 155 181 228 104 171 197 244 120 147 193 220 246 163 209 236 112 139 185 212 238 135 161 188 215 111 138 164 191 127 153 180 226 103 130 156 203 119 146 172 
219 115 142 168 195 131 157 184 211 107 134 0 207 123 149 176 222 249 126 152 199 115 141 188 214 241 173 180 206 103 129 156 202 229 106 132 179 205 232 108 155 181 208 104 131 197 224 120 147 174 
220 247 123 209 236 112 139 185 212 239 115 201 0 104 151 177 204 231 127 154 180 227 103 130 156 203 229 146 172 219 245 122 168 195 222 138 184 211 237 114 160 187 214 149 176 203 229 126 152 179 
225 141 188 214 241 118 164 191 217 244 140 167 194 0 117 143 170 106 132 159 186 232 109 135 182 248 124 151 197 224 101 127 174 240 116 163 189 216 243 139 166 232 108 155 181 208 104 131 158 224 
120 167 193 220 246 143 169 196 223 119 146 172 219 245 0 149 195 222 248 125 171 198 225 160 187 214 240 137 163 190 217 152 179 206 102 129 155 182 228 144 171 198 244 121 147 194 220 247 124 170 
216 243 120 146 193 109 135 162 208 235 112 158 185 101 127 0 200 227 104 150 177 243 139 166 192 219 115 142 169 235 131 158 184 231 107 134 161 207 234 110 137 183 210 237 133 199 226 102 149 175 
202 248 125 191 238 114 141 167 214 240 117 183 230 106 133 179 0 232 109 195 222 248 125 171 158 185 231 148 174 201 247 124 150 177 223 100 127 173 200 226 103 149 176 203 249 126 152 179 225 102 
148 187 194 241 117 144 170 217 243 160 186 233 109 136 182 209 235 0 198 225 101 128 174 201 228 124 151 177 204 100 127 153 180 116 143 169 216 242 119 145 192 108 135 161 208 234 111 157 184 100 
146 173 200 246 123 149 176 112 138 165 192 238 115 141 188 214 241 118 0 191 217 244 140 206 233 129 156 183 209 106 132 198 225 121 148 175 221 248 124 190 237 113 140 167 213 240 116 202 229 105 
152 178 205 101 128 194 201 228 124 151 177 224 100 127 154 200 227 103 130 0 203 230 126 153 179 206 102 129 155 222 228 125 151 178 205 101 128 194 220 117 143 170 216 243 120 186 232 109 135 162 
208 235 131 158 185 211 108 134 161 207 234 150 177 223 100 126 153 199 226 142 0 215 242 118 165 191 218 134 181 207 234 130 157 183 210 146 173 199 226 122 149 176 222 249 125 152 198 225 101 128 
174 110 137 164 190 237 113 140 166 102 129 156 202 229 105 132 178 244 121 148 194 0 247 144 170 236 113 159 186 213 109 136 162 228 125 151 178 205 212 218 245 141 168 195 221 118 144 171 217 244 
121 167 194 220 117 143 170 236 132 159 186 212 109 135 162 248 124 151 178 224 101 127 0 240 116 143 189 216 243 119 166 192 219 246 142 169 195 242 118 184 211 107 134 161 187 234 110 176 223 249 
146 172 199 226 122 188 215 111 138 164 191 237 114 180 207 103 130 157 203 230 106 133 179 0 232 129 155 182 209 145 171 198 224 121 147 174 220 137 163 190 236 113 139 166 212 129 155 202 228 105 
151 178 205 140 167 194 240 117 143 170 216 132 159 186 232 109 135 182 208 235 112 158 185 211 0 134 161 187 234 110 137 164 210 237 113 180 226 103 129 176 202 229 105 191 218 245 141 168 194 221 
117 183 230 106 133 179 206 233 109 156 182 209 235 132 158 185 232 148 174 201 247 124 151 177 224 0 166 213 239 116 143 189 216 132 158 205 231 108 154 181 208 124 170 197 223 100 146 173 200 246 
123 149 196 222 249 145 172 238 115 161 188 214 241 137 164 230 126 153 180 206 103 129 156 222 118 145 0 218 245 121 148 234 110 137 164 210 197 224 120 186 213 240 136 163 189 216 112 139 166 212 
239 135 162 188 215 111 138 164 211 237 114 141 187 100 127 153 180 206 103 129 156 222 119 145 172 218 245 0 148 234 111 137 164 210 237 113 160 186 213 240 136 163 189 236 112 178 205 102 128 155 
201 228 124 190 217 244 140 167 193 220 116 182 209 105 132 159 185 232 108 174 201 247 124 151 197 224 100 127 0 200 227 103 150 176 203 139 165 192 219 115 142 168 195 131 157 184 230 107 134 160 
207 142 169 196 222 119 145 172 199 134 161 188 234 111 137 164 210 126 133 160 187 233 110 136 163 209 236 113 139 0 212 239 135 162 188 215 111 138 165 191 238 154 161 187 214 241 137 164 190 126 
153 199 226 102 129 175 202 118 165 191 218 244 141 167 194 221 117 144 170 217 243 120 147 232 109 136 162 209 235 112 0 225 101 128 174 201 227 104 150 217 243 140 166 193 219 116 142 209 235 132 
178 205 231 108 154 181 207 104 130 157 184 230 107 173 200 246 123 149 196 222 249 165 211 238 115 141 188 214 241 177 203 0 107 153 180 206 233 169 195 222 118 145 172 198 245 161 187 214 110 137 
183 171 217 244 120 167 193 220 246 143 169 196 223 119 146 172 219 245 122 188 234 111 138 164 211 237 114 200 227 103 130 176 0 229 106 192 219 245 142 168 195 221 118 144 171 198 244 121 147 194 
220 156 183 209 236 132 159 186 232 148 175 202 248 125 151 198 224 140 167 213 240 117 143 190 216 132 179 205 232 109 155 182 208 0 131 158 184 231 107 134 161 247 123 150 177 223 100 126 173 239 
135 162 188 215 111 138 165 100 127 154 180 227 103 130 157 242 119 146 192 219 245 122 168 234 111 138 184 211 237 134 160 187 214 110 0 163 190 236 113 140 186 213 239 116 162 189 215 151 178 205 
101 128 154 201 227 143 190 216 243 120 166 193 219 135 182 208 235 131 158 185 211 108 134 161 188 234 111 137 184 100 126 153 199 226 103 0 176 242 118 165 191 218 245 141 168 234 110 157 183 210 
106 133 160 245 122 149 175 222 248 125 171 198 225 101 148 174 201 247 124 190 217 113 140 166 193 239 116 182 228 105 132 158 205 231 108 174 0 247 124 170 197 223 100 186 212 239 116 162 149 176 
222 138 185 211 238 115 161 188 214 111 137 164 191 237 114 140 167 213 240 117 163 190 216 243 139 186 212 239 115 162 188 215 242 178 204 231 127 0 180 207 103 170 196 223 119 146 173 219 246 162 
208 235 111 158 184 211 107 173 200 227 123 150 176 203 249 165 192 238 115 142 168 215 241 157 184 230 107 134 180 207 233 149 196 222 249 145 172 199 0 161 188 214 241 137 164 191 237 153 180 206 
103 130 156 203 229 145 192 218 245 122 168 195 221 137 184 210 237 133 160 187 213 149 176 202 229 125 152 179 225 141 148 175 201 228 124 151 178 113 140 0 193 240 116 143 170 105 132 159 205 232 
128 155 181 117 104 151 177 204 231 127 154 220 116 143 169 196 242 119 146 212 108 135 161 208 234 111 138 223 100 127 153 200 226 103 149 215 242 119 165 192 0 245 141 208 234 131 157 184 210 107 
133 239 116 142 169 215 242 119 165 231 108 134 181 207 234 111 157 223 100 146 173 199 226 122 149 215 242 138 165 191 238 114 141 207 103 130 157 183 230 106 133 0 245 122 149 195 222 248 125 211 
107 134 161 187 234 110 137 223 249 126 153 199 186 193 220 155 182 209 235 132 158 185 212 147 174 201 247 124 150 177 223 139 166 193 239 116 142 189 215 151 198 224 0 128 174 201 227 143 190 216 
113 139 166 193 239 155 182 208 105 131 158 204 231 147 174 220 247 123 150 196 223 159 205 232 108 155 181 208 235 171 197 224 100 147 173 200 246 182 209 236 112 159 185 0 108 174 201 228 124 151 
197 224 100 186 213 239 116 162 189 216 112 198 224 101 147 174 201 247 124 210 236 133 159 186 213 109 136 202 228 125 151 178 224 101 128 213 110 136 163 209 236 113 139 245 0 148 175 221 248 124 
171 107 133 180 206 233 110 156 183 118 165 191 218 114 141 168 194 130 157 183 210 106 133 160 206 122 149 175 222 248 125 152 198 114 141 187 214 240 117 163 190 106 133 179 206 0 129 155 182 248 
145 171 218 244 121 167 194 110 137 183 210 236 133 159 186 102 148 175 202 228 125 151 178 114 140 167 194 240 117 143 170 106 132 159 205 232 109 135 182 248 124 151 197 224 101 147 0 240 116 163 
189 216 112 139 166 102 128 155 181 228 215 242 118 204 231 107 154 180 207 234 130 196 223 249 146 172 199 245 122 188 215 111 138 164 191 237 114 180 227 103 130 156 203 229 106 172 219 0 122 168 
195 241 118 184 230 107 134 160 207 233 110 176 222 249 126 172 199 225 102 188 214 241 118 164 191 217 114 180 206 233 129 156 183 209 106 172 198 245 121 148 175 221 248 164 190 237 113 140 0 213 
109 176 202 229 125 152 178 225 102 168 194 241 117 144 171 217 244 160 206 233 109 136 182 209 236 152 198 225 101 148 174 201 228 163 190 217 243 140 166 193 239 155 162 189 216 112 139 165 192 0 

0 222 213 184 242 130 188 246 135 193 101 159 197 105 143 201 109 167 226 114 172 230 118 176 234 142 180 238 127 185 243 131 189 247 155 193 101 159 198 106 144 222 110 168 226 114 172 230 119 177 
160 0 173 101 178 110 168 226 134 192 100 158 236 144 202 110 168 226 134 192 120 178 236 144 202 110 168 245 153 212 120 178 236 144 202 129 187 245 153 211 119 177 235 163 221 129 187 245 153 211 
182 110 0 100 158 216 124 182 240 148 226 134 192 100 158 216 124 201 109 167 225 133 192 100 158 235 143 201 109 167 225 133 211 119 177 235 143 201 109 167 245 153 211 119 177 235 143 201 129 187 
150 208 136 0 157 215 123 181 239 147 225 133 191 249 157 215 123 201 109 167 225 133 191 249 157 235 143 201 109 167 225 133 191 119 177 235 143 201 109 167 244 152 210 118 176 234 143 201 128 186 
149 207 116 174 0 214 122 180 239 147 205 113 190 248 156 214 122 180 238 146 224 132 190 248 156 214 122 180 108 166 224 132 190 248 156 234 142 200 108 166 224 132 190 118 176 234 142 200 108 166 
149 207 115 173 101 0 122 180 238 146 204 112 170 248 156 214 122 180 238 146 224 132 190 248 156 214 122 180 107 165 223 225 152 210 118 196 104 162 220 128 186 244 172 230 138 196 104 162 220 128 
111 169 227 135 213 121 0 142 200 108 166 224 152 210 118 176 234 142 200 108 186 244 152 210 118 176 234 162 220 128 186 244 152 210 118 196 104 162 220 128 186 244 152 229 137 195 103 161 219 128 
110 168 226 134 212 120 178 0 199 107 165 223 151 209 117 175 233 141 199 107 185 243 151 209 117 175 233 141 219 127 185 243 151 209 117 195 103 161 219 127 185 243 151 229 137 195 103 161 219 127 
110 168 226 134 212 120 178 236 0 107 165 223 131 209 117 175 233 141 199 107 184 243 151 209 117 175 233 141 218 126 184 242 150 208 116 175 102 160 218 126 184 242 150 228 136 194 102 160 218 126 
168 226 154 212 120 178 236 144 202 0 243 151 209 117 175 233 141 219 127 185 243 151 209 117 175 103 161 219 127 185 243 151 209 137 195 103 161 219 127 185 113 171 229 137 195 103 161 219 147 205 
168 226 134 192 120 178 236 144 202 110 0 131 209 117 175 233 141 199 107 165 242 150 208 116 174 233 141 199 126 184 242 150 208 116 174 102 160 218 126 184 242 150 208 136 194 102 160 218 126 184 
167 225 133 191 119 177 235 143 201 109 167 0 188 116 174 232 140 198 106 164 242 150 208 116 174 232 140 198 126 184 242 150 208 116 174 102 160 218 126 184 242 150 208 135 193 101 159 217 126 184 
166 224 132 190 249 176 234 142 200 108 166 224 0 115 173 231 139 197 105 163 221 149 207 115 173 231 139 197 125 183 241 149 207 115 173 231 159 217 125 183 241 149 207 135 193 101 159 217 125 183 
166 224 132 190 248 176 234 142 200 108 166 224 132 0 173 231 139 197 105 163 221 149 207 115 173 231 139 197 124 182 240 148 206 115 173 231 158 216 124 182 240 148 206 114 192 100 158 216 124 182 
165 223 131 189 247 155 213 141 199 107 165 223 131 189 0 210 138 196 104 162 220 128 186 114 172 230 138 196 104 162 220 148 206 114 172 230 138 196 124 182 240 148 206 114 172 230 158 216 124 182 
165 223 131 189 247 155 213 121 198 106 164 222 130 189 247 0 137 195 103 162 220 128 186 244 171 229 137 195 103 161 219 147 205 113 171 229 137 195 103 181 239 147 205 137 215 123 181 109 167 225 
188 116 174 232 140 198 106 164 222 150 208 116 174 232 140 198 0 239 147 205 113 171 229 137 195 123 181 239 147 205 113 171 249 157 215 123 181 239 147 205 132 190 248 156 214 123 181 239 166 224 
187 245 173 231 139 197 105 163 221 149 207 115 173 231 139 197 105 0 146 204 112 170 228 136 194 122 180 238 146 204 112 170 228 156 214 122 180 238 146 204 132 190 248 156 214 122 180 238 166 224 
187 245 153 211 139 197 105 163 221 129 187 245 173 231 139 197 105 163 0 184 112 170 228 136 194 102 160 218 145 203 111 170 228 136 194 121 179 237 145 203 111 169 227 155 213 121 179 237 145 203 
186 244 152 210 138 196 104 162 220 128 186 244 172 230 138 196 104 162 220 0 111 169 227 135 193 101 159 217 145 203 111 169 227 135 193 121 179 237 145 203 111 169 227 155 213 121 179 237 145 203 
186 244 152 210 118 195 103 161 219 127 186 244 171 229 137 195 103 161 219 127 0 168 226 134 192 100 158 216 144 202 110 168 226 134 192 100 178 236 144 202 110 168 226 154 212 120 178 236 144 202 
185 243 151 209 117 195 103 161 219 127 185 243 171 229 137 195 103 161 219 127 205 0 226 134 192 100 158 216 144 202 110 168 226 134 192 100 177 235 143 201 110 168 226 134 211 119 177 235 143 201 
184 242 150 208 116 174 232 160 218 126 184 242 150 208 116 194 102 160 218 126 184 242 0 192 100 178 236 144 202 110 168 226 134 212 120 178 236 144 202 110 168 246 154 212 120 178 236 144 222 130 
243 151 209 117 195 103 161 219 127 185 243 151 229 137 195 103 161 219 127 185 112 170 228 0 100 158 216 124 201 109 168 226 134 192 100 158 235 143 201 109 167 225 133 211 119 177 235 143 201 109 
242 150 208 116 174 102 160 218 126 184 242 150 228 136 194 102 160 218 126 184 112 170 228 136 0 157 215 123 201 109 167 225 133 191 249 157 235 143 201 109 167 225 133 211 119 177 235 143 201 109 
151 209 137 195 103 161 219 127 185 112 170 228 136 195 103 161 219 146 204 112 170 228 136 194 102 0 143 201 109 167 225 133 191 119 177 235 143 201 109 167 225 153 211 119 177 235 143 201 129 187 
150 208 136 194 102 100 178 236 144 202 130 188 246 154 212 120 178 236 164 222 130 188 246 154 212 139 0 161 219 127 185 243 151 228 136 194 102 160 219 127 185 112 170 228 136 194 102 160 218 146 
109 167 225 153 211 119 177 235 143 201 129 187 245 153 211 119 177 235 163 221 129 187 245 153 211 119 197 0 127 185 243 171 229 137 195 103 161 219 147 205 113 171 229 137 195 103 181 239 147 205 
188 246 154 212 120 178 236 163 222 130 188 246 154 212 120 197 105 163 221 129 187 245 154 231 139 197 105 163 0 185 243 170 228 136 194 102 160 218 126 204 112 170 228 136 194 102 180 238 146 204 
167 225 153 211 119 177 235 143 201 109 187 245 153 211 119 177 235 163 221 129 187 245 153 211 119 197 105 163 221 0 242 150 208 136 194 102 160 218 126 184 242 170 228 136 194 102 160 218 126 203 
167 225 133 210 118 176 234 142 201 109 186 244 152 210 118 176 234 142 220 128 186 244 152 210 118 196 104 162 220 128 0 149 207 115 193 101 159 217 125 183 241 169 227 135 193 101 159 217 125 203 
166 224 132 210 118 176 234 142 200 108 186 244 152 210 118 176 234 142 220 128 186 244 152 210 118 176 103 161 219 127 185 0 207 115 192 100 158 217 125 183 241 149 226 134 192 100 158 216 124 202 
165 223 131 209 117 175 233 141 199 107 165 243 151 209 117 175 233 141 219 127 185 243 151 209 117 175 103 161 219 127 185 243 0 114 192 100 158 216 124 182 240 148 226 134 192 100 158 216 124 202 
165 223 131 189 247 155 233 141 199 107 165 223 131 208 116 174 233 141 199 107 165 242 150 208 116 174 232 140 218 126 184 242 150 0 171 229 137 215 123 181 239 147 205 113 191 249 157 215 123 181 
164 222 130 188 246 154 232 140 198 106 164 222 130 208 116 174 232 140 198 106 164 242 150 208 116 174 232 140 198 126 184 242 150 208 0 229 137 215 123 181 239 147 205 113 171 248 157 215 123 181 
163 221 130 188 246 154 231 139 197 105 163 221 129 187 115 173 231 139 197 105 163 241 149 207 115 173 231 139 197 125 183 241 149 207 115 0 136 214 122 180 238 146 204 112 170 248 156 214 122 180 
163 221 129 187 245 153 231 139 197 105 163 221 129 187 115 173 231 230 158 216 124 182 240 168 226 134 192 100 158 216 144 202 110 168 226 134 0 155 213 141 199 107 165 223 131 189 116 174 232 141 
123 181 239 147 205 114 172 230 157 215 123 181 239 147 205 133 191 249 157 215 123 181 239 167 225 133 191 249 157 215 123 201 109 167 225 133 191 0 212 140 198 106 164 222 130 188 246 174 232 140 
123 181 239 147 205 113 171 229 157 215 123 181 239 147 205 113 191 249 157 215 123 181 239 166 224 132 190 248 157 215 123 200 108 166 224 132 190 248 0 139 197 105 163 221 129 187 245 173 231 139 
102 160 218 146 204 112 170 228 136 194 102 180 238 146 204 112 170 228 156 214 122 180 238 146 204 112 190 248 156 214 122 180 238 166 224 132 190 248 156 0 177 235 163 221 129 187 245 153 211 139 
102 160 218 146 204 112 170 228 136 194 102 179 237 145 204 112 170 228 155 213 121 179 237 145 203 111 189 247 155 213 121 179 237 145 223 131 189 247 155 213 0 234 162 220 128 186 244 152 210 118 
180 238 146 204 112 170 228 136 214 122 180 238 146 204 112 170 248 156 214 122 180 238 146 224 132 190 248 156 214 122 180 108 166 224 132 190 248 156 233 141 199 0 221 129 187 245 153 231 139 197 
160 237 145 204 112 170 228 136 213 121 179 237 145 203 111 169 247 155 213 121 179 237 145 223 131 189 247 155 213 121 179 107 165 223 131 189 247 155 213 141 199 107 0 128 186 244 152 230 138 196 
159 237 145 203 111 169 227 135 193 121 179 237 145 203 111 169 247 155 213 121 179 237 145 203 130 188 246 155 213 121 179 106 164 222 130 188 246 154 212 140 198 106 164 0 185 243 151 229 137 195 
158 216 124 202 110 168 226 134 192 100 158 236 144 202 110 168 226 134 192 120 178 236 144 202 110 168 246 154 212 120 178 236 144 202 130 188 246 154 212 120 178 106 164 222 0 243 151 209 117 175 
158 216 124 182 110 168 226 134 192 100 158 235 144 202 110 168 226 134 192 119 177 235 143 201 109 167 245 153 211 119 177 235 143 201 129 187 245 153 211 119 177 235 163 221 129 0 150 208 116 174 
157 215 123 181 109 167 225 133 191 249 157 215 143 201 109 167 225 133 191 119 177 235 143 201 109 167 225 153 211 119 177 235 143 201 128 187 245 153 211 119 177 235 162 220 128 186 0 208 116 174 
157 215 123 181 108 166 224 132 190 248 156 214 142 200 108 166 224 132 190 118 176 234 142 200 108 166 224 152 210 118 176 234 142 200 108 186 244 152 210 118 196 104 162 220 128 186 244 0 135 193 
124 182 240 148 206 114 172 100 158 216 124 182 240 148 226 134 192 100 158 216 124 182 110 168 226 134 192 100 158 216 144 202 110 168 226 134 192 120 178 236 144 202 110 168 226 154 212 120 0 141 
222 150 208 116 174 232 140 218 126 184 242 150 208 116 174 102 160 218 126 184 242 150 208 136 194 102 160 218 126 184 112 170 228 136 194 102 160 218 145 203 111 169 228 136 194 121 179 237 145 0 

2464 0 29 1355
2122 1 29 1927
1569 1 29 1372
1595 2 29 2478
2186 2 29 1992
1723 3 29 1527
1275 3 29 2156
1340 29 30 2385
1966 29 30 1771
1786 30 31 1590
2249 30 31 2056
1884 31 32 1525
2215 31 32 2022
2146 32 33 1788
2250 32 33 2057
1693 33 34 1496
1797 33 34 1601
1331 34 35 2377
1436 34 35 2481
1703 34 35 1506
2146 35 36 1953
1796 35 36 1600
1608 35 36 1411
2307 36 37 2114
2119 36 37 1925
1768 36 37 1572
2246 37 38 2052
2383 37 38 2027
2358 37 38 2165
2471 38 39 2115
2445 38 39 2253
1346 38 39 2391
1613 38 39 1416
2405 39 40 2213
1306 39 40 2351
1443 39 40 1246
1744 39 40 1548
2279 40 41 2086
2417 40 41 2224
1317 40 41 2363
1455 40 41 2337
1626 41 42 1266
1601 41 42 1404
1738 41 42 1542
1876 41 42 1681
2047 42 43 1853
2185 42 43 1991
2160 42 43 1966
2297 42 43 2104
2435 42 43 2242
2443 43 44 2250
1343 43 44 2225
1318 43 44 2363
1455 43 44 1258
1593 43 44 1396
2311 44 45 2118
2448 44 45 2256
1349 44 45 2394
1486 44 45 2369
1461 44 45 1264
2342 45 46 1985
2317 45 46 2124
2454 45 46 2262
1355 45 46 2400
1492 45 46 2375
1690 46 47 1494
1828 46 47 1632
1966 46 47 1607
1940 46 47 1745
2078 46 47 1884
2216 46 47 2022
2406 47 48 2049
2380 47 48 2188
1281 47 48 2326
1418 47 48 2464
1556 47 48 2439
1531 47 48 1334
2085 48 49 1891
2223 48 49 2029
2361 48 49 2168
1261 48 49 2142
1399 48 49 2281
1373 48 49 2419
1563 49 0 2446
2450 49 0 2258
2099 49 0 1905
1911 49 0 1716
1561 49 0 1364
2447 49 0 2255

16956

0 516 25
1 921 27
2 949 43
3 901 24
4 717 44
5 411 24
6 938 43
7 873 33
8 906 22
9 463 48
10 989 37
11 924 27
12 859 46
13 892 36
14 827 25
15 762 45
16 696 38
17 645 43
18 679 32
19 613 22
20 548 47
21 483 36
22 418 26
23 352 49
24 386 38
25 320 28
26 255 47
27 940 37
28 874 26
29 809 46
30 744 35
31 679 25
32 613 48
33 285 42
34 970 35
35 905 25
36 839 44
37 774 34
38 709 23
39 644 43
40 578 32
41 513 22
42 546 45
43 481 35
44 416 24
45 351 44
46 285 33
47 970 23
48 905 42
49 839 32
