50 107 3

0 232 239 226 213 200 207 214 221 247 235 241 248 105 242 249 106 113 120 107 114 121 128 135 122 168 175 182 169 176 183 190 197 224 231 238 244 101 239 245 102 149 136 143 150 157 144 151 158 204 
238 0 122 129 116 123 130 117 222 229 236 243 230 237 244 101 238 245 102 109 116 103 110 156 163 150 157 164 171 158 165 172 179 186 173 180 187 194 201 227 234 241 248 235 242 249 106 152 139 146 
193 200 0 194 201 208 214 202 209 215 222 210 216 113 120 107 114 121 128 135 122 129 135 142 149 136 143 150 157 204 191 198 205 211 218 206 212 109 116 103 110 117 124 111 118 125 132 119 126 133 
179 186 173 0 226 233 240 227 234 241 248 144 132 138 145 152 159 146 153 200 206 194 201 207 214 202 208 105 112 249 106 113 120 127 114 160 167 174 181 168 159 146 153 140 147 154 161 148 155 162 
208 235 242 249 0 113 100 107 114 120 127 115 121 128 135 142 129 176 183 190 196 184 191 197 204 231 238 245 102 239 246 103 110 247 104 111 117 124 112 118 125 172 179 166 173 180 187 193 181 188 
234 241 248 235 242 0 106 132 139 146 153 140 147 154 161 188 194 201 208 215 202 209 216 223 230 217 224 231 238 245 232 128 135 142 129 136 143 150 157 184 190 197 204 191 198 205 212 239 246 103 
149 156 143 150 157 203 0 197 204 211 218 205 212 109 115 122 110 116 123 130 137 124 131 138 145 132 139 146 153 180 186 193 200 187 194 201 208 105 242 249 106 112 119 107 113 160 167 174 161 168 
214 221 228 105 111 118 125 0 119 126 133 120 127 134 141 128 135 142 149 195 182 189 196 203 210 197 204 211 218 225 212 219 226 233 220 116 123 130 137 124 131 138 145 172 179 185 192 180 186 193 
240 247 234 241 248 104 111 249 0 152 159 146 153 160 167 174 161 207 214 221 228 215 222 229 236 112 119 126 133 120 127 134 141 168 175 181 188 195 222 209 216 112 119 106 113 120 127 114 121 128 
174 181 169 175 182 189 196 223 230 0 244 231 238 245 101 157 164 171 158 165 152 159 166 212 199 206 213 220 227 214 221 118 124 131 119 125 132 139 146 173 180 187 194 181 188 195 201 248 235 242 
138 145 132 139 146 193 180 187 194 200 0 195 201 248 105 242 249 106 113 119 107 153 160 167 174 161 168 175 182 189 176 183 190 196 184 191 197 244 231 238 245 102 239 246 103 149 156 143 150 157 
203 210 197 244 101 108 115 102 109 116 122 0 156 163 170 177 164 171 178 165 120 127 134 141 128 135 142 149 156 143 150 157 164 151 158 204 211 218 205 212 219 226 213 220 227 234 221 228 235 242 
138 165 171 178 185 192 179 186 193 240 227 234 0 247 104 242 248 145 152 159 146 153 160 167 154 200 207 214 201 208 215 222 229 105 112 119 126 113 120 127 134 180 167 174 181 188 195 182 189 236 
132 139 126 133 140 147 134 141 148 155 142 149 156 0 150 196 203 210 217 204 211 218 225 121 108 115 122 129 136 123 130 176 183 170 177 184 191 198 185 232 238 245 233 239 246 103 240 137 144 151 
197 184 175 162 169 176 163 170 177 184 171 178 185 231 0 225 232 239 226 233 240 247 104 241 248 105 112 119 106 152 159 166 173 160 167 174 181 227 215 222 228 235 222 229 236 133 120 127 134 141 
167 174 181 227 234 221 228 235 242 249 236 133 140 146 153 0 147 154 161 188 195 202 209 216 203 210 217 113 100 107 114 121 108 115 122 129 136 123 130 137 143 150 138 184 191 198 185 192 199 206 
102 129 136 142 149 156 143 150 157 204 191 198 205 212 199 206 0 109 246 103 110 117 124 111 118 164 171 178 165 172 179 186 193 180 187 194 201 208 195 202 209 105 242 249 106 113 100 107 114 160 
187 194 201 208 214 202 209 105 112 119 106 113 120 127 134 160 167 0 181 168 175 182 189 235 222 229 236 243 230 237 244 140 128 134 141 148 155 142 149 196 203 209 197 204 210 217 205 101 108 115 
161 148 155 162 169 215 203 209 216 223 210 217 224 231 218 225 232 239 0 233 240 136 143 130 137 144 151 158 145 192 199 205 212 200 206 213 220 117 104 111 118 125 112 119 126 172 159 166 173 180 
206 213 220 117 124 111 118 125 131 138 126 132 139 146 153 140 147 154 161 0 195 201 208 215 202 209 216 247 104 241 248 105 112 119 106 153 160 166 173 161 167 174 181 228 215 222 229 236 223 230 
126 172 179 166 173 180 187 174 181 228 235 222 229 236 242 249 237 133 140 147 0 141 148 155 161 188 195 202 209 216 203 210 217 113 120 107 114 121 128 115 122 129 136 123 130 137 144 151 138 184 
231 237 225 232 238 245 102 129 136 143 150 157 144 151 158 204 211 198 205 212 219 0 213 109 116 103 110 117 124 111 118 105 230 237 224 231 238 245 102 239 246 103 110 247 104 111 118 144 151 158 
205 192 199 206 212 109 246 103 110 117 124 111 118 164 171 158 165 172 179 186 173 219 0 233 240 227 234 241 248 125 132 138 145 133 139 146 153 200 187 194 201 207 195 202 208 105 112 249 106 113 
159 166 153 200 206 213 220 207 214 221 228 105 112 119 126 113 120 127 133 121 128 134 141 0 135 142 149 196 203 190 197 203 210 217 204 101 108 115 122 109 116 123 129 156 163 170 177 164 171 178 
224 101 108 115 122 128 116 123 129 176 183 170 177 184 191 178 185 192 199 205 193 200 206 213 0 247 104 111 118 105 112 119 125 152 159 166 173 180 167 174 181 227 214 221 228 235 242 229 236 132 
179 186 173 180 187 194 200 227 234 241 248 235 242 249 106 132 139 146 153 140 147 154 161 207 194 0 208 215 222 209 216 113 119 126 114 120 127 134 141 168 175 182 189 176 183 190 196 184 191 197 
244 231 238 245 102 148 135 142 149 156 163 150 157 203 210 197 204 211 218 225 212 109 115 122 129 116 0 130 137 164 171 178 185 172 179 186 192 239 226 233 240 247 234 241 248 105 112 249 106 113 
159 166 153 199 206 213 220 207 214 221 228 105 111 118 125 112 119 126 133 160 167 174 181 187 175 182 188 0 242 229 236 243 100 107 244 140 147 154 161 148 155 162 169 195 202 209 216 203 210 217 
113 140 147 154 161 168 155 162 169 215 222 209 216 223 230 217 224 120 127 134 121 128 135 142 149 136 143 150 0 144 151 158 165 191 198 205 212 219 206 213 220 116 104 110 117 124 131 118 125 172 
218 225 212 219 226 233 240 116 123 130 137 124 151 158 165 191 198 205 212 219 206 213 220 227 234 221 228 235 242 0 236 132 139 126 133 140 147 154 141 104 111 118 105 112 119 125 132 159 166 173 
219 226 213 220 227 123 111 118 124 131 119 125 132 179 166 173 180 187 194 181 188 234 241 248 235 242 249 106 113 139 0 153 160 147 154 161 168 214 201 208 215 222 209 216 223 119 107 114 120 127 
174 161 168 175 182 189 176 183 190 196 184 230 237 244 101 238 245 102 109 155 142 149 156 163 150 157 164 210 197 204 211 0 205 212 219 116 122 110 116 123 130 137 124 131 237 244 231 238 245 101 
128 174 181 188 175 182 189 196 203 230 237 243 100 107 244 101 108 155 162 149 156 163 169 176 164 210 217 224 211 218 225 232 0 115 122 129 116 123 130 137 144 170 177 184 191 198 185 192 199 245 
122 129 136 143 150 137 144 190 197 204 191 198 205 212 199 245 102 109 246 103 110 117 124 151 158 164 171 159 165 172 179 186 173 0 187 194 201 188 195 241 248 105 242 249 106 113 100 147 154 160 
187 194 201 208 195 241 248 105 112 249 106 113 120 166 154 160 167 174 181 168 175 222 229 216 223 230 236 243 231 127 134 141 128 135 0 149 136 182 189 196 203 190 197 204 211 107 244 101 108 115 
142 149 155 202 209 196 203 210 217 224 211 107 114 121 108 115 122 129 116 162 169 176 163 170 177 184 191 218 225 231 238 245 232 239 246 0 150 137 144 151 157 164 151 198 205 212 199 206 213 220 
246 143 149 156 144 150 157 164 171 158 165 172 179 186 173 180 187 233 240 227 234 241 248 235 242 139 146 152 140 147 153 160 148 194 201 208 0 202 209 216 222 249 106 113 120 127 114 121 128 174 
201 208 215 221 228 216 222 119 126 133 120 127 134 141 128 174 181 188 175 182 189 196 183 229 236 243 100 237 244 101 108 154 142 148 155 162 169 0 163 210 216 223 211 217 224 231 218 115 122 129 
155 162 169 176 163 210 216 223 230 217 224 231 238 135 122 129 136 142 149 137 143 190 197 184 191 198 205 212 199 245 102 109 246 103 110 117 104 111 0 125 132 119 126 133 139 166 173 180 187 194 
220 227 234 131 137 125 132 138 145 152 139 186 193 200 187 194 201 208 195 241 248 105 242 249 126 132 139 186 173 180 187 194 181 188 195 241 228 235 242 0 106 243 100 146 153 140 147 154 161 168 
195 241 248 235 242 249 106 243 100 146 153 140 147 154 161 168 155 202 208 215 203 209 216 223 230 107 114 121 127 134 122 128 135 182 189 176 183 190 197 184 0 237 244 231 238 245 102 239 246 142 
189 196 183 190 197 203 210 237 244 101 108 115 102 109 116 162 149 156 163 170 177 164 171 217 224 211 218 225 232 219 226 122 129 136 123 130 137 144 151 178 185 0 198 186 193 199 206 103 240 247 
143 150 157 144 151 138 244 100 107 114 101 108 115 162 169 156 163 170 176 183 171 217 224 231 238 225 232 239 246 122 129 136 143 130 137 144 151 177 184 191 198 205 0 199 206 102 109 246 103 110 
157 164 151 197 204 211 198 205 212 219 226 102 109 116 123 110 117 124 131 158 165 171 178 185 172 179 186 233 240 227 234 241 247 235 242 138 145 152 139 146 153 160 166 0 200 207 214 201 208 215 
111 138 145 152 159 146 153 160 166 213 200 207 214 221 228 215 222 118 125 132 119 126 133 140 147 173 180 187 194 181 188 195 202 229 235 242 249 236 113 100 107 154 141 148 0 161 168 156 162 209 
105 112 249 106 113 120 107 154 160 167 174 161 168 175 182 209 216 223 230 217 224 231 237 134 121 128 135 142 129 136 143 189 196 183 190 197 204 211 198 244 101 108 115 102 109 0 123 150 156 163 
210 197 204 211 218 244 101 108 115 122 109 116 123 169 176 163 170 177 184 191 178 225 231 238 245 232 239 246 103 130 137 144 150 138 145 151 158 185 192 199 206 213 200 207 214 110 0 104 111 118 
164 151 158 205 212 219 206 213 220 226 233 110 117 124 131 118 125 132 139 165 172 179 186 193 180 187 194 240 227 234 241 248 105 242 249 145 152 159 146 153 160 167 174 201 208 215 221 0 216 222 
119 145 152 159 166 153 160 167 174 220 208 215 221 228 235 222 229 126 133 140 127 134 140 147 154 181 188 195 202 189 196 203 210 236 243 100 107 244 101 108 115 161 148 155 162 169 176 163 0 216 
113 100 107 114 121 128 115 161 168 175 182 169 176 183 190 216 223 230 237 224 231 238 245 122 129 135 142 149 136 143 150 197 204 191 198 205 231 218 225 122 129 135 123 130 136 143 150 177 184 0 

0 128 138 169 227 115 173 231 139 197 235 143 201 240 148 206 114 152 210 248 156 214 103 161 219 127 165 223 131 169 227 135 193 232 140 198 236 144 202 110 148 206 245 153 211 249 157 215 123 161 
144 0 165 195 123 114 211 159 217 125 183 241 149 207 115 193 101 159 217 125 183 241 149 227 135 193 101 159 217 125 202 111 169 227 135 193 101 159 236 144 202 110 168 226 134 192 120 178 236 144 
155 213 0 171 229 137 195 103 161 219 147 205 132 190 248 156 214 122 200 108 166 224 132 190 248 156 234 142 200 108 166 224 132 190 118 176 234 142 200 108 166 244 152 210 157 215 123 181 239 147 
130 188 246 0 137 195 103 161 219 127 185 113 171 229 137 195 103 161 219 147 205 113 171 229 137 195 123 181 239 147 205 113 171 229 177 235 143 201 128 186 244 152 210 118 176 234 162 220 128 186 
189 247 155 213 0 104 162 220 148 206 114 172 230 138 196 104 182 240 148 206 114 172 230 157 215 123 182 240 148 206 114 191 119 177 235 163 221 129 187 245 153 211 119 197 105 163 221 129 187 245 
228 136 194 102 160 0 201 109 167 245 153 211 119 177 235 143 220 128 186 244 152 211 119 177 104 162 220 128 186 244 152 230 138 196 104 162 220 128 186 114 172 230 138 196 104 162 220 148 206 114 
227 155 213 121 179 237 0 128 186 244 152 210 118 176 104 162 220 128 186 244 152 210 138 196 104 162 220 128 186 113 172 230 138 196 104 162 220 147 205 113 171 229 137 195 104 181 239 147 205 113 
246 154 212 120 178 236 164 0 185 243 171 229 137 195 103 161 219 127 205 113 171 229 137 195 103 181 239 147 205 113 171 229 137 215 123 181 239 147 205 113 171 249 157 215 123 181 239 147 224 132 
246 154 231 139 197 105 163 172 0 123 181 239 147 205 113 171 118 176 234 142 220 128 186 244 152 210 118 176 104 162 220 128 186 244 152 230 138 196 104 162 220 128 186 114 172 230 138 196 104 162 
204 132 190 248 156 214 122 180 238 0 129 187 245 172 100 158 216 144 202 110 168 226 134 192 100 178 236 144 202 110 168 226 134 212 120 178 236 144 241 149 207 115 193 101 179 237 145 203 111 169 
152 210 118 176 234 142 200 128 186 244 0 135 161 219 127 205 113 171 229 137 195 103 181 239 147 205 113 171 229 137 215 123 181 239 147 205 113 171 248 157 215 123 181 239 147 224 132 190 248 156 
139 197 105 163 221 129 187 115 173 231 159 0 200 108 166 224 132 190 248 176 234 142 200 108 166 224 132 210 118 176 234 142 200 108 166 244 152 210 118 176 234 142 219 127 185 243 151 209 118 176 
158 216 124 182 110 168 226 134 192 100 158 236 0 107 165 223 131 189 117 175 233 141 199 107 165 243 151 209 117 175 233 141 199 127 185 243 151 209 117 175 103 161 219 127 185 243 151 209 137 195 
158 216 144 202 110 168 226 134 192 100 177 235 143 0 184 242 150 208 116 175 233 160 218 126 184 242 150 208 116 194 102 160 218 126 184 242 170 228 136 194 102 160 218 126 204 112 170 228 136 194 
177 235 143 201 109 187 245 153 211 119 177 235 143 221 0 242 150 208 116 194 102 160 218 126 184 242 150 227 136 194 102 160 218 126 203 111 169 227 135 193 101 159 237 145 203 111 169 227 135 193 
176 234 142 200 128 186 244 152 210 118 176 104 162 220 128 0 169 227 135 193 101 159 217 145 203 111 169 227 135 193 121 179 237 145 203 111 169 227 155 213 121 179 237 145 203 111 188 246 154 212 
195 103 161 219 127 185 243 171 229 137 195 103 161 219 127 205 0 226 134 192 100 178 236 144 202 110 168 226 134 212 120 178 236 144 202 110 188 246 154 212 120 178 236 144 222 130 188 246 154 212 
195 103 161 219 127 205 113 171 229 137 195 103 161 238 166 224 132 0 173 231 139 217 125 183 241 149 207 115 173 101 159 217 125 183 241 149 227 135 193 101 159 217 125 183 111 169 227 135 193 101 
234 142 200 108 166 224 151 209 117 175 233 141 200 127 185 243 151 209 0 192 100 158 236 144 202 110 168 226 174 232 140 198 106 164 241 149 207 115 173 232 140 198 125 183 241 149 207 115 173 101 
214 122 180 108 166 224 132 190 248 156 214 142 200 108 166 224 132 190 248 0 139 197 105 163 221 149 227 154 212 120 178 236 144 203 111 188 246 154 212 120 178 236 164 222 130 188 246 154 212 120 
103 161 219 127 205 133 191 249 157 215 123 181 109 167 225 133 191 249 157 215 0 106 164 222 118 176 234 142 200 108 186 244 152 210 118 176 234 162 220 128 186 244 152 210 118 195 103 161 219 127 
110 168 226 134 192 100 178 236 144 202 110 168 226 134 212 120 178 236 144 202 110 0 151 209 117 175 103 161 219 127 185 243 151 229 137 195 103 161 219 127 185 113 171 229 137 195 103 161 219 147 
110 168 246 154 212 120 178 236 144 202 129 187 245 153 211 119 178 236 163 221 129 187 0 137 195 103 181 239 147 205 113 171 229 137 215 123 181 239 147 205 113 191 249 157 215 123 181 239 147 225 
188 246 154 212 120 198 106 164 222 130 188 246 154 232 140 198 106 164 222 130 208 116 174 0 215 123 181 239 147 205 113 171 248 156 214 123 181 239 147 224 132 190 248 156 214 122 180 108 166 224 
187 115 173 231 139 197 105 163 221 149 207 115 173 231 139 197 125 183 241 149 207 115 173 231 0 122 180 238 166 224 132 190 248 156 214 142 200 108 166 224 171 249 196 144 222 169 247 194 122 180 
222 130 188 116 174 232 140 198 106 164 222 150 208 116 174 232 140 198 126 184 242 150 208 116 174 0 215 123 181 239 167 225 133 191 249 157 215 142 200 108 166 225 133 191 249 176 234 142 200 108 
241 149 207 115 173 231 159 217 125 183 241 149 207 115 193 101 159 217 125 183 241 149 227 135 193 101 0 122 200 108 166 224 132 190 248 176 104 162 220 128 186 244 171 229 137 195 103 161 219 127 
110 168 226 134 212 120 178 236 144 202 110 188 246 154 212 120 178 236 144 222 130 188 246 154 212 120 198 0 148 206 114 172 230 138 196 124 182 240 148 206 114 172 100 158 216 124 182 240 148 206 
189 247 155 213 121 179 107 165 223 131 189 247 155 213 140 198 106 164 222 131 189 116 174 232 140 198 106 164 0 205 113 144 111 169 227 135 193 121 179 237 165 223 151 209 117 175 233 141 199 127 
240 148 206 134 192 100 158 216 124 182 240 168 226 134 211 139 197 105 163 221 129 187 245 173 231 139 197 105 163 0 204 112 170 228 156 214 122 180 108 185 243 151 209 117 175 233 141 219 127 185 
168 226 134 192 100 158 216 124 202 110 168 226 134 192 100 158 236 164 222 130 188 246 154 212 140 198 106 164 222 130 0 171 229 137 195 103 149 207 115 193 101 159 217 125 183 241 149 226 134 192 
156 233 141 199 107 165 223 131 189 117 175 233 141 199 107 165 243 151 209 117 175 233 141 199 127 185 243 151 209 117 175 0 216 124 202 110 168 246 154 212 120 178 236 144 221 129 187 245 154 212 
194 102 160 218 127 185 112 170 228 136 194 102 160 238 146 204 112 170 228 136 194 122 180 238 146 204 112 170 228 156 214 122 0 143 201 129 187 245 153 211 119 177 105 163 221 129 187 245 153 211 
194 102 160 218 146 204 112 170 228 136 194 121 179 238 146 204 112 170 228 155 213 121 179 237 145 203 111 189 247 155 213 121 179 0 220 128 186 244 172 230 138 196 104 162 220 128 206 114 172 230 
213 121 179 237 145 203 111 189 247 155 213 121 179 237 145 223 131 189 247 155 213 121 179 107 165 223 131 189 247 155 232 140 198 106 0 128 205 113 171 229 137 195 104 162 239 147 205 113 171 229 
212 120 178 236 144 222 130 188 246 154 212 120 178 106 164 222 130 188 246 154 212 140 198 106 164 222 130 188 116 174 232 140 198 106 164 0 205 113 171 229 157 215 123 181 239 147 205 113 190 248 
212 139 197 105 163 221 129 187 246 173 231 139 197 105 163 221 129 207 115 173 231 139 197 105 183 241 149 207 115 173 231 139 217 125 183 241 0 112 190 248 156 214 122 180 238 146 224 132 190 248 
231 139 197 105 163 221 129 207 115 173 231 139 197 105 163 240 148 207 115 173 231 139 216 124 182 240 148 206 114 172 100 158 216 124 182 240 148 0 189 247 155 213 141 199 107 165 223 131 189 117 
230 138 196 124 182 240 148 206 114 172 230 158 216 124 182 240 148 206 134 192 100 158 216 124 182 240 168 226 134 192 100 158 216 124 201 109 167 225 0 247 174 232 140 121 239 147 205 113 171 229 
212 120 217 125 183 241 149 207 115 173 101 159 217 125 183 241 149 207 135 193 101 159 217 125 183 111 169 227 135 193 101 159 217 145 203 111 169 227 135 0 176 234 142 200 127 185 243 151 209 118 
120 178 236 164 222 130 188 246 154 212 140 198 106 164 222 130 188 246 174 232 140 198 106 164 222 130 208 116 193 101 159 217 125 183 111 169 227 135 193 101 0 142 200 108 166 224 152 210 236 164 
206 114 172 230 138 196 104 162 240 148 206 114 172 230 138 216 124 182 240 148 206 114 172 100 158 216 124 182 240 148 206 134 192 100 158 216 124 182 110 168 226 0 117 175 233 141 218 126 184 242 
225 133 191 249 157 235 143 201 109 167 225 133 211 119 177 235 143 201 109 167 245 153 211 119 177 235 143 201 129 187 245 153 211 119 177 105 163 221 129 187 245 153 0 194 102 160 218 146 204 112 
225 133 191 119 177 235 143 201 109 167 225 152 210 118 176 234 143 201 128 186 244 152 210 118 176 234 162 220 128 186 244 152 210 138 196 104 162 220 128 186 244 172 230 0 101 179 237 145 203 111 
244 152 210 118 176 234 142 220 128 186 244 152 210 118 196 104 162 220 128 186 244 152 229 137 195 104 162 220 128 205 113 171 229 137 195 103 161 239 147 205 113 171 229 137 0 178 236 144 202 130 
243 151 209 117 175 103 161 219 127 185 243 151 229 137 195 103 161 219 127 185 113 171 229 137 195 103 161 219 147 205 113 171 229 137 195 123 181 239 147 205 113 171 229 156 214 0 236 163 221 129 
243 170 228 136 194 102 160 218 146 204 112 170 228 136 194 102 180 238 146 204 112 170 228 156 214 122 180 238 146 204 112 190 248 156 214 122 180 238 146 224 132 190 248 156 214 122 0 163 221 129 
112 170 228 136 194 102 180 238 146 204 112 170 228 136 213 121 179 237 145 203 112 170 247 155 213 121 179 237 145 223 131 189 247 155 213 121 179 107 165 223 131 189 247 155 233 141 199 0 240 148 
139 197 105 163 240 148 206 114 172 231 139 216 124 182 240 148 206 114 172 100 158 216 124 182 240 148 206 134 192 100 158 216 124 182 110 168 226 134 192 100 158 216 144 202 110 168 226 134 0 175 
166 243 151 209 137 195 103 161 219 127 185 243 171 229 137 195 103 161 219 127 205 113 171 229 137 195 103 181 239 147 205 113 171 229 137 215 123 181 239 147 205 113 190 248 157 215 123 181 239 0 

1431 0 11 1882
1246 0 11 1795
1654 0 11 2040
1959 1 11 2345
1912 1 11 2298
2222 1 11 1529
1517 2 37 2066
2484 2 37 1791
2011 2 37 2397
1730 3 37 2279
1945 3 37 1252
2030 3 37 1337
2176 4 37 1483
2261 4 37 1568
1757 4 37 2306
1773 5 37 2158
1694 5 37 2243
2135 5 37 1279
2220 5 37 1364
2073 6 37 1380
2158 6 37 1465
2242 6 37 1386
2327 6 37 1471
2180 7 38 1324
2265 7 38 1409
2350 7 38 1493
2271 7 38 1578
2287 8 38 1431
2372 8 38 1516
2457 8 38 1600
2378 8 38 1685
2394 9 38 1538
2479 9 38 1623
2097 9 38 1241
2182 9 38 1326
2034 10 38 1342
2119 10 38 1427
2204 10 38 1511
2289 10 38 1433
2142 11 38 1449
2226 11 38 1534
2311 11 39 1618
2396 11 39 1540
2412 37 39 1556
2334 37 39 1641
2418 37 39 1562
1261 37 39 1647
1440 38 39 1826
1525 38 39 1911
1446 38 39 1996
1531 38 39 2080
2149 39 40 1293
2463 39 40 1770
1533 39 40 2083
1782 39 40 2331
2247 40 41 1555
1318 40 41 1868
1631 40 41 2181
1716 40 41 2102
2316 41 42 1623
2401 41 42 1708
1243 41 42 1629
1328 41 42 1714
1299 42 43 1849
1384 42 43 1933
2469 42 43 1776
1540 42 43 2089
1625 42 43 2174
2019 43 44 1327
2104 43 44 1412
2189 43 44 1333
2274 43 44 1418
2359 43 44 1503
1334 44 45 1883
1418 44 45 1968
1503 44 45 1889
1588 44 45 1974
1673 44 45 2059
1890 45 46 2439
1975 45 46 1283
2060 45 46 1368
2145 45 46 1289
2230 45 46 1374
2447 46 47 1754
1289 46 47 1839
1374 46 47 1924
1459 46 47 1845
1544 46 47 1930
1629 46 47 2015
1628 47 48 2014
1712 47 48 2098
1634 47 48 2183
1719 47 48 2268
1804 47 48 2353
1888 47 48 2274
2283 48 49 1427
2368 48 49 1512
2289 48 49 1596
2374 48 49 1681
2459 48 49 1603
1301 48 49 1687
1532 49 0 2081
1617 49 0 2166
1865 49 0 2251
1950 49 0 2336
2035 49 0 2421
2120 49 0 1264

15309

0 357 31
1 569 43
2 918 35
3 854 33
4 456 46
5 589 44
6 251 30
7 307 47
8 362 29
9 358 34
10 868 20
11 628 22
12 289 39
13 799 21
14 559 38
15 970 24
16 730 37
17 803 26
18 563 42
19 323 25
20 734 41
21 494 27
22 254 40
23 764 26
24 425 43
25 935 25
26 695 42
27 455 28
28 866 41
29 626 27
30 386 44
31 797 26
32 557 43
33 965 27
34 824 48
35 584 34
36 344 47
37 755 33
38 515 20
39 275 32
40 785 49
41 446 35
42 956 22
43 716 34
44 476 20
45 887 37
46 647 49
47 407 36
48 917 22
49 578 35
