50 111 3

0 150 158 165 173 160 168 195 202 209 237 244 121 148 175 222 249 126 153 180 188 215 242 139 166 193 220 247 105 132 159 206 233 110 137 164 191 218 226 123 150 177 204 231 108 135 143 209 217 244 
219 0 104 111 249 146 173 200 227 104 131 158 186 213 240 117 144 171 198 225 102 110 137 164 191 218 245 122 150 196 204 231 238 115 142 170 197 224 101 128 135 162 190 217 244 141 168 195 202 249 
126 114 0 148 156 183 210 237 114 141 149 195 223 100 127 154 181 208 235 112 139 166 194 221 248 125 152 199 226 233 110 138 165 192 219 116 143 150 177 204 231 109 136 183 210 237 114 121 148 175 
203 249 127 0 181 208 235 242 139 166 193 220 248 125 152 179 206 103 110 137 164 192 219 246 123 170 177 204 231 108 135 163 190 237 244 121 148 175 202 229 107 153 181 208 215 242 119 146 173 201 
228 105 132 159 0 193 221 117 144 172 199 226 130 138 165 192 219 246 104 131 158 185 212 109 136 163 171 217 225 102 129 156 183 210 237 245 122 149 176 223 100 127 154 181 208 216 243 140 167 194 
221 248 125 152 180 0 234 111 138 165 192 219 246 123 170 178 205 232 109 136 163 210 237 245 122 149 176 203 230 127 154 161 208 216 243 120 147 194 221 248 125 132 160 187 214 111 138 165 192 199 
246 123 150 177 205 232 0 136 163 190 217 114 121 149 176 203 230 107 134 181 188 215 243 120 147 174 201 228 105 113 140 167 194 221 248 145 172 179 206 234 111 138 165 192 219 227 104 131 158 185 
212 109 136 163 190 217 244 0 129 176 203 230 107 134 161 169 215 243 120 147 174 201 228 105 132 179 187 214 241 118 145 172 199 246 103 131 158 185 212 239 116 163 170 197 224 102 129 156 183 230 
107 134 161 168 196 223 100 147 0 201 228 105 132 139 167 213 241 118 145 172 199 206 233 130 157 185 212 239 116 123 150 197 224 101 128 156 183 210 237 114 141 168 195 222 100 127 154 201 228 235 
112 139 166 193 221 117 145 172 179 0 214 241 118 165 192 219 246 103 150 157 185 212 239 116 143 150 177 205 232 129 156 183 210 237 114 121 149 153 161 168 175 202 210 237 114 161 188 215 242 119 
146 154 201 228 105 132 159 186 213 240 0 145 172 199 226 103 130 157 184 231 239 116 143 170 197 224 101 148 175 182 210 237 114 141 168 215 242 119 126 154 181 208 235 132 159 186 193 220 247 125 
152 199 226 103 130 157 184 211 219 115 143 0 197 224 101 128 135 182 209 236 114 141 168 195 222 249 126 153 180 208 235 112 139 186 213 220 247 124 151 179 206 103 110 137 164 172 199 226 103 130 
157 184 211 238 115 143 150 197 224 101 128 155 0 209 237 244 101 128 156 183 210 237 114 161 188 215 222 249 127 154 181 228 105 132 139 166 193 221 248 144 172 199 226 233 110 137 165 211 238 116 
143 170 197 204 101 128 155 182 210 237 114 141 168 0 222 249 126 153 181 208 235 132 139 166 193 220 247 125 152 198 206 233 110 137 164 191 219 115 142 170 177 204 231 108 135 182 209 236 244 121 
168 195 202 249 126 153 180 207 235 112 119 166 193 220 0 124 151 179 186 233 110 137 164 191 246 103 130 157 185 212 239 116 143 150 177 224 101 129 156 183 210 237 244 121 149 176 203 230 107 134 
161 208 235 243 120 147 174 201 228 125 152 159 186 214 241 0 145 192 219 246 123 130 158 185 212 109 136 163 190 197 224 101 129 175 203 230 107 114 161 168 195 242 119 147 174 201 228 235 112 159 
186 213 240 118 145 172 199 246 103 130 157 184 212 239 116 163 0 217 224 101 128 155 183 229 107 134 141 168 195 222 249 146 173 201 228 235 112 139 166 213 240 117 144 172 179 206 233 130 157 184 
211 238 116 143 170 177 204 231 108 136 163 190 217 244 121 148 175 0 230 107 134 181 208 215 242 119 146 173 201 247 125 132 159 186 213 240 117 164 191 199 246 103 130 157 184 231 108 135 162 170 
197 224 101 148 175 202 229 106 134 161 168 215 242 119 146 173 200 227 0 151 159 186 213 240 117 144 152 218 226 103 130 157 184 211 238 135 143 170 197 224 101 128 155 202 229 106 114 141 168 195 
222 119 146 173 200 227 104 112 139 186 213 240 117 144 171 179 206 103 130 0 184 211 218 245 103 150 177 204 231 108 135 162 170 197 224 101 128 155 182 209 217 133 141 168 195 222 249 126 153 125 
152 140 147 174 202 229 106 153 180 187 214 241 118 146 173 219 247 104 151 158 0 212 239 136 163 191 218 225 102 129 156 203 230 107 134 142 169 196 223 120 147 174 201 228 106 113 140 187 214 241 
118 145 172 200 207 104 131 158 185 212 239 116 143 190 217 225 102 129 156 183 210 0 134 142 169 196 223 100 127 174 201 209 236 113 140 167 194 241 118 145 172 180 207 234 111 138 165 192 219 246 
124 131 158 205 232 239 116 144 171 198 225 102 109 136 164 191 218 245 122 169 196 223 0 108 135 162 189 216 223 100 128 135 162 189 216 113 140 167 194 222 229 106 133 180 207 234 111 138 146 173 
200 247 124 151 178 205 232 109 137 164 210 218 245 122 149 176 203 100 127 135 162 189 216 0 120 167 194 202 229 106 133 160 187 234 111 138 165 173 200 227 104 151 178 205 232 240 117 144 171 218 
245 122 149 176 203 230 107 154 162 189 216 243 120 147 174 221 228 106 133 160 187 214 241 118 0 153 180 207 234 111 138 185 212 220 247 124 131 139 166 193 220 247 124 151 178 186 213 110 137 164 
191 218 245 122 149 157 204 211 238 115 142 169 196 243 120 128 155 182 209 236 113 160 187 195 241 0 126 153 180 227 104 131 158 166 193 220 247 144 171 198 225 233 110 137 164 211 238 115 142 169 
196 223 231 147 155 182 209 236 113 140 148 214 222 249 126 153 180 207 234 131 138 165 193 220 247 124 0 198 225 102 109 137 164 191 218 115 142 169 176 203 231 108 135 182 209 236 113 120 147 174 
202 229 106 133 160 187 214 241 249 146 173 200 227 104 131 158 166 212 220 247 124 151 178 205 213 129 137 0 191 218 245 122 149 196 203 231 108 135 162 189 216 113 140 167 175 202 229 106 133 180 
207 234 111 119 165 173 200 247 124 151 178 205 232 240 117 164 191 218 245 122 149 156 184 230 107 135 162 189 0 243 120 147 174 201 229 106 133 160 187 234 241 118 145 173 200 227 104 151 158 185 
212 109 116 144 171 218 245 122 149 176 183 210 238 134 162 189 216 243 100 147 154 201 228 105 133 160 187 214 221 0 145 172 199 227 234 111 118 165 192 219 247 124 151 178 185 212 239 117 144 171 
198 225 102 149 176 203 211 238 115 142 169 197 205 212 239 116 144 171 198 225 122 129 156 183 210 237 115 161 189 196 0 100 127 154 181 228 105 113 140 167 194 221 248 145 172 199 226 234 111 138 
165 212 239 116 143 170 198 225 232 129 156 183 210 237 114 141 149 215 223 100 127 154 181 208 216 132 140 167 194 221 248 0 152 199 207 234 111 138 165 192 219 116 143 170 178 205 232 109 136 183 
210 237 114 122 168 176 203 100 127 154 181 208 235 243 120 167 174 201 228 105 132 159 187 233 241 118 145 172 199 226 103 150 0 185 212 239 116 143 170 217 224 102 129 136 163 190 217 114 141 168 
196 223 100 127 134 181 208 235 112 140 167 194 221 248 125 152 179 206 233 111 138 185 212 219 246 123 150 177 205 101 128 136 163 0 217 244 121 168 195 203 100 107 134 161 188 235 112 139 166 174 
221 228 105 152 179 206 233 110 137 165 192 219 246 123 150 177 204 231 109 155 163 190 217 244 121 148 175 222 230 107 134 161 188 215 0 139 146 193 201 228 105 132 159 206 233 110 118 145 152 179 
206 233 130 138 165 192 219 246 123 170 197 204 232 109 136 163 190 237 114 121 148 175 203 230 107 154 181 208 235 242 119 147 174 220 248 0 152 159 186 213 241 137 164 192 219 226 123 130 157 204 
231 108 136 163 190 217 244 141 148 175 202 229 107 134 161 208 215 112 119 146 173 201 228 124 152 179 186 213 240 117 145 191 218 246 103 130 0 184 211 108 135 162 190 217 224 101 128 175 202 229 
106 133 161 168 215 242 119 146 173 200 227 105 132 159 186 213 240 117 144 171 199 245 103 130 157 184 211 238 115 162 170 197 224 101 128 155 182 0 106 133 141 168 195 222 249 146 173 200 208 235 
112 159 166 213 240 117 144 171 198 225 233 130 157 184 211 238 115 142 150 196 224 101 128 155 182 209 236 113 140 168 195 222 249 126 153 200 227 234 0 139 166 193 220 117 144 151 178 205 233 110 
137 184 211 238 115 142 149 177 204 100 128 155 182 209 236 243 120 167 194 222 249 126 153 180 187 104 111 138 166 193 220 247 104 171 178 205 232 109 137 0 191 238 245 122 149 176 184 211 238 135 
162 189 196 243 101 128 155 202 229 106 133 160 167 195 222 118 146 173 200 227 234 111 138 185 212 240 117 144 171 198 205 102 129 156 183 211 238 115 122 169 0 223 100 127 155 182 189 236 113 140 
167 194 221 249 126 172 200 227 234 111 138 165 192 239 116 144 171 178 205 232 109 156 183 210 237 115 122 149 176 223 100 127 154 181 189 216 243 140 167 194 221 0 125 153 160 207 234 111 138 165 
192 219 246 143 170 178 205 232 109 136 163 210 237 245 122 149 176 203 230 127 154 181 208 216 243 120 147 194 201 228 105 133 160 167 194 241 118 145 172 199 227 234 0 158 185 212 239 116 143 170 
198 244 102 129 136 183 191 218 245 142 169 196 223 100 107 134 162 208 236 113 140 167 174 201 228 125 152 179 207 234 111 138 145 192 219 246 123 151 178 205 212 109 136 0 190 217 245 122 149 176 
223 230 127 134 161 188 216 112 140 167 194 201 228 105 132 179 206 233 111 118 165 172 199 246 123 150 177 205 232 239 116 163 190 217 244 121 149 156 183 230 107 134 161 188 0 242 120 147 174 201 
228 105 132 159 186 233 110 137 145 172 179 206 214 111 138 165 192 219 246 123 131 178 205 232 109 136 163 190 198 244 121 149 176 203 230 107 134 161 208 215 243 120 147 174 201 0 125 132 159 187 
214 241 118 165 192 219 246 123 130 158 185 232 109 136 163 190 217 224 102 148 175 203 230 107 134 161 168 215 242 119 147 174 201 228 235 152 159 186 213 241 118 145 172 219 226 103 0 157 184 212 
239 136 163 190 217 224 101 128 156 202 229 107 134 141 168 195 222 119 146 173 201 208 105 112 139 186 213 240 117 145 172 179 206 103 130 157 184 211 238 246 143 170 197 224 101 128 155 0 210 237 
133 161 168 195 222 249 126 173 200 227 235 112 139 166 193 240 117 144 171 199 206 233 110 157 184 211 238 115 123 150 177 224 101 128 155 182 190 236 244 141 168 195 222 249 126 153 161 208 0 112 
139 166 193 220 247 144 171 179 206 233 110 137 164 211 238 115 123 150 177 204 231 128 155 182 209 217 244 121 148 195 222 249 126 153 160 188 215 112 139 166 193 220 227 104 132 178 205 233 110 0 

0 206 225 244 137 200 242 155 198 241 153 196 108 151 214 107 149 212 105 167 210 122 165 208 121 163 226 119 162 224 137 179 222 135 178 220 133 195 238 131 193 236 129 192 234 147 190 102 145 188 
148 0 146 165 228 140 203 246 158 221 114 176 219 131 194 237 149 212 105 167 230 122 185 247 140 203 246 158 221 113 176 239 131 194 106 149 212 124 167 230 122 185 247 140 203 115 158 221 133 196 
234 147 0 209 121 164 227 139 182 244 157 200 112 155 218 130 173 235 148 211 103 166 209 121 184 227 139 182 244 157 219 112 175 237 130 193 235 148 210 103 166 228 121 184 246 139 202 114 157 219 
159 222 135 0 117 180 223 135 198 241 153 216 108 171 234 126 189 232 144 207 119 162 225 137 180 242 155 198 110 153 216 128 171 233 146 189 101 164 207 119 182 224 137 180 242 155 198 110 173 215 
175 218 131 193 0 176 239 151 194 106 169 212 124 187 230 142 205 248 160 203 115 178 221 133 196 239 151 214 106 169 231 124 187 249 142 205 247 160 222 115 178 240 133 196 108 151 214 126 169 231 
171 234 127 189 102 0 104 147 210 122 165 228 120 183 246 138 201 113 156 219 131 174 237 149 192 104 147 210 122 165 228 140 183 245 158 201 113 176 219 131 194 236 149 192 104 167 210 122 185 247 
187 230 143 205 248 161 0 163 206 118 181 224 136 199 242 154 217 110 172 215 127 190 233 145 208 101 163 226 118 181 243 136 199 242 154 217 109 172 234 147 190 102 145 208 120 163 226 118 181 243 
183 246 139 201 114 157 219 0 222 115 177 240 132 195 108 150 213 125 168 231 143 186 249 161 204 116 159 222 134 177 240 152 215 107 170 213 125 188 231 143 206 248 161 224 116 179 241 134 197 240 
199 112 155 217 110 173 235 128 0 130 193 236 148 211 104 166 209 122 184 227 139 202 114 157 220 132 175 238 130 173 236 148 211 103 166 229 121 184 246 139 202 244 157 220 112 175 237 130 193 105 
235 128 190 103 145 208 121 163 226 0 228 121 184 246 139 202 114 157 220 132 175 237 150 193 105 148 211 123 166 228 141 184 246 159 202 114 177 219 132 175 237 150 193 105 168 210 123 186 228 141 
231 143 206 249 161 224 117 179 222 135 0 137 200 242 155 198 110 173 216 128 191 234 146 209 101 164 226 119 182 225 137 200 242 155 217 110 173 235 148 191 103 146 208 121 164 226 139 182 244 157 
247 140 202 115 177 220 133 195 238 150 193 0 196 108 151 214 126 169 232 144 187 249 142 205 117 160 223 135 198 240 153 196 108 171 214 126 169 231 144 207 249 162 224 117 180 242 135 198 240 153 
243 155 218 111 173 236 129 191 104 147 209 122 0 104 167 210 122 185 247 140 203 115 158 221 113 176 238 131 194 106 149 212 124 167 229 142 185 247 140 203 115 158 220 133 176 238 151 194 106 169 
109 171 214 127 189 232 145 187 100 162 205 118 180 0 163 226 138 181 244 156 199 111 174 217 129 192 235 147 210 102 165 208 120 183 226 138 201 243 156 219 111 174 236 129 192 234 147 210 102 165 
105 168 230 123 185 248 141 203 116 159 221 134 176 239 0 242 134 197 109 152 215 108 170 233 125 188 100 143 206 118 161 224 136 179 241 154 197 109 152 215 127 170 233 145 188 100 163 206 118 181 
121 183 226 139 181 244 157 199 112 174 217 130 192 235 148 0 150 193 106 168 211 123 186 229 141 204 247 159 202 114 177 220 132 195 238 150 213 105 168 231 123 186 248 141 204 246 159 222 134 177 
117 180 242 135 197 110 153 215 128 171 233 126 188 212 125 168 0 170 233 126 188 101 143 206 119 161 224 117 179 242 134 197 110 152 215 127 170 233 145 188 101 143 206 118 161 224 136 179 242 154 
244 157 200 112 175 217 130 192 235 148 191 103 166 208 121 184 226 0 229 141 184 247 159 202 115 177 220 133 195 238 150 193 106 168 211 124 186 229 141 204 247 159 222 115 177 240 132 195 238 150 
240 153 215 108 171 233 126 189 101 144 206 119 162 224 137 180 242 135 0 138 200 113 155 218 111 173 236 129 191 104 147 209 122 164 227 139 182 245 138 200 113 160 223 135 178 240 133 196 108 171 
111 154 216 129 172 234 147 189 102 164 207 120 163 225 138 200 243 155 218 0 201 113 156 219 131 174 237 149 192 104 167 210 122 185 228 140 183 245 158 221 113 176 238 131 194 237 149 212 104 167 
146 209 122 164 227 139 182 245 157 200 113 175 188 243 147 222 126 181 236 160 0 147 202 107 161 236 140 195 100 154 229 133 188 243 147 222 127 181 236 141 215 120 174 229 153 208 113 168 222 147 
229 134 188 113 167 222 127 181 106 161 215 120 175 249 154 208 113 168 242 147 201 0 208 113 168 222 127 201 106 161 215 120 194 249 154 208 113 188 242 147 202 106 181 235 160 215 119 174 229 153 
235 140 195 119 174 228 133 188 112 167 222 126 181 105 160 215 119 174 248 153 208 112 0 139 213 118 173 227 132 206 111 166 221 125 200 124 179 233 138 193 117 172 227 131 206 110 165 220 124 199 
131 186 240 165 219 124 179 234 158 213 117 172 227 151 206 110 165 220 144 199 104 158 213 0 220 124 179 103 158 213 117 172 247 151 206 111 165 240 144 199 104 178 233 138 192 247 171 226 131 185 
118 172 247 151 206 111 165 240 145 199 104 178 233 138 192 247 171 226 131 186 110 165 219 124 0 111 185 240 145 199 104 178 233 138 193 247 172 226 131 186 110 165 219 124 179 103 158 213 117 192 
144 218 123 177 232 137 211 116 171 225 130 204 109 164 218 143 198 102 157 212 136 191 245 150 224 0 211 116 171 225 150 205 109 164 219 143 198 102 157 231 136 191 246 150 225 129 184 239 143 218 
150 205 109 184 238 143 198 103 177 232 136 191 246 170 225 129 184 239 163 218 123 177 232 156 211 116 0 122 177 232 136 191 116 170 225 130 204 109 163 218 123 197 102 157 211 116 190 245 150 204 
156 211 116 170 225 149 204 109 164 218 143 197 102 157 211 136 190 245 150 205 129 184 238 143 217 122 177 0 203 108 163 237 142 196 101 175 230 135 189 244 169 223 128 183 237 162 216 121 176 230 
182 237 142 196 121 176 230 135 190 114 169 223 128 183 107 162 217 121 176 100 155 210 114 189 243 148 203 107 0 114 169 224 128 203 107 162 217 121 196 100 155 210 134 189 244 148 203 127 182 237 
169 224 128 191 246 151 205 110 184 239 144 198 123 197 102 157 211 116 190 245 150 204 109 184 238 143 198 102 177 0 164 218 143 197 102 157 211 136 191 245 150 205 129 184 238 143 198 122 177 232 
164 238 143 198 102 157 231 136 191 245 170 244 149 204 108 163 237 142 197 121 176 231 135 190 114 169 224 128 183 107 0 244 149 223 128 183 238 142 217 121 176 231 135 210 114 169 224 128 203 108 
190 245 149 224 128 183 238 162 217 121 176 231 155 210 115 169 244 148 203 108 162 237 142 196 101 156 230 135 189 244 149 0 155 210 115 169 244 149 203 108 163 237 142 196 101 156 230 135 190 244 
176 101 156 210 115 189 244 149 223 128 182 237 162 216 121 176 230 155 209 114 169 223 148 203 107 162 236 141 196 100 155 229 0 216 121 176 230 155 210 114 169 224 148 203 107 162 236 141 196 101 
183 107 162 217 121 196 100 155 210 114 189 243 148 203 108 182 237 141 196 101 175 230 134 189 244 168 223 128 182 237 161 216 121 0 127 182 237 141 196 121 175 230 135 209 114 168 223 128 202 107 
189 244 168 223 128 182 237 161 216 121 175 230 154 209 114 169 223 148 202 107 162 216 141 195 100 155 210 134 189 243 148 222 127 182 0 169 243 148 202 107 182 236 141 196 100 175 229 134 189 243 
176 100 155 209 114 169 243 148 203 107 182 236 141 196 100 175 230 134 189 244 168 223 127 182 106 161 216 121 175 100 154 209 114 188 243 0 230 134 189 113 168 223 128 182 107 161 216 121 175 100 
182 237 141 216 120 175 230 135 209 114 168 223 128 202 107 161 216 121 195 100 155 209 114 188 243 148 202 127 182 236 141 196 120 175 229 134 0 141 195 100 155 229 134 189 243 148 222 127 182 236 
188 243 148 202 107 182 236 141 196 100 175 229 134 189 243 168 222 127 182 237 161 216 120 175 249 154 209 113 168 243 147 202 107 161 236 140 195 0 202 106 161 216 120 195 100 154 209 114 188 243 
175 230 134 189 113 168 223 127 202 107 161 216 121 195 100 154 209 114 188 243 148 202 127 181 236 141 195 120 174 229 134 208 113 168 222 127 201 106 0 243 148 202 127 181 236 141 196 120 175 229 
162 236 141 195 100 155 229 134 188 243 148 222 127 182 236 190 244 149 224 128 183 238 142 217 141 196 101 155 210 134 189 244 148 203 127 182 237 141 196 0 203 108 162 237 141 196 101 155 230 134 
217 121 176 231 155 210 115 169 244 148 203 108 162 237 141 196 101 175 230 135 189 153 228 152 207 111 166 221 145 200 105 179 234 138 193 248 172 227 131 186 0 193 247 152 207 131 186 241 145 200 
172 246 151 205 110 165 239 144 199 103 158 232 137 192 246 171 226 130 185 240 164 219 123 178 233 157 212 117 171 226 150 205 110 164 219 143 198 103 157 212 137 0 124 178 103 157 212 117 171 246 
178 233 137 192 247 171 226 131 185 110 164 219 124 178 103 157 212 117 191 246 151 205 130 184 239 144 198 123 178 232 137 192 116 171 225 150 204 109 164 238 143 198 0 185 109 164 218 123 178 102 
184 239 144 218 123 177 232 137 211 116 171 225 150 204 109 164 218 143 198 102 157 212 136 191 245 150 205 129 184 239 143 198 122 177 232 136 191 115 170 225 130 204 109 0 246 150 225 129 184 239 
171 245 150 205 109 184 239 143 198 103 177 232 136 191 246 170 225 129 184 109 163 218 123 177 102 156 211 116 170 245 150 204 109 164 238 143 197 102 176 231 136 191 245 170 0 157 211 116 190 245 
177 232 137 191 116 170 225 130 204 109 164 218 123 197 102 157 211 116 190 245 150 205 109 184 238 143 198 102 177 231 136 191 115 170 225 129 184 108 163 218 122 197 102 156 211 0 218 122 177 232 
164 238 143 198 102 177 231 136 191 245 170 225 129 184 239 163 218 122 177 232 156 211 116 170 225 149 204 109 163 218 142 197 102 157 231 136 190 245 150 224 129 183 238 143 217 122 0 109 183 238 
170 225 130 204 109 163 218 123 197 102 157 211 116 190 245 150 204 129 183 238 143 197 122 177 231 136 191 115 170 224 129 203 108 163 218 122 197 101 156 211 115 190 244 149 204 109 183 0 170 225 
216 121 195 100 154 209 114 188 243 148 202 107 181 236 141 195 100 175 229 134 189 243 168 222 127 182 236 161 216 120 175 249 154 209 113 168 242 147 202 106 161 236 140 195 100 154 229 133 0 120 
112 186 241 146 200 125 179 234 139 193 118 172 227 132 187 111 166 220 125 180 104 159 213 118 173 247 152 207 131 186 240 145 219 124 179 234 138 213 117 172 227 131 206 110 165 220 125 199 104 0 

1294 0 37 1939
2060 0 37 1629
2405 0 37 1973
1733 1 37 1302
1688 1 37 1257
1281 1 37 2089
2150 1 37 1719
2134 2 37 1703
2252 2 37 1821
1584 2 37 2392
2453 2 37 2022
2438 3 37 2006
2066 3 38 1635
2086 3 38 1655
1878 3 38 1447
1863 4 38 1432
1491 4 38 2299
2260 4 38 1666
1889 4 38 1458
1873 5 38 1443
1502 5 38 2310
1522 5 38 2330
2391 5 38 1959
2375 6 38 1944
2167 6 38 1736
1796 6 38 1365
1587 6 38 2232
1409 7 38 2217
2441 7 38 2009
2069 7 38 1638
1861 7 38 1268
1846 8 38 1252
1475 8 39 2283
1748 8 39 1318
1703 8 39 1273
1687 9 39 1257
1479 9 39 2287
2348 9 39 1917
2140 9 39 1709
2124 10 39 1693
1753 10 39 1323
1545 10 39 2353
2414 10 39 1982
2398 11 39 1804
2027 11 39 1596
1656 11 39 2463
1448 11 39 2256
1432 37 39 2240
2464 37 39 1869
2093 37 39 1662
1721 37 39 1291
1706 38 40 1276
1498 38 40 2143
2367 38 40 1935
1995 38 40 1564
1980 39 40 1549
1772 39 40 1341
1400 39 40 2208
2269 39 40 1838
1615 40 41 2423
2385 40 41 1954
2177 40 41 1583
1806 40 41 1376
1418 41 42 2226
2352 41 42 1920
1707 41 42 1277
1336 41 42 2144
1516 42 43 2324
2286 42 43 1855
1980 42 43 1549
1609 42 43 2416
1302 42 43 2111
2237 43 44 1805
1865 43 44 1435
1657 43 44 2302
1286 43 44 2094
2155 43 44 1723
2234 44 45 1803
1863 44 45 1432
1492 44 45 2300
1283 44 45 2092
2152 44 45 1721
2039 45 46 1608
1668 45 46 2475
1460 45 46 2268
2328 45 46 1897
1957 45 46 1526
2007 46 47 1576
1799 46 47 1368
1428 46 47 2236
2297 46 47 1865
2088 46 47 1657
1619 46 47 2427
2138 47 48 1707
1767 47 48 1499
1559 47 48 2367
2428 47 48 1996
2220 47 48 1625
1750 47 48 1320
2270 48 49 1838
2061 48 49 1468
1690 48 49 1260
1319 48 49 2127
2351 48 49 1756
1881 48 49 1451
2401 49 0 1969
1866 49 0 1436
1332 49 0 2140
2201 49 0 1607
1666 49 0 2311
2372 49 0 1941

15972

0 612 35
1 746 33
2 978 46
3 519 28
4 930 43
5 788 42
6 508 27
7 979 46
8 798 31
9 518 20
10 535 39
11 255 23
12 825 38
13 545 23
14 266 38
15 737 27
16 458 42
17 885 40
18 902 25
19 623 44
20 344 29
21 814 43
22 535 28
23 256 43
24 825 28
25 546 47
26 267 32
27 737 47
28 458 32
29 929 46
30 649 35
31 469 20
32 940 35
33 776 40
34 496 25
35 316 40
36 786 25
37 507 40
38 978 25
39 699 44
40 419 29
41 890 43
42 709 28
43 430 47
44 901 32
45 622 47
46 342 32
47 912 47
48 632 32
49 353 46
