50 117 5

0 164 171 178 166 173 181 208 215 223 230 107 134 161 188 216 243 120 147 154 181 208 236 132 160 187 214 221 248 125 152 180 207 234 111 118 145 172 200 227 104 131 158 185 192 220 247 124 151 178 
241 0 105 132 140 147 174 201 228 106 133 160 187 214 221 248 126 153 180 207 234 131 138 165 192 220 227 104 131 178 205 212 240 117 144 171 198 225 102 110 137 164 191 218 245 122 149 176 184 211 
238 115 0 193 200 188 195 223 100 127 154 201 228 105 112 139 166 194 221 118 145 172 199 226 233 110 138 165 192 219 246 123 130 158 185 231 109 136 163 190 197 224 102 117 144 171 198 225 102 129 
156 203 230 0 135 162 169 196 223 120 147 174 201 229 236 133 140 187 214 241 118 145 173 200 207 104 131 158 185 212 239 117 124 190 198 225 102 129 156 183 210 107 115 142 169 196 223 100 127 174 
201 228 105 113 0 167 194 241 248 126 153 180 207 214 241 138 165 192 219 247 124 151 178 185 212 239 117 144 171 198 225 102 129 137 164 191 218 245 122 169 196 203 100 108 135 162 189 236 113 140 
167 194 221 229 106 0 160 187 214 241 118 126 153 200 227 104 131 158 185 212 240 136 164 191 218 245 122 129 156 203 230 107 135 162 189 196 243 120 147 174 201 229 106 133 160 207 214 241 118 145 
172 200 227 124 151 178 0 212 239 116 144 190 218 245 122 149 176 183 210 107 134 161 189 216 243 120 147 174 201 228 105 133 160 187 214 241 138 145 172 199 104 111 139 185 213 240 117 144 171 198 
225 102 110 137 164 191 218 0 122 169 176 223 231 108 135 162 189 236 113 140 148 175 202 229 106 173 180 227 234 111 138 165 193 220 247 104 131 158 185 213 240 137 164 191 198 225 102 129 157 203 
230 108 135 162 189 216 223 120 0 174 202 229 106 133 160 207 234 241 118 146 173 200 227 124 151 158 185 212 239 117 144 191 218 162 189 216 223 100 128 174 202 229 106 133 160 167 194 241 118 145 
173 200 227 104 131 178 185 212 239 0 144 171 198 245 122 149 156 183 211 238 115 162 189 216 243 120 147 174 201 209 236 113 140 167 194 221 248 126 153 180 207 234 111 138 165 212 239 247 124 151 
178 205 232 129 156 183 210 218 245 122 0 176 203 230 107 115 142 169 196 113 140 147 174 201 228 106 133 180 207 234 111 138 165 192 200 246 124 151 178 205 232 109 136 183 210 217 245 122 149 176 
203 120 147 174 201 208 235 112 140 186 214 0 118 125 152 179 206 103 130 157 185 212 219 246 123 170 197 224 101 129 156 163 190 237 114 141 168 195 203 210 237 134 161 188 215 243 120 127 174 201 
228 125 132 159 186 214 241 118 145 152 179 207 0 111 138 146 153 180 207 234 111 138 166 212 240 117 144 171 198 205 102 169 196 203 230 107 135 162 189 216 243 120 127 155 182 209 236 133 160 187 
214 241 118 145 172 219 227 104 131 158 185 212 239 0 144 171 198 225 102 129 156 203 210 237 115 142 169 196 223 120 147 174 201 228 105 113 160 187 214 241 118 145 172 199 226 123 131 158 185 212 
239 116 143 190 217 244 102 129 156 183 210 107 134 161 0 215 223 100 127 174 181 208 235 113 140 167 174 241 118 125 152 179 207 234 111 138 165 192 199 227 104 131 158 205 212 239 116 143 151 178 
205 102 129 156 183 210 237 114 142 169 196 223 100 127 154 0 208 216 243 120 147 174 201 228 106 133 179 187 214 241 118 145 172 188 215 242 119 146 173 200 208 243 120 147 174 181 208 235 113 159 
187 214 241 118 145 172 179 246 123 150 177 185 212 239 116 163 0 217 244 102 148 156 183 230 107 134 161 188 215 223 100 147 174 201 228 105 132 139 167 213 241 118 145 172 199 226 103 130 157 185 
212 239 163 171 178 225 102 129 156 183 210 237 114 122 149 176 203 0 107 134 142 189 216 243 120 147 174 201 228 125 152 160 187 214 241 118 145 192 219 227 104 131 158 185 212 239 116 143 151 178 
205 232 109 176 183 230 237 115 142 169 196 211 238 115 123 150 177 204 0 128 155 182 190 217 244 121 148 195 222 249 126 153 161 188 215 112 139 166 193 220 227 105 132 179 206 233 110 137 144 191 
218 245 142 150 177 204 231 108 135 182 209 216 244 121 148 175 202 249 126 0 180 187 215 242 119 166 193 220 247 104 131 159 186 233 110 137 164 171 198 225 103 130 157 184 211 218 245 123 150 196 
224 101 128 155 182 209 236 113 140 168 195 222 249 126 153 200 207 234 112 139 0 193 220 247 124 132 159 186 213 240 117 164 191 198 225 103 130 157 184 231 108 115 162 169 197 224 101 148 175 202 
229 106 113 141 168 214 242 119 146 173 200 227 234 131 158 186 213 240 117 144 151 0 225 102 129 157 184 211 218 135 162 169 216 223 101 128 155 202 229 106 133 140 167 195 222 118 146 173 200 207 
104 131 138 185 212 240 117 144 171 198 205 122 129 156 183 211 238 115 142 169 176 204 0 108 135 162 189 212 240 117 124 151 178 205 232 129 156 184 211 238 115 142 169 196 223 100 127 155 182 209 
236 113 140 167 175 202 229 106 133 180 207 234 111 138 146 193 200 247 124 151 178 205 232 0 117 164 191 218 245 122 149 176 184 230 108 135 162 189 216 243 120 147 174 201 229 106 133 160 187 214 
111 138 165 173 200 227 104 151 178 205 232 239 117 144 171 218 245 122 149 176 183 210 238 134 0 189 216 243 120 127 154 201 209 236 113 140 167 194 221 118 126 153 180 207 234 111 138 165 192 200 
227 104 131 158 185 232 239 117 144 171 178 225 232 129 156 183 211 238 115 142 149 196 223 100 127 0 182 209 216 243 120 147 175 202 229 106 133 180 187 214 241 119 146 173 200 247 124 151 178 205 
232 109 136 183 191 218 245 122 149 176 203 100 107 135 162 189 216 243 120 167 194 221 229 106 133 160 0 234 111 138 145 173 200 227 104 151 178 205 212 109 116 144 171 218 245 122 149 176 183 210 
238 154 161 189 216 243 120 147 174 221 248 125 152 179 187 194 202 248 125 153 180 207 234 111 138 165 173 0 227 104 131 158 185 232 239 136 144 171 198 225 102 149 176 203 211 238 115 142 169 216 
243 120 147 174 201 209 236 113 140 167 194 221 229 126 133 180 207 234 111 138 165 192 200 235 112 139 166 193 0 247 105 152 179 206 233 110 137 164 172 218 246 123 150 177 204 231 238 135 162 189 
217 244 121 148 175 222 249 126 153 161 188 215 242 139 166 193 220 227 105 132 159 206 233 110 137 144 191 198 226 0 150 177 204 231 108 135 142 209 216 243 121 148 175 202 229 126 133 160 187 215 
242 119 146 173 200 227 104 131 139 166 193 240 117 144 171 198 206 233 110 176 204 231 108 115 142 169 196 243 120 147 0 182 209 236 113 140 168 195 222 249 106 133 160 207 234 111 139 166 173 200 
247 144 171 198 205 233 110 137 164 211 238 115 142 169 196 223 100 128 155 182 209 236 113 140 167 214 241 249 126 153 180 0 234 131 158 165 193 220 247 124 151 198 225 102 109 137 164 191 218 115 
142 169 196 223 231 108 135 150 177 204 231 108 116 143 170 217 224 101 128 155 183 210 237 134 141 188 195 222 249 127 154 181 0 215 242 119 147 174 201 244 101 129 156 183 210 237 114 161 168 195 
222 100 127 154 181 228 235 112 139 166 194 221 248 145 172 199 206 233 110 138 165 211 239 116 123 150 177 204 231 128 155 183 190 0 244 121 148 195 222 249 126 154 161 188 215 112 139 166 193 220 
248 125 152 179 206 233 110 137 164 192 219 115 123 150 177 204 231 108 135 182 209 217 244 121 148 175 202 249 126 153 161 188 215 242 0 166 193 220 228 105 132 159 186 233 240 117 144 172 199 206 
233 130 157 184 211 238 116 143 170 217 244 101 128 155 182 209 237 133 141 168 195 202 230 107 134 181 208 235 112 139 146 173 201 247 125 0 179 206 233 240 117 164 191 218 246 123 150 157 184 231 
108 135 162 190 217 244 121 168 175 202 229 106 134 161 188 235 112 139 146 173 200 227 105 151 179 206 213 240 117 144 171 218 245 122 130 177 0 211 238 135 162 189 216 244 101 128 155 202 229 106 
133 160 188 215 242 119 166 173 200 227 104 131 159 205 233 110 117 144 171 198 225 122 149 176 204 231 238 245 123 169 177 204 231 108 135 162 189 0 244 121 148 175 202 229 106 173 200 207 234 112 
158 166 193 240 117 144 171 198 225 233 110 157 184 211 238 115 142 149 196 223 101 128 155 182 209 236 113 140 167 194 222 249 126 153 180 227 234 111 0 166 193 220 247 144 151 178 205 232 109 137 
164 211 238 115 142 149 176 203 231 127 155 182 209 236 243 120 147 194 221 248 126 153 180 187 214 111 138 165 192 220 247 104 131 178 205 232 109 136 163 0 218 245 122 149 176 203 230 107 135 181 
209 236 243 120 147 174 201 248 125 152 160 207 214 241 118 165 192 219 246 124 131 158 185 232 109 136 163 190 198 225 102 149 176 203 230 107 134 161 169 216 0 120 147 174 201 228 236 133 160 187 
214 241 118 145 172 219 246 104 150 158 185 212 239 104 131 159 186 213 240 247 124 171 198 225 103 130 157 184 191 238 115 142 169 196 224 101 128 175 182 209 236 0 140 168 195 241 249 126 153 180 
207 234 112 158 185 213 240 247 124 151 178 225 102 129 157 164 191 218 245 142 169 196 223 100 238 115 142 189 216 243 121 148 155 202 209 106 133 160 187 214 242 119 0 173 200 227 104 131 158 186 
213 228 105 132 159 186 213 241 248 145 172 199 226 103 130 157 165 212 239 116 143 170 197 224 101 128 156 183 210 237 114 141 168 215 242 249 127 154 181 208 235 132 159 0 193 221 248 125 152 199 
226 103 130 157 184 192 219 116 143 170 197 224 101 108 136 210 237 114 141 168 196 203 230 127 154 181 208 235 112 120 167 194 221 248 125 152 179 206 233 111 138 165 192 219 0 123 150 197 224 232 
109 136 163 190 217 114 121 148 176 203 210 107 114 161 188 215 242 120 147 174 181 228 105 132 159 186 214 241 248 145 172 199 206 234 111 138 165 212 239 116 123 150 177 205 232 0 156 183 210 217 
114 121 149 195 223 100 127 154 181 188 215 112 139 166 194 221 248 125 152 179 206 233 110 138 165 192 219 116 123 150 177 204 232 109 136 183 190 217 244 121 148 175 203 249 107 154 0 188 215 242 
119 166 193 220 248 125 132 179 186 233 110 137 164 192 219 246 103 150 177 204 231 108 136 163 170 217 244 121 148 175 202 229 107 134 161 188 215 242 249 107 134 201 208 235 112 139 166 0 221 117 
144 172 199 206 233 110 137 184 211 238 116 123 150 177 204 101 128 155 182 210 237 244 121 168 195 222 249 126 153 161 188 235 112 139 166 193 220 228 125 152 179 206 233 110 137 164 191 238 0 123 
150 177 204 231 108 155 182 209 217 244 121 148 175 222 249 126 153 180 188 215 242 139 166 193 220 247 105 132 159 206 233 110 137 164 191 218 226 123 150 177 204 231 108 135 143 189 216 244 121 0 

0 102 102 101 144 206 119 162 204 117 160 203 115 158 220 113 176 219 111 174 217 129 172 215 127 170 233 125 168 231 124 186 229 141 184 247 140 182 245 138 200 243 156 198 241 209 122 164 227 120 
249 0 157 220 132 195 155 197 110 172 215 128 171 233 146 188 101 163 206 119 181 224 137 199 242 154 197 110 172 215 128 190 233 146 208 101 163 226 119 181 224 137 199 242 154 217 110 172 235 147 
147 146 0 208 120 163 226 138 181 243 156 199 111 174 217 129 192 234 147 190 102 165 208 120 183 245 138 201 113 156 218 111 228 216 186 181 231 164 246 178 189 141 113 144 135 127 209 141 243 156 
155 217 130 0 172 104 206 138 110 141 243 131 123 102 114 235 168 230 202 174 236 125 231 202 174 146 228 208 179 151 134 205 224 156 163 174 217 169 101 203 155 127 138 220 192 207 218 201 133 235 
235 187 107 249 0 196 207 179 111 213 185 206 118 181 223 136 198 241 154 216 109 172 214 127 190 232 145 207 100 163 225 118 181 243 136 198 111 154 216 109 172 234 127 189 102 145 207 120 163 225 
165 228 140 183 246 0 248 141 204 116 159 221 134 177 239 132 195 107 150 212 125 168 230 143 186 248 161 204 116 159 221 134 177 239 152 195 107 170 212 125 187 230 143 186 248 161 203 116 179 221 
181 224 136 199 242 154 0 157 200 112 175 218 130 193 235 148 211 103 166 228 121 184 226 139 202 244 157 219 112 175 237 130 193 105 148 210 103 166 228 121 184 246 159 201 114 157 219 132 175 237 
177 240 152 195 108 150 213 0 216 128 171 233 126 189 101 144 207 119 162 224 137 180 242 155 198 110 173 216 128 171 233 146 189 101 164 226 119 182 224 137 199 242 155 217 110 173 235 128 191 103 
193 106 148 211 124 166 229 122 0 124 187 230 142 205 247 160 223 115 178 221 133 196 238 151 214 126 169 231 144 187 249 142 205 117 160 222 135 197 240 153 196 108 171 213 126 189 231 144 206 249 
229 141 204 247 159 222 114 177 240 0 222 135 197 240 153 215 108 171 233 126 188 231 144 206 249 162 224 117 180 242 135 197 110 153 215 108 171 233 126 188 101 144 206 119 181 224 137 179 242 155 
245 157 200 112 155 218 130 173 236 148 0 151 194 106 149 211 124 167 229 142 185 247 160 202 115 178 220 133 176 238 151 194 106 169 231 124 186 229 142 204 247 160 222 115 177 240 133 195 108 151 
110 153 216 128 171 234 126 215 128 171 233 0 236 129 191 104 146 209 121 164 227 139 182 245 157 200 112 155 218 130 173 236 148 191 104 166 209 121 184 227 139 202 245 157 200 112 175 237 130 193 
133 195 108 151 213 126 188 231 144 206 249 162 0 144 207 119 162 225 137 180 243 155 198 110 153 216 128 171 234 146 209 102 164 227 119 182 225 137 200 243 155 218 110 173 235 128 191 103 146 209 
149 211 104 167 229 122 184 247 140 202 115 158 220 0 240 243 140 111 174 193 204 117 219 131 103 185 171 190 150 110 109 116 130 102 208 156 108 229 142 204 156 116 218 151 193 165 247 148 186 197 
157 240 152 215 186 158 240 192 223 175 238 119 181 133 0 163 135 198 110 212 184 136 218 170 173 232 156 104 135 220 140 132 234 206 216 129 191 104 222 154 236 168 211 143 115 178 110 212 144 226 
206 158 110 192 105 187 230 170 102 125 188 140 242 134 236 0 235 147 190 122 185 248 160 242 135 198 110 192 144 227 179 111 173 236 188 120 183 245 217 149 101 184 226 206 158 220 113 195 108 190 
190 142 204 176 219 131 194 165 117 239 191 222 194 165 228 160 0 202 245 177 240 152 215 108 151 213 126 188 120 222 135 178 110 172 215 128 190 142 185 117 180 223 155 217 130 212 164 227 139 182 
162 224 176 227 159 222 154 197 109 191 124 167 229 142 224 156 238 0 241 142 224 136 199 151 213 146 208 121 223 135 237 189 102 145 207 120 241 193 106 168 211 143 206 119 221 133 215 167 230 162 
122 184 247 160 242 174 237 189 121 203 155 237 130 193 105 168 210 143 0 165 247 160 222 115 197 130 212 125 187 100 162 244 137 200 132 214 127 209 161 113 176 218 190 103 205 176 239 151 214 126 
106 188 231 144 206 138 240 212 105 167 210 123 205 248 141 203 135 218 130 0 172 104 147 178 110 153 216 148 230 163 134 236 149 231 144 206 249 181 244 196 108 190 103 185 117 160 243 155 237 170 
129 212 124 206 139 221 153 216 128 171 103 166 228 180 243 155 198 111 173 106 0 148 210 123 166 228 141 203 246 218 130 212 125 168 100 163 225 157 220 152 215 107 190 232 165 247 160 242 174 106 
216 129 191 104 147 209 122 184 116 179 222 154 236 149 231 163 226 158 221 237 169 0 192 124 206 139 201 102 184 246 159 111 174 106 188 231 124 206 229 161 243 176 238 139 241 193 125 227 199 242 
221 134 216 148 211 104 166 248 181 113 195 127 229 201 244 156 128 100 162 205 118 180 0 132 103 154 197 129 191 143 206 138 221 192 144 207 139 202 244 157 219 219 131 213 146 208 121 183 226 119 
248 161 204 176 128 170 233 165 208 120 163 226 119 181 224 176 238 131 194 126 189 121 242 0 103 146 248 160 223 135 198 110 173 235 187 100 182 245 177 109 172 104 147 229 161 244 156 199 131 213 
173 106 188 100 183 245 197 149 212 183 246 158 241 173 216 148 211 123 186 248 141 203 116 198 0 201 113 176 128 190 233 165 208 141 223 116 198 241 133 176 128 211 123 186 248 161 203 136 198 150 
169 232 203 116 159 241 134 216 129 171 214 146 229 141 184 247 159 222 174 106 188 101 203 115 178 0 180 113 155 218 150 213 106 208 120 202 135 197 149 192 124 226 139 170 232 125 207 139 202 134 
224 137 219 132 194 146 228 161 113 183 115 198 240 173 125 207 119 182 114 177 239 132 104 206 118 161 0 203 246 178 110 193 125 195 108 170 103 145 208 160 223 135 198 130 212 125 227 159 202 173 
153 215 128 210 123 185 137 247 199 112 103 185 248 160 223 135 218 111 173 236 148 230 123 213 146 188 121 0 202 134 217 117 200 112 194 107 189 232 164 246 120 202 114 216 129 101 183 155 217 130 
109 172 124 166 229 130 172 124 187 119 182 114 196 109 191 123 206 138 181 113 156 187 249 162 244 156 219 151 0 193 106 168 231 203 115 178 110 153 235 148 210 123 185 248 140 223 175 146 209 102 
212 124 206 139 201 153 105 168 230 143 205 106 208 120 183 115 197 130 232 164 246 198 130 213 145 227 179 242 135 0 157 239 132 194 237 170 232 184 247 179 111 193 106 228 120 203 115 197 110 232 
231 151 214 126 189 161 243 175 238 170 102 165 227 179 242 194 126 189 231 144 116 178 130 193 125 187 100 143 205 118 0 140 222 135 217 150 141 113 175 238 209 122 204 137 219 171 103 185 118 109 
148 210 162 154 216 149 100 131 194 185 248 220 112 175 237 150 102 184 136 179 131 122 205 105 188 187 119 162 225 157 132 0 243 215 167 249 162 134 196 247 199 242 134 106 169 101 144 226 119 181 
141 243 175 238 190 221 133 125 207 120 222 134 197 117 160 222 214 146 228 121 184 136 218 190 122 204 117 219 210 130 193 106 0 187 100 162 244 157 109 231 143 206 138 110 212 164 119 182 244 137 
176 238 131 233 146 248 243 175 237 150 102 165 247 140 202 134 197 109 152 104 226 158 201 153 105 167 100 143 209 141 223 136 218 0 241 153 105 215 147 229 142 114 196 108 171 234 126 209 141 203 
183 115 178 240 212 184 116 198 111 165 137 219 151 214 201 114 176 109 230 197 110 172 105 187 159 134 197 109 172 143 226 197 110 212 0 144 206 178 110 173 125 187 100 162 114 196 148 231 183 154 
134 216 168 231 143 206 177 220 133 120 183 245 138 149 220 160 242 155 126 118 149 207 167 229 142 185 247 160 112 174 237 197 208 109 151 0 193 204 137 239 131 123 185 248 180 243 175 237 170 102 
101 184 246 218 150 110 101 144 226 119 241 153 220 239 131 214 126 169 231 144 207 178 248 141 212 144 139 201 114 164 195 127 190 110 232 204 0 238 190 102 184 117 179 222 115 177 240 192 104 167 
127 170 232 204 116 179 241 154 216 109 211 199 111 154 216 129 192 124 226 126 169 232 184 246 139 202 114 157 247 160 112 154 217 129 129 231 183 0 220 172 235 163 206 178 169 101 164 226 159 202 
161 244 156 219 151 103 146 228 141 183 155 218 130 232 145 207 120 162 225 177 149 120 163 226 197 110 173 125 187 100 182 225 196 136 199 171 233 102 0 148 210 103 166 228 121 184 155 238 225 106 
235 168 230 143 186 248 161 243 175 107 241 133 196 108 151 233 205 137 109 120 222 135 178 209 121 113 175 166 209 220 133 215 187 119 221 153 125 247 159 0 162 244 157 219 112 175 217 236 149 231 
211 163 225 138 220 133 235 127 190 142 244 176 108 151 214 146 118 220 132 214 147 244 141 203 167 249 244 157 109 191 234 206 177 240 235 148 230 142 205 196 0 108 171 103 146 165 227 159 111 213 
213 105 188 238 151 213 126 188 160 242 135 107 169 102 144 207 120 182 225 157 200 172 124 245 178 130 232 113 175 107 170 122 204 117 179 111 233 185 248 160 223 0 245 217 129 231 144 187 249 181 
200 113 175 238 131 213 165 228 140 112 103 166 118 240 172 234 167 209 122 184 117 179 222 154 217 117 180 242 155 127 229 141 204 116 238 170 233 165 157 239 171 234 0 106 168 231 144 226 158 221 
129 172 234 127 118 220 153 195 108 171 122 205 117 160 132 234 166 229 181 113 175 147 210 110 153 216 128 230 162 245 157 220 112 175 238 150 232 125 227 147 249 201 173 0 215 108 171 201 153 125 
144 116 178 241 134 184 247 159 202 174 126 248 239 152 195 146 118 200 243 176 238 151 122 165 247 199 132 194 237 153 216 148 230 123 186 228 141 203 116 179 241 154 216 129 0 131 194 106 189 231 
191 234 147 229 122 204 247 159 222 134 106 149 211 124 167 249 161 224 136 108 230 162 134 216 109 211 163 225 138 110 231 203 155 127 189 102 204 247 179 241 134 217 109 172 144 0 186 118 180 243 
203 182 225 177 109 152 215 127 170 240 153 216 168 100 162 225 137 109 172 234 147 209 102 204 136 199 242 174 106 169 211 144 206 158 110 232 204 246 179 241 213 145 156 108 210 162 0 204 247 179 
120 202 134 197 247 219 191 194 126 228 160 242 175 217 130 200 172 235 206 119 181 244 156 148 100 202 114 216 168 160 203 135 107 189 180 113 175 147 209 142 184 247 140 202 138 201 113 0 116 198 
237 130 192 105 147 198 241 153 216 128 230 163 225 177 227 160 242 190 102 165 219 132 163 205 217 152 235 206 198 248 161 223 116 218 131 213 125 160 128 190 241 153 125 207 140 202 115 177 0 116 
175 206 138 208 101 203 116 205 176 207 136 135 197 169 141 243 214 147 229 141 184 191 104 225 118 161 132 215 167 249 161 133 125 187 100 150 201 173 125 167 135 237 169 220 132 195 237 150 193 0 

1825 0 19 1945
1831 0 19 1625
1977 0 19 1608
1567 0 19 2113
2110 0 19 1740
1765 0 19 1722
2471 0 45 2100
1769 0 45 1400
2014 1 45 1318
1407 1 45 2116
2146 1 45 1939
1969 1 45 1274
1792 1 45 2337
1451 1 45 1997
1765 1 45 1559
1751 1 45 1709
1574 1 45 2119
1882 2 45 1676
1541 2 45 2086
2181 2 45 1811
1677 2 45 2222
1926 2 45 2470
1776 2 45 1407
1763 2 46 2307
1912 2 46 1869
1572 2 46 2280
2078 3 46 1383
2327 3 46 1956
2150 3 46 1943
1809 3 46 1277
1795 3 46 2340
1356 3 46 2391
1342 3 46 1889
1705 3 46 2250
1430 3 46 2302
1739 4 46 1371
1562 4 46 1357
1549 4 46 2257
2451 4 46 1754
1848 4 46 2230
1933 4 46 1727
1756 4 47 2301
2168 4 47 1472
1664 4 47 2209
1250 5 47 2286
2153 5 47 1946
2140 5 47 1607
1308 5 47 1854
1294 5 47 1253
1281 5 47 2153
2249 5 47 1552
1417 5 47 1376
1567 5 47 1525
1288 6 47 1997
1700 6 47 2245
2439 6 47 1872
2455 6 47 2247
1263 6 47 1972
1576 6 47 2122
1563 6 48 2271
2465 6 48 1768
2288 6 48 2244
1685 6 48 2067
2060 7 48 1364
2308 7 48 1775
2303 7 48 2096
2386 7 48 1689
1555 7 48 2426
2294 7 48 2086
1691 7 48 2399
2267 7 48 1570
1272 7 48 2144
2271 7 48 1574
1436 8 48 2308
1585 8 48 2131
1245 8 48 1954
2311 8 49 1941
1970 8 49 1275
1466 8 49 2338
1943 8 49 1248
1305 8 49 1264
1945 8 49 1413
1768 8 49 2476
1587 9 49 2296
2228 9 49 1532
2370 9 49 2163
1767 9 49 2475
1819 9 49 2363
1478 9 49 1273
1955 9 49 1749
2105 9 49 1572
2091 9 49 1722
1390 9 49 1936
2350 10 49 1816
1355 10 0 2390
1505 10 0 2404
2108 10 0 1738
1440 10 0 1986
1525 10 0 2071
2264 10 0 1894
2087 10 0 1391
1583 10 0 2291
2387 10 0 1885
2238 11 0 2030
2056 12 0 1361
1907 13 0 1375
2445 14 0 1748
1249 15 0 2122
2213 16 0 2006
1541 17 0 1336
1916 18 1 1547
1309 19 1 2019
2470 45 1 1773
2126 46 1 2082
1781 47 1 1575
1793 48 1 1587
2103 49 1 1733

16312

0 681 42
1 714 36
2 764 43
3 758 43
4 695 27
5 748 23
6 449 29
7 406 20
8 758 40
9 970 42
10 631 29
11 292 39
12 802 25
13 954 24
14 616 40
15 376 26
16 787 47
17 856 31
18 715 47
19 474 34
20 530 24
21 488 46
22 544 36
23 856 31
24 715 25
25 475 38
26 985 32
27 745 22
28 505 47
29 916 41
30 656 28
31 712 48
32 274 42
33 266 48
34 677 42
35 437 28
36 947 49
37 806 35
38 566 30
39 977 24
40 540 48
41 300 39
42 711 33
43 372 49
44 882 32
45 741 26
46 599 21
47 261 41
48 869 39
49 826 22
