50 132 5

0 202 228 215 203 210 197 204 191 198 224 121 147 174 201 247 124 150 197 223 100 127 228 215 112 138 165 211 238 115 141 188 214 241 117 164 190 217 113 140 167 193 240 116 143 170 216 243 119 185 
240 0 103 110 247 124 151 217 244 140 167 193 240 116 143 169 216 242 119 146 192 219 245 142 168 195 222 118 145 171 198 244 121 148 194 221 247 124 170 217 113 140 166 193 239 116 143 189 216 242 
139 126 0 159 186 213 109 136 162 189 235 112 138 185 211 238 115 161 188 214 241 137 164 191 237 114 140 167 213 240 117 143 190 216 243 139 166 232 109 135 162 208 235 112 138 185 211 238 134 161 
207 234 110 0 183 210 237 133 160 186 213 109 136 163 209 236 112 139 185 232 128 155 181 208 104 131 158 224 120 147 173 200 246 123 150 216 242 119 165 192 219 245 142 168 195 241 118 145 171 218 
114 160 207 233 0 137 183 210 236 113 159 186 212 109 136 162 189 105 132 178 205 231 108 154 181 207 104 130 157 184 230 107 133 160 206 233 110 156 183 209 236 132 159 186 212 109 135 162 208 235 
131 158 185 211 108 0 161 207 234 110 137 183 210 237 133 179 206 102 129 156 163 189 216 132 159 185 232 108 135 162 208 235 111 158 184 211 237 134 160 187 214 110 137 163 210 236 113 179 206 193 
239 116 142 189 215 112 0 185 211 108 134 161 188 104 130 177 203 230 107 153 180 206 103 129 156 183 229 106 132 198 225 121 148 175 221 248 124 190 217 244 140 167 193 220 116 163 209 236 112 159 
185 232 108 174 201 228 104 0 177 204 100 127 154 180 227 103 130 157 203 249 146 172 199 245 122 149 175 241 138 164 191 218 114 141 167 233 110 156 183 210 236 133 159 225 102 129 155 202 228 105 
151 217 224 101 128 154 201 227 0 170 197 243 120 146 173 219 246 162 189 215 242 138 165 191 218 134 141 168 214 241 117 144 190 107 133 160 186 233 109 136 182 229 125 152 178 205 101 128 155 181 
228 124 151 177 204 100 127 193 220 0 123 169 196 223 119 165 212 238 115 142 188 215 241 157 184 211 107 134 160 207 233 149 176 203 249 126 152 179 225 102 129 175 202 228 105 151 178 244 121 147 
194 220 117 143 170 236 113 139 186 212 0 116 162 208 105 131 158 204 231 108 134 200 227 123 150 177 203 100 126 192 219 246 142 169 100 107 134 200 227 123 150 176 203 249 126 192 219 245 122 168 
215 241 118 184 211 237 134 160 187 233 110 0 203 229 106 152 179 206 232 148 175 221 248 125 151 198 224 101 147 174 201 227 124 150 177 243 120 166 193 219 116 142 169 235 112 138 185 211 238 115 
161 227 104 150 177 203 230 126 153 219 246 122 0 195 222 249 145 172 198 225 121 148 175 201 248 144 190 217 244 140 167 193 220 136 182 209 236 112 159 185 212 128 155 181 228 104 131 177 204 120 
147 193 220 246 143 169 196 112 139 165 212 238 115 0 188 234 131 157 184 211 107 134 160 226 123 149 176 203 249 126 152 218 245 122 168 195 221 118 144 210 237 114 140 187 213 240 117 183 209 106 
152 179 205 232 128 155 182 208 105 131 158 204 231 147 0 200 227 123 150 177 203 119 166 192 219 115 142 169 195 111 138 184 211 238 114 161 187 103 130 157 183 230 106 133 179 206 233 109 156 182 
229 105 132 198 225 121 148 174 201 247 124 190 217 243 120 0 193 220 116 182 209 235 112 158 185 212 238 154 181 227 104 131 138 164 191 107 134 160 207 233 110 136 183 229 126 152 179 225 102 128 
175 241 118 144 171 217 244 120 167 198 115 161 148 175 201 248 0 190 217 244 140 167 193 240 116 182 209 236 112 159 185 212 239 135 162 188 235 111 138 165 211 107 154 180 207 234 130 157 183 249 
146 172 199 245 122 149 175 241 118 164 191 218 114 141 167 233 110 0 183 210 236 133 159 186 232 109 136 162 209 235 112 178 205 231 128 154 181 227 104 150 197 223 100 146 173 200 226 142 169 215 
242 138 165 192 238 134 181 207 234 111 157 184 210 126 133 160 187 233 0 136 163 229 125 152 179 205 102 128 155 221 248 144 171 197 224 120 147 213 200 247 123 150 196 223 249 166 192 219 115 142 
188 215 241 158 184 231 107 134 160 207 233 110 137 183 210 236 133 159 186 0 129 155 202 228 105 132 178 244 121 147 194 220 247 124 170 216 113 139 166 193 239 116 142 208 235 112 158 185 211 108 
134 181 207 234 130 157 184 210 107 153 199 226 103 129 176 202 229 145 172 198 0 121 148 194 221 137 164 190 237 113 140 167 213 109 156 182 209 105 132 159 185 101 128 174 201 228 235 242 118 184 
231 107 134 180 207 234 110 176 203 249 126 153 179 226 102 168 195 222 248 145 171 0 244 141 187 214 240 117 163 190 217 133 159 206 232 109 155 182 209 235 132 158 185 211 108 134 161 227 104 150 
177 223 100 127 153 219 246 142 169 196 242 119 145 211 238 115 161 188 214 241 137 184 0 107 133 180 206 233 109 156 182 209 236 132 159 185 232 148 175 201 228 124 151 177 204 120 147 193 220 246 
143 169 216 112 159 185 212 238 135 161 188 104 131 157 204 230 107 153 180 246 123 150 176 0 249 126 152 219 115 142 168 215 241 118 144 211 237 134 160 187 213 110 136 203 229 106 152 179 205 232 
128 195 221 248 144 171 198 244 121 167 213 240 117 163 190 216 243 139 166 192 239 115 142 169 0 131 158 184 211 107 134 161 207 103 130 177 203 230 126 153 179 246 122 149 195 222 248 125 171 218 
114 161 187 214 240 137 163 190 217 113 140 166 213 239 116 182 209 235 132 158 185 212 108 174 201 0 124 150 177 204 100 146 193 219 246 123 169 196 222 138 165 211 238 115 102 148 175 241 118 144 
191 217 114 140 167 233 110 136 183 209 236 113 159 225 102 128 175 201 228 105 151 243 179 205 232 109 0 182 208 124 171 197 224 101 147 174 200 117 143 170 216 243 119 166 192 219 246 142 169 195 
222 118 145 211 238 114 161 187 214 241 137 183 230 106 133 160 206 233 109 175 222 248 125 152 198 225 101 0 194 221 117 144 170 197 243 120 147 193 220 246 123 169 196 112 139 165 192 238 115 142 
188 104 131 157 204 230 107 134 180 226 123 149 176 222 249 126 152 218 115 141 168 195 241 118 144 210 217 244 0 167 194 220 247 163 190 236 113 139 186 212 239 155 182 208 105 131 158 185 231 127 
174 220 247 123 150 196 223 139 166 192 219 115 142 169 215 131 158 184 211 107 134 161 187 234 110 137 183 210 237 0 160 206 102 129 156 182 229 105 132 198 225 101 148 174 201 247 124 190 217 243 
140 166 193 239 116 182 209 235 132 158 185 212 108 135 161 188 234 111 137 184 210 127 153 180 226 103 129 156 202 249 0 172 198 245 121 148 175 241 118 164 191 217 244 140 167 233 110 136 183 209 
106 132 159 225 102 128 175 201 208 215 242 158 184 211 238 134 161 187 234 130 176 203 230 106 153 179 206 122 149 195 222 0 145 171 198 114 141 167 214 240 117 144 190 236 133 159 186 213 109 136 
182 209 235 132 158 185 231 108 135 201 227 104 150 177 204 230 127 173 219 246 123 149 196 222 249 165 211 238 115 141 188 214 0 157 184 210 107 133 160 206 233 110 136 183 209 236 113 159 186 102 
148 175 201 228 124 151 178 244 120 147 193 220 247 143 170 236 112 139 166 212 239 115 142 208 104 131 158 204 231 107 134 200 227 0 150 176 203 249 126 192 219 245 122 168 195 222 118 164 211 237 
134 160 187 233 110 156 203 229 106 152 179 206 232 148 195 221 248 125 171 198 224 140 167 213 240 117 143 190 216 243 120 166 193 219 0 142 169 235 112 138 185 211 238 115 161 207 104 130 157 203 
230 126 153 219 246 122 149 195 222 249 145 211 238 114 141 187 214 241 117 164 190 217 113 140 167 193 240 136 182 209 236 112 159 185 212 0 155 181 228 104 131 177 204 120 147 173 200 246 123 149 
196 112 139 165 212 238 225 102 148 215 241 118 144 191 217 244 140 187 233 110 136 163 209 236 113 179 205 232 128 155 182 228 105 171 197 224 0 147 174 200 227 143 190 216 243 139 166 192 219 135 
182 208 235 131 158 184 231 127 154 200 227 103 150 176 203 119 146 172 219 245 122 149 195 242 138 165 191 238 114 141 167 234 130 157 183 210 106 0 159 226 102 149 175 202 228 125 151 218 244 121 
167 194 240 117 144 210 236 113 159 186 213 239 136 182 228 105 132 158 205 231 108 174 220 247 124 150 197 223 100 166 193 219 116 142 169 215 242 158 0 192 218 245 121 168 194 111 137 164 210 237 
133 160 186 103 129 156 202 229 105 152 178 245 232 128 155 181 208 104 131 197 224 100 147 173 200 227 123 189 216 242 119 165 192 219 115 161 208 234 111 0 184 211 237 153 180 207 103 130 156 203 
229 145 172 219 245 122 148 195 221 138 164 191 217 114 140 167 213 130 156 183 209 106 132 159 186 102 128 175 201 228 124 151 178 244 120 147 194 220 247 123 0 216 113 139 166 212 239 115 142 208 
105 131 158 204 231 107 154 220 247 123 150 196 223 249 126 192 219 115 142 169 175 182 209 125 152 178 225 101 128 174 201 117 144 170 197 243 120 147 173 239 116 0 189 216 112 139 165 231 108 135 
181 208 104 131 157 223 100 127 173 200 226 123 149 215 242 119 165 192 218 245 141 188 234 111 137 184 210 237 114 180 206 103 129 156 183 229 106 172 198 225 121 148 0 201 248 164 190 217 244 140 
167 213 240 156 182 209 105 132 159 185 232 128 174 201 228 124 151 177 204 120 147 193 220 246 123 169 196 112 139 165 192 238 115 142 188 104 131 157 184 230 107 134 160 0 103 149 176 203 249 126 
172 219 115 142 168 195 241 118 144 211 237 134 160 187 213 110 136 203 229 106 132 179 205 232 128 175 221 248 124 171 197 224 101 167 194 240 117 143 170 216 243 159 186 212 0 135 162 188 235 131 
178 204 101 127 154 200 227 143 170 196 223 119 146 172 199 115 162 188 215 111 138 165 191 107 134 180 207 234 110 157 183 249 126 153 179 226 102 129 175 222 118 145 171 198 244 0 147 214 240 137 
163 210 236 113 140 206 102 129 155 182 228 105 132 198 224 121 147 174 161 207 234 150 177 203 230 126 153 180 226 122 169 195 222 249 145 172 198 115 141 188 214 241 137 164 190 107 0 160 206 233 
129 156 182 249 125 152 198 225 101 148 174 241 117 144 171 217 244 120 147 213 240 136 163 189 236 112 139 205 232 128 155 181 208 104 131 197 224 100 147 173 200 226 123 169 216 242 119 0 192 219 
115 161 208 234 111 157 184 211 237 153 180 226 103 130 156 203 229 145 172 218 245 122 148 195 221 137 164 191 217 114 140 167 213 110 156 183 209 236 132 159 186 102 128 155 201 228 105 151 0 244 
120 167 193 220 247 143 170 236 112 159 185 212 239 135 162 228 104 131 158 204 231 107 134 200 207 234 130 157 183 210 106 153 199 226 102 129 175 202 228 145 171 218 244 121 147 194 221 137 163 0 

0 171 102 223 131 189 228 136 194 232 140 178 236 144 183 241 149 187 245 133 191 249 137 196 104 142 200 238 146 204 242 150 208 247 155 213 101 159 217 105 163 202 110 168 206 114 172 210 118 176 
140 0 172 124 134 212 120 178 236 144 202 110 188 246 154 212 120 178 236 164 222 130 188 246 154 212 120 198 106 164 222 130 188 246 154 231 139 197 105 164 222 130 207 115 173 231 139 197 105 163 
245 173 0 162 220 148 206 114 172 230 138 196 104 182 240 148 206 114 172 230 158 216 124 182 240 148 206 114 192 100 158 216 124 182 240 168 226 134 192 100 158 216 124 201 109 167 226 134 192 100 
232 140 199 0 220 147 205 113 172 230 138 196 104 181 239 147 205 113 171 229 157 215 123 181 239 147 205 113 191 249 157 215 123 181 239 147 225 133 191 249 157 215 123 201 109 167 225 133 191 249 
232 140 198 106 0 127 205 113 171 229 137 195 103 181 239 147 205 113 171 229 137 215 123 181 239 147 205 113 190 248 156 214 123 181 239 147 224 132 190 120 107 165 223 131 189 247 175 233 141 199 
162 220 148 206 114 0 135 193 101 159 217 145 203 111 169 227 135 193 121 179 237 145 203 111 169 227 155 213 121 179 237 145 203 111 189 247 155 213 121 179 237 165 223 131 189 247 155 213 121 199 
162 220 128 206 114 172 0 193 101 159 217 145 203 111 169 227 135 193 101 178 237 145 203 111 169 227 154 212 120 178 236 144 202 110 188 246 154 212 120 178 236 144 222 130 188 246 154 212 120 198 
161 219 127 205 113 171 229 0 100 158 216 144 202 110 168 226 134 192 100 178 236 144 202 110 168 226 134 212 120 178 236 144 202 110 188 246 154 212 120 178 236 144 221 130 188 246 154 212 120 197 
161 219 127 204 112 170 228 136 0 158 216 124 201 109 167 225 133 191 249 177 235 143 201 109 167 225 133 211 119 177 235 143 201 109 187 245 153 211 119 177 235 143 221 129 187 245 153 211 119 177 
239 147 205 113 171 229 137 195 123 0 144 202 110 168 226 134 212 120 178 236 144 202 110 168 246 154 212 120 178 236 144 202 129 188 246 154 212 120 178 105 163 221 129 187 245 153 211 139 197 105 
218 126 184 112 170 228 136 194 102 160 0 201 109 167 225 133 191 249 157 235 143 201 109 167 225 133 211 119 177 235 143 201 109 167 245 153 211 119 177 235 143 201 129 187 245 153 211 119 177 105 
218 126 184 112 170 228 136 194 102 160 218 0 109 167 225 133 191 249 157 235 143 201 109 167 225 133 191 118 176 234 142 200 108 167 244 152 210 118 176 234 142 200 128 186 244 152 210 118 176 234 
217 125 183 111 169 227 135 193 101 159 217 145 0 166 224 132 190 248 156 234 142 200 108 166 224 132 190 118 176 234 142 200 108 166 224 152 210 118 176 234 142 200 128 186 244 152 210 118 176 234 
217 125 183 241 168 226 134 192 100 158 216 144 202 0 223 131 189 247 155 214 141 199 107 165 223 131 189 117 175 233 141 199 107 165 223 151 209 117 175 233 141 199 107 185 243 151 209 117 175 233 
216 124 182 240 148 206 134 192 100 158 216 124 182 240 0 131 189 247 155 213 121 179 107 165 223 131 189 247 155 213 141 199 107 165 223 131 189 116 174 232 140 198 107 165 223 150 208 116 174 232 
215 246 214 122 180 107 165 223 131 189 247 156 214 141 199 0 220 129 187 245 153 230 138 196 104 162 220 128 186 114 172 230 138 196 104 162 240 148 206 114 172 230 138 196 124 182 240 148 206 114 
247 155 213 121 179 237 145 203 131 189 247 155 213 121 179 107 0 128 186 244 152 210 118 176 104 162 220 128 186 244 152 230 138 196 104 162 220 128 186 113 172 230 138 196 104 162 220 147 205 113 
246 154 212 120 178 236 144 202 130 188 246 154 212 120 178 236 164 0 185 243 151 209 117 175 103 161 219 127 185 243 151 209 137 195 103 161 219 127 185 113 171 229 137 195 103 161 219 147 205 113 
226 154 212 120 178 236 144 202 130 188 246 154 212 120 178 236 163 221 0 243 151 209 117 175 102 160 219 127 185 243 151 209 136 194 102 160 218 126 184 112 170 228 136 194 102 160 218 146 204 112 
225 153 211 119 177 235 143 201 109 187 245 153 211 119 177 235 163 221 129 0 150 208 116 174 102 160 218 126 184 242 150 208 136 194 102 160 218 126 184 242 170 228 136 194 102 160 218 145 203 112 
225 133 191 118 176 234 143 201 109 167 225 152 210 118 176 234 142 200 108 186 0 207 115 173 231 139 198 125 183 241 149 207 115 173 231 159 217 125 183 241 149 207 135 193 101 159 217 125 183 241 
224 132 190 248 176 234 142 200 108 166 224 152 210 118 176 234 142 200 108 186 244 0 115 173 231 139 197 125 183 241 149 207 115 173 231 159 217 125 183 241 149 207 134 192 100 158 216 124 182 241 
223 131 189 247 175 233 141 199 107 165 223 131 209 117 175 233 141 199 107 185 243 151 0 231 159 217 125 183 241 149 207 115 193 101 159 217 125 183 241 149 227 135 193 101 159 217 125 203 111 169 
132 210 118 176 234 142 200 108 166 244 152 210 118 176 234 142 219 127 186 244 152 210 118 0 139 217 125 183 241 149 207 115 192 100 158 216 124 182 240 149 226 134 192 100 158 216 124 182 110 168 
131 209 117 175 233 141 199 107 165 243 151 209 117 175 233 141 199 127 185 243 151 209 117 175 0 216 124 182 240 148 206 114 172 100 158 216 124 182 240 148 226 134 192 100 158 216 124 182 110 168 
210 118 176 234 142 200 127 185 244 152 210 118 176 104 162 220 128 186 244 152 230 138 196 104 162 0 183 241 169 227 135 193 101 159 217 145 203 111 169 227 135 193 101 178 236 144 202 110 169 227 
209 117 175 233 142 219 127 185 243 151 209 117 195 103 161 219 127 185 243 151 229 137 195 103 161 219 0 240 168 226 134 192 100 158 216 124 202 110 168 226 134 192 100 178 236 144 202 110 168 226 
209 117 175 233 141 199 107 185 243 151 209 117 175 233 141 219 127 185 243 151 209 117 194 102 160 218 126 0 227 135 193 101 159 236 144 202 110 168 227 135 193 120 178 236 144 202 110 168 246 154 
117 175 233 141 219 127 185 243 151 209 117 175 103 161 219 127 185 243 151 229 137 195 103 161 219 127 185 113 0 134 192 100 158 216 124 202 110 168 226 134 192 100 158 236 144 202 110 168 226 134 
117 175 233 141 219 127 185 243 151 209 117 175 102 160 218 126 184 243 151 209 136 194 102 160 218 126 184 112 170 0 191 249 157 215 123 181 109 167 225 133 191 249 157 235 143 201 109 167 225 133 
116 174 232 140 198 126 184 242 150 208 116 174 102 160 218 126 184 242 150 208 136 194 102 160 218 126 184 242 170 228 0 249 157 215 123 181 109 167 225 133 191 249 157 215 142 200 109 167 225 133 
115 173 231 140 198 125 183 241 149 207 115 173 231 159 217 125 183 241 149 207 135 193 101 159 217 125 183 241 169 227 135 0 156 214 122 180 108 166 224 132 190 248 156 214 142 200 108 166 224 132 
115 173 231 139 197 105 163 221 149 207 115 173 231 139 197 125 183 241 149 207 115 173 231 158 216 124 183 241 149 207 134 192 0 214 122 180 238 146 204 131 189 247 155 213 121 179 107 165 223 131 
114 172 230 138 196 104 162 220 148 206 114 172 230 138 196 124 182 240 148 206 114 172 230 158 216 124 182 240 148 206 114 192 100 0 121 179 237 145 203 131 189 247 155 213 121 179 237 165 223 131 
114 172 230 138 196 104 162 220 147 205 113 172 230 138 196 104 181 239 147 205 113 171 229 157 215 123 181 239 147 205 113 191 249 157 0 178 236 144 202 130 188 246 154 212 120 178 236 164 222 130 
243 171 229 137 195 103 161 219 147 205 113 171 229 137 195 103 181 239 147 205 113 171 229 137 215 154 141 199 127 185 243 151 209 117 175 0 196 124 182 240 148 206 114 172 100 158 216 124 182 240 
223 131 189 247 155 213 141 199 107 165 223 131 189 116 175 233 141 199 107 165 223 150 208 116 174 232 140 198 107 184 242 150 208 116 174 232 0 123 181 239 147 205 113 171 249 157 215 123 181 239 
202 130 188 246 154 212 120 178 106 164 222 130 188 246 154 212 140 198 106 164 222 130 188 116 174 232 140 198 106 164 222 150 208 116 174 232 140 0 161 239 147 205 113 171 229 137 195 123 181 239 
202 130 188 246 154 212 120 178 105 163 221 129 187 245 154 212 139 197 105 163 221 129 187 245 173 231 139 197 105 163 221 149 207 115 173 231 139 197 0 218 146 204 112 170 228 136 194 122 180 238 
201 129 187 245 153 211 119 177 235 163 221 129 187 245 153 211 139 197 105 163 221 129 187 245 173 231 139 197 105 163 221 129 206 114 172 230 138 197 105 0 145 203 111 169 228 136 194 121 179 237 
201 128 186 244 152 210 118 176 234 162 220 128 186 244 152 210 118 196 104 162 220 128 186 244 172 230 138 196 104 162 220 128 206 114 172 230 138 196 104 162 0 203 111 169 227 135 193 101 179 237 
129 187 245 153 211 119 197 105 163 221 129 187 245 153 231 139 197 105 163 221 129 206 114 172 230 138 196 105 163 240 148 206 114 172 230 138 196 124 182 240 148 0 169 227 135 213 121 179 237 145 
108 186 244 152 210 118 176 234 142 220 128 186 244 152 210 118 196 104 162 220 128 186 244 152 230 138 196 104 162 220 128 206 114 172 230 138 196 104 162 240 148 206 0 227 135 193 101 179 237 145 
108 186 244 152 210 118 176 234 142 219 127 185 243 152 210 118 176 103 161 219 127 185 243 151 229 137 195 103 161 219 127 185 113 171 229 137 195 103 161 239 147 205 113 0 134 192 100 158 236 144 
107 165 243 151 209 117 175 233 141 219 127 185 243 151 209 117 175 103 161 219 127 185 243 151 229 137 195 103 161 219 127 185 112 170 228 136 195 103 161 219 146 204 112 170 0 192 100 158 235 143 
107 165 242 150 208 116 174 232 140 218 126 184 242 150 208 116 174 102 160 218 126 184 242 150 208 136 194 102 160 218 126 184 112 170 228 136 194 102 160 218 146 204 112 170 228 0 249 157 235 143 
106 164 222 130 208 116 174 232 140 198 106 164 242 150 208 116 174 232 140 198 125 184 242 150 208 116 174 101 159 217 125 183 241 149 207 135 193 101 159 217 125 183 111 169 227 135 0 235 143 201 
243 151 229 137 195 103 161 219 127 205 113 171 229 137 195 103 161 239 147 205 113 171 229 137 215 123 181 239 147 205 113 171 249 157 215 123 181 239 147 205 133 191 249 157 215 123 181 0 222 130 
211 119 177 235 143 201 129 187 245 153 211 119 177 235 163 221 129 187 245 153 211 119 197 105 163 221 129 187 245 173 231 139 197 105 163 221 129 206 115 173 231 139 197 105 163 240 148 206 0 228 
159 237 145 203 111 169 227 155 213 121 179 237 145 203 131 189 247 155 213 121 179 237 165 223 131 189 247 155 213 121 198 106 164 222 130 188 246 174 232 140 198 106 164 222 130 208 116 174 232 0 

2425 0 28 1887
1928 0 28 1881
1822 1 29 1449
1365 1 29 2398
1560 2 29 1351
2413 2 29 2039
2053 28 29 1516
1960 28 29 1587
1898 29 30 1525
2031 29 30 1657
1933 30 31 1723
2431 30 31 2220
1455 30 31 1246
2262 31 32 2052
2367 31 32 2156
2013 31 32 1802
2165 32 33 1955
2395 32 33 2183
1254 32 33 2288
1407 33 34 2440
2463 33 34 2088
1487 33 34 1278
1461 33 34 2331
2164 34 35 1954
1811 34 35 1602
1622 34 35 1250
1269 34 35 2303
1605 35 36 1396
1252 35 36 2286
2309 35 36 1934
1956 35 36 1746
1767 35 36 1557
1408 36 37 2441
1527 36 37 1318
1665 36 37 1456
1312 36 37 2346
2368 36 37 2157
1314 37 38 2348
1453 37 38 1244
1591 37 38 2461
1730 37 38 1357
1704 37 38 1495
1843 37 38 1633
2198 38 39 1987
2173 38 39 1962
2311 38 39 2100
2450 38 39 2238
1343 38 39 2376
1317 38 39 2351
1673 39 40 1463
1811 39 40 1438
1950 39 40 1576
2088 39 40 1714
2063 39 40 1852
2201 39 40 1990
2392 40 41 2181
1286 40 41 2319
1424 40 41 2457
1563 40 41 1354
1537 40 41 1328
1676 40 41 1466
1814 40 41 1605
1474 41 42 1266
1613 41 42 2482
1587 41 42 1378
2488 41 42 2276
1381 41 42 2415
1520 41 42 2389
1494 41 42 1286
1868 42 43 1495
1843 42 43 1633
1982 42 43 1772
2120 42 43 1910
2259 42 43 1884
2233 42 43 2022
2372 42 43 2161
1265 42 43 2299
1475 43 44 1267
1614 43 44 1241
1588 43 44 1379
1727 43 44 1518
1865 43 44 1656
2004 43 44 1630
2142 43 44 1768
2117 43 44 1907
2327 44 45 2116
2466 44 45 2254
1359 44 45 2392
1498 44 45 1289
1472 44 45 1264
1611 44 45 1402
1749 44 45 1540
1888 44 45 1678
2098 45 46 1888
2236 45 46 2026
2375 45 46 2000
2350 45 46 2138
2488 45 46 2277
1381 45 46 2415
1520 45 46 2389
1494 45 46 1286
1633 45 46 1424
2394 46 47 2182
1287 46 47 2320
1425 46 47 2458
1564 46 47 1355
1538 46 47 1329
1677 46 47 1468
1815 46 47 1606
1954 46 47 1744
2092 46 47 1719
1608 47 48 1399
1746 47 48 1373
1885 47 48 1511
1859 47 48 1649
1998 47 48 1788
2136 47 48 1926
2275 47 48 1900
2413 47 48 2038
2388 47 48 2177
1281 47 48 2315
1641 48 49 1432
1779 48 49 1406
1918 48 49 1544
1892 48 49 1682
2031 48 49 1821
2169 48 49 1959
2308 48 49 1933
2446 48 49 2071
1825 48 49 1452
1374 48 0 2081
1406 49 0 1524

15257

0 650 48
1 895 28
2 786 34
3 361 47
4 611 36
5 957 35
6 734 24
7 510 48
8 544 47
9 357 22
10 292 42
11 917 35
12 852 28
13 688 48
14 623 41
15 557 35
16 591 28
17 421 37
18 356 26
19 290 20
20 975 43
21 910 32
22 844 26
23 878 45
24 813 39
25 747 32
26 682 22
27 617 45
28 551 39
29 486 28
30 421 22
31 355 41
32 389 35
33 495 47
34 430 46
35 463 39
36 398 33
37 332 32
38 267 21
39 952 44
40 886 34
41 821 27
42 756 47
43 691 40
44 724 34
45 659 27
46 593 47
47 528 40
48 463 30
49 397 23
