50 138 5

0 142 118 224 199 175 150 126 232 207 202 198 193 208 203 198 194 189 184 179 175 209 205 200 195 190 186 181 176 211 186 162 177 172 167 163 158 173 168 163 159 154 169 144 159 174 170 165 160 155 
170 0 121 117 242 218 233 208 223 219 214 229 224 219 215 210 205 200 196 230 226 221 216 211 207 202 197 192 188 183 178 173 169 164 159 194 189 184 180 175 170 165 161 156 151 146 142 137 132 127 
123 118 0 239 234 229 224 220 215 230 225 220 216 211 206 202 217 192 207 183 198 193 188 183 159 194 189 184 179 175 170 165 160 195 190 186 181 176 171 167 162 197 192 187 182 178 173 168 163 198 
193 189 184 0 174 170 165 200 195 190 185 181 152 128 123 138 153 128 143 139 134 129 124 139 135 130 125 120 116 111 106 141 136 131 127 122 117 112 108 142 138 133 128 123 119 114 109 144 119 134 
130 125 120 115 0 106 101 246 242 237 232 227 223 107 103 248 243 238 234 229 224 220 215 210 205 201 196 191 186 221 216 212 207 202 197 193 188 203 218 193 208 184 199 194 189 185 180 175 170 166 
161 156 151 186 181 0 172 167 162 158 153 188 183 158 173 149 164 159 154 169 165 160 155 150 146 141 156 171 166 161 157 152 147 142 138 172 168 163 158 153 149 144 139 174 149 164 140 155 150 145 
141 175 171 166 161 156 0 147 142 157 152 148 163 138 153 129 144 159 154 149 144 140 135 130 126 160 155 151 146 141 137 132 127 122 118 113 108 103 249 244 239 124 119 114 110 105 100 245 241 236 
231 226 222 217 212 227 203 0 233 228 223 218 214 209 204 239 234 229 225 220 215 210 206 201 196 191 187 182 177 172 168 202 198 193 188 183 179 174 169 184 199 194 190 185 160 175 171 186 181 176 
191 186 182 177 172 207 182 197 0 168 144 139 134 149 164 160 155 150 145 141 136 151 146 141 137 132 127 122 118 152 148 143 138 133 129 124 119 117 242 198 193 189 184 179 175 209 204 200 195 190 
186 181 176 211 206 201 197 192 187 0 178 212 207 203 198 193 189 184 179 194 189 204 180 195 170 185 181 196 191 186 181 177 172 167 162 197 192 188 183 178 173 169 164 199 194 189 184 180 175 170 
165 161 156 151 146 142 137 132 127 162 0 153 148 143 138 134 129 124 119 115 110 105 100 246 241 126 121 116 111 107 102 247 242 127 103 118 113 108 103 249 244 109 234 230 225 220 216 211 206 241 
236 231 227 222 217 212 208 242 238 233 228 0 219 214 209 244 219 215 210 205 200 196 191 206 201 196 211 187 202 177 173 207 203 198 193 188 184 179 174 209 204 199 195 190 185 180 176 210 206 201 
196 191 187 182 177 212 207 202 198 193 188 183 0 194 209 184 199 194 190 185 180 195 190 186 181 176 171 167 162 157 152 167 143 158 133 148 144 159 154 149 144 140 135 130 126 121 116 111 107 102 
117 112 107 122 118 133 108 123 249 114 109 124 119 0 110 105 100 245 241 125 121 116 111 106 228 203 199 233 229 224 219 214 210 205 200 235 230 225 221 216 211 206 202 217 212 207 202 198 213 188 
203 218 233 228 204 219 194 209 205 220 215 210 205 201 0 191 186 221 216 212 207 202 197 193 188 223 218 213 208 204 199 194 189 204 219 195 210 185 200 196 191 206 201 196 192 187 182 177 173 207 
203 198 193 208 184 199 174 189 184 180 175 151 166 161 156 0 166 162 157 152 147 143 158 133 148 124 119 134 109 124 100 135 130 125 120 116 111 106 101 136 131 127 122 117 112 108 103 138 133 128 
123 119 114 109 104 139 134 130 125 120 115 111 106 141 136 131 0 122 117 112 107 122 118 113 108 103 249 114 239 124 119 114 110 105 100 245 241 125 121 116 111 106 102 247 242 127 122 117 113 108 
103 248 244 128 124 119 114 109 105 100 245 110 105 120 246 111 236 0 247 112 107 102 247 243 238 233 229 113 108 104 249 244 240 235 230 225 221 216 211 206 202 197 192 227 222 217 213 208 203 198 
194 209 184 199 175 190 185 160 175 190 186 181 176 171 167 162 157 192 0 182 178 173 129 124 119 154 149 144 140 135 130 125 121 155 151 146 141 136 132 127 122 157 152 147 143 138 133 128 124 146 
142 117 243 108 233 248 243 108 104 249 244 239 235 230 225 110 105 100 246 0 236 231 227 222 217 212 208 203 198 193 189 223 219 214 209 204 200 195 190 225 220 215 211 206 201 196 192 207 202 197 
212 207 203 198 193 228 223 199 214 189 204 199 195 190 185 180 176 171 166 161 0 172 167 162 158 172 148 163 139 154 149 144 139 135 130 125 120 135 131 126 121 116 112 107 122 137 132 127 123 118 
113 128 104 138 114 109 104 100 245 240 235 120 115 111 106 101 246 242 237 102 117 0 107 103 248 243 238 103 229 224 219 215 210 205 200 235 230 226 221 216 211 207 202 237 232 207 222 218 213 208 
203 199 194 189 184 180 175 170 166 200 195 191 186 181 177 172 167 202 197 192 188 183 0 173 169 184 179 174 169 165 180 155 170 185 180 176 171 166 161 157 152 147 142 138 133 128 123 119 114 149 
144 159 134 130 145 120 135 111 126 121 116 111 107 102 247 112 107 103 248 243 238 234 229 0 109 104 249 245 240 235 230 115 110 106 101 246 222 197 173 208 203 198 193 189 184 179 174 209 204 200 
195 190 185 181 196 211 206 201 196 192 187 182 177 212 207 203 198 193 188 184 179 214 209 204 0 195 190 185 180 176 171 166 161 157 152 147 142 177 153 168 163 158 153 129 144 159 154 149 145 140 
155 150 145 160 175 151 146 141 137 152 127 162 157 152 148 143 138 133 129 124 119 114 110 105 100 0 241 125 121 116 111 106 102 247 242 238 233 228 223 219 214 209 204 239 234 230 225 220 215 211 
206 241 236 231 226 222 217 212 207 242 237 233 228 223 218 214 209 224 239 234 229 225 220 215 210 225 0 216 231 206 202 197 192 227 222 217 213 208 203 198 194 228 224 219 214 209 205 200 195 230 
225 220 216 211 206 201 197 192 187 182 178 173 168 163 159 193 189 184 179 174 170 165 160 195 190 185 181 0 171 166 162 177 172 187 162 177 153 168 163 178 173 169 164 159 155 150 145 140 136 131 
146 141 136 132 127 142 137 152 128 143 118 133 128 124 119 114 109 105 100 245 240 105 101 246 241 236 101 227 0 107 102 247 243 238 194 209 204 219 214 209 205 200 195 190 186 220 216 211 206 201 
216 192 207 222 217 212 208 203 198 193 189 209 184 160 135 150 126 141 136 151 146 142 137 132 127 123 118 153 148 0 138 134 129 124 119 154 149 145 140 135 130 126 121 136 151 126 141 117 132 127 
122 157 152 148 143 138 133 129 124 139 134 129 125 140 115 130 106 140 136 131 126 121 117 112 107 102 248 243 238 234 0 224 239 104 249 245 240 235 230 226 221 106 101 246 241 237 232 227 222 107 
102 248 243 238 233 229 224 109 104 249 244 240 235 230 225 240 216 211 206 202 197 192 187 222 217 213 208 203 198 194 189 0 219 214 209 205 200 195 190 225 181 176 171 167 162 157 152 187 182 178 
173 188 163 178 174 189 184 179 174 170 165 160 155 190 185 181 176 171 166 162 157 192 187 182 177 173 168 163 158 173 188 164 0 154 150 165 140 175 170 165 161 156 151 147 142 176 172 167 162 158 
153 148 143 139 154 129 144 120 135 130 125 140 135 131 126 121 116 112 107 142 137 132 127 123 118 113 108 143 138 134 129 124 119 0 110 145 120 135 111 126 121 116 111 126 122 117 112 107 233 208 
204 238 234 229 224 219 215 210 205 240 235 230 226 221 216 211 207 222 237 212 227 222 198 213 189 223 218 214 209 204 199 195 190 225 0 215 210 206 201 196 192 226 221 217 212 207 203 198 193 228 
223 218 214 209 204 199 195 229 225 220 215 210 206 201 196 211 206 202 197 192 187 202 178 213 208 203 198 194 189 184 179 175 170 165 160 0 151 146 141 176 171 167 162 157 152 148 143 178 173 168 
163 159 154 149 144 179 174 170 165 160 155 151 146 181 176 171 166 162 157 152 147 182 158 153 148 143 158 134 149 164 159 154 150 145 140 135 0 165 161 156 151 146 142 137 132 167 162 157 153 148 
143 138 134 168 164 159 154 149 145 140 135 170 165 160 156 151 146 142 137 152 147 142 138 133 128 123 138 153 149 144 139 134 130 125 120 155 150 0 141 136 131 126 122 156 152 147 122 137 133 128 
123 158 153 148 144 139 134 129 125 120 115 110 106 101 246 241 237 121 117 112 107 102 248 243 238 103 248 244 239 234 229 244 220 105 100 245 240 236 0 226 221 106 101 247 242 237 193 188 184 218 
233 209 224 199 194 209 185 220 215 210 205 201 196 191 187 221 216 212 207 202 198 193 188 140 135 130 126 121 116 111 107 141 137 132 127 122 137 113 128 0 138 133 129 124 119 114 110 164 159 155 
150 145 140 136 131 166 161 156 151 147 142 137 132 147 162 158 153 148 143 139 134 149 144 139 135 130 125 120 116 150 146 141 136 131 127 122 117 152 147 142 0 133 128 123 119 153 149 144 139 115 
130 125 120 175 150 165 141 156 151 146 141 156 152 147 142 137 133 128 123 178 173 168 163 159 154 149 144 179 135 130 125 121 116 111 126 141 136 132 127 122 117 0 108 143 138 133 128 124 119 114 
110 144 120 115 110 106 101 246 241 106 121 247 112 107 102 248 243 108 103 248 244 239 234 229 225 109 105 100 245 240 236 231 226 111 106 101 247 242 237 232 228 112 0 103 248 243 239 234 229 244 
109 104 100 245 240 235 231 246 111 236 101 227 242 237 212 247 242 238 233 228 223 219 214 249 244 239 234 230 225 220 215 100 245 241 236 231 226 222 217 102 227 242 218 0 228 203 218 233 229 224 
239 234 229 225 220 235 230 225 221 216 192 167 162 197 192 188 183 178 173 169 164 179 174 169 165 180 155 170 146 180 176 171 166 161 157 152 147 182 177 172 168 163 158 153 0 183 179 174 169 164 
160 155 150 185 180 175 171 166 161 156 152 186 182 177 172 167 163 158 153 168 163 159 154 149 144 159 135 170 165 160 155 151 146 141 136 171 166 162 157 152 147 143 138 153 168 0 158 154 149 144 
139 174 169 165 160 155 150 146 141 156 151 166 142 157 132 147 142 157 153 148 143 138 134 129 124 159 154 149 145 140 135 130 126 160 156 151 146 141 137 132 127 142 157 133 148 123 0 134 129 144 
159 154 149 145 140 135 130 145 141 136 131 146 122 137 112 147 142 137 133 128 123 118 114 148 144 139 134 129 125 120 115 130 145 140 136 131 126 121 117 132 127 122 137 113 108 103 248 0 128 124 
119 134 129 124 120 135 130 125 120 116 111 106 101 136 131 127 122 117 112 108 103 138 133 128 123 119 114 109 104 119 134 110 125 120 115 111 106 121 116 111 107 102 247 242 238 122 118 113 0 103 
249 114 109 124 119 114 110 105 230 226 221 236 231 227 222 217 232 208 203 238 233 228 223 219 214 209 204 239 234 230 225 220 215 211 206 241 216 231 226 222 217 212 207 222 218 213 208 203 199 0 

0 172 135 118 157 195 234 122 161 199 238 146 185 223 112 170 189 247 135 174 212 121 159 198 236 125 163 222 110 149 187 226 114 153 191 249 138 177 215 104 142 200 219 127 166 204 243 151 190 228 
113 0 138 121 180 238 146 185 243 131 190 228 136 175 233 141 180 218 127 165 224 112 170 209 117 175 214 102 161 199 107 166 204 243 151 209 248 156 195 233 141 200 238 127 185 243 132 190 228 117 
100 103 0 125 163 221 110 168 207 115 153 212 100 158 197 105 144 202 241 149 187 246 134 192 231 139 178 236 124 183 221 129 168 226 115 173 212 120 178 217 105 163 202 110 149 207 245 154 212 100 
135 193 232 0 174 213 101 160 218 107 165 203 112 150 208 247 135 194 102 140 199 237 145 184 242 131 189 227 136 174 233 121 179 218 126 165 223 111 170 208 116 155 213 102 160 198 107 145 204 242 
127 185 223 132 0 205 113 151 210 248 156 195 103 142 200 238 147 185 243 132 190 249 137 176 234 122 181 168 226 115 173 211 120 158 216 105 163 202 110 148 207 245 153 192 100 139 197 236 144 182 
237 125 164 222 130 0 203 111 150 188 247 155 193 232 140 179 237 145 184 222 131 189 227 136 174 213 121 179 218 126 164 223 111 169 208 246 155 213 101 160 198 107 145 203 242 150 189 247 135 194 
228 117 175 213 122 160 0 103 141 200 238 146 185 243 132 190 229 137 175 234 122 180 219 127 166 224 112 171 209 117 156 214 103 161 200 108 146 205 243 151 210 248 137 195 233 142 200 238 127 185 
220 128 166 225 113 172 210 0 133 191 100 138 196 235 143 182 240 128 187 225 133 172 230 119 177 216 124 162 221 143 201 109 148 206 244 153 191 249 138 196 104 143 181 240 128 186 225 133 172 230 
115 173 211 120 158 216 105 163 0 236 144 183 241 130 188 226 135 173 231 120 178 217 125 164 222 110 169 207 115 154 212 101 159 197 106 144 202 241 149 188 246 135 193 231 140 178 236 125 183 222 
165 224 112 170 209 117 156 214 102 0 195 234 142 180 239 127 185 224 132 171 229 118 176 214 123 161 219 108 166 205 113 151 210 248 156 195 103 142 200 239 147 185 244 132 190 229 137 176 234 122 
177 215 123 162 220 109 167 205 114 152 0 225 134 192 230 139 177 216 124 182 221 109 167 226 114 172 211 249 158 216 105 163 201 110 148 206 245 153 192 100 138 197 235 143 182 240 129 187 225 134 
168 207 115 154 212 120 159 197 105 164 202 0 125 183 222 130 169 227 115 174 212 120 159 217 106 164 203 111 149 208 246 154 213 101 140 198 236 145 183 241 130 188 247 135 174 232 120 179 237 125 
160 218 107 165 203 112 150 208 247 155 194 102 0 175 233 122 180 219 127 165 224 112 170 209 117 156 214 102 161 199 107 146 204 243 151 190 248 136 195 233 141 180 238 127 185 223 132 170 228 117 
151 210 118 156 215 103 142 200 108 147 205 244 152 0 225 133 172 210 118 157 215 123 162 200 109 167 205 114 152 191 249 157 196 234 143 201 239 148 186 225 133 191 230 138 176 235 123 182 220 128 
163 201 110 148 206 245 153 192 100 138 197 105 143 182 0 125 163 221 110 168 207 115 154 212 100 159 197 105 144 202 241 149 187 246 134 192 231 139 178 236 125 183 221 130 188 226 115 173 212 120 
154 213 101 159 198 106 145 203 241 150 188 247 135 193 232 0 175 213 121 160 218 107 165 203 112 150 208 247 155 194 102 141 199 237 146 184 242 131 189 228 136 174 233 121 179 218 126 165 223 111 
166 204 243 151 209 248 156 195 233 141 200 238 127 185 243 132 0 224 113 151 210 248 156 195 103 142 200 108 147 185 244 132 190 249 137 176 234 142 181 239 127 166 224 132 171 210 118 176 215 123 
157 196 104 143 201 239 148 186 244 133 191 230 138 176 235 123 182 0 105 163 201 110 148 206 245 153 192 100 138 197 235 143 182 240 129 187 226 134 172 231 119 220 129 187 225 134 172 230 119 177 
212 120 158 217 105 163 202 110 149 207 245 154 192 101 139 197 236 144 0 217 125 164 222 111 149 207 116 154 212 101 159 198 106 144 203 241 150 188 246 135 193 232 140 178 237 125 183 222 130 169 
203 111 170 208 247 155 213 102 140 199 237 145 204 242 131 189 247 136 194 0 117 155 214 102 160 199 107 146 204 112 151 189 248 136 194 103 141 180 238 146 185 223 131 170 228 136 175 214 122 180 
215 103 161 200 108 147 205 243 152 190 248 137 195 234 142 180 239 127 186 224 0 167 205 114 152 210 249 157 196 104 142 201 239 147 186 244 133 191 230 138 176 235 123 181 220 128 167 225 113 172 
206 114 153 191 100 158 196 105 143 201 240 148 187 245 134 192 230 139 177 235 124 0 217 105 163 202 240 149 207 245 154 192 101 139 197 236 124 183 241 129 188 226 134 173 231 120 178 216 125 163 
198 106 145 203 241 150 188 246 155 193 232 140 178 237 145 183 222 130 188 227 115 174 0 156 214 103 161 199 108 146 205 243 151 190 248 137 195 233 142 180 238 127 185 224 132 170 229 117 176 214 
249 157 195 104 162 200 239 147 205 244 152 191 229 137 196 234 142 181 239 128 186 225 113 0 206 244 153 211 249 138 196 104 143 181 240 128 186 245 133 172 230 138 177 235 124 162 220 129 167 225 
110 148 207 245 153 192 100 139 197 235 144 182 241 129 187 226 134 192 231 119 178 216 124 163 0 106 144 202 241 149 188 246 135 193 231 140 178 236 125 183 222 130 168 227 115 173 212 120 159 217 
161 199 107 146 204 243 151 209 248 136 195 233 141 200 238 127 185 243 132 190 228 117 175 233 122 0 195 103 142 200 108 147 185 244 132 190 229 137 176 234 142 181 219 127 166 224 132 171 210 118 
152 210 249 157 196 104 143 201 239 148 186 244 133 191 230 138 176 235 123 181 220 128 167 225 114 172 0 245 153 192 100 138 197 235 143 182 240 129 187 225 134 172 231 119 177 216 124 163 221 109 
164 202 110 149 187 246 154 192 101 139 197 236 144 183 221 130 188 226 135 173 231 120 178 217 125 163 222 0 204 242 151 189 247 136 194 233 141 179 238 126 185 223 131 170 228 117 175 213 122 180 
214 103 161 101 159 217 106 164 203 111 149 208 116 154 193 101 140 198 106 145 183 241 150 188 246 135 173 232 0 155 213 102 160 198 107 165 203 242 150 189 247 135 194 232 140 199 237 126 184 223 
127 165 224 112 170 209 117 156 214 102 161 199 107 146 204 243 151 189 248 136 195 233 141 180 238 127 185 223 132 0 205 113 151 210 248 156 195 103 142 200 238 147 185 244 132 190 229 137 176 234 
118 177 215 104 162 220 109 167 205 244 152 210 249 157 196 104 143 201 239 148 186 244 133 191 230 138 176 235 123 181 0 104 143 201 109 148 187 245 153 192 100 138 177 235 143 182 240 129 187 225 
110 168 207 115 153 212 100 159 197 105 144 202 241 149 207 246 134 192 231 139 178 236 124 183 241 130 168 226 115 173 231 0 154 193 101 140 198 236 145 183 241 130 188 227 135 174 232 140 179 217 
121 160 218 107 165 203 112 150 208 247 155 194 102 140 199 237 145 184 242 131 189 228 136 174 233 121 179 218 126 165 223 111 0 204 243 151 189 248 136 195 233 141 180 238 127 185 223 132 170 228 
113 151 210 118 156 195 103 161 200 108 147 185 244 152 190 229 137 195 234 142 181 219 127 186 224 132 171 229 118 176 215 123 161 0 234 143 201 239 128 186 244 133 191 230 118 176 235 123 162 220 
104 163 201 110 148 206 245 153 192 100 138 197 235 143 182 240 129 187 225 134 172 230 119 177 216 124 182 221 109 168 206 114 153 211 0 134 192 231 139 178 236 124 183 221 130 168 226 115 173 212 
116 154 213 101 140 198 106 145 203 241 150 188 246 135 193 232 140 179 237 125 184 222 130 169 227 116 174 212 121 159 217 106 164 203 111 0 184 223 131 189 228 136 174 233 121 179 218 126 165 223 
107 146 204 243 151 189 248 136 195 103 141 180 238 127 185 243 132 170 228 137 175 233 122 160 219 127 166 204 112 171 209 117 156 194 103 161 0 234 122 181 219 127 186 224 113 171 209 118 176 215 
249 157 196 104 143 201 239 148 186 244 133 191 230 138 176 235 123 181 220 128 167 225 114 172 210 119 157 215 104 162 201 109 147 206 244 152 191 0 134 172 230 119 177 216 124 163 221 109 168 206 
241 149 207 246 154 192 231 139 197 236 144 183 241 130 188 117 195 234 142 180 239 127 185 224 132 171 229 118 176 214 123 161 219 108 166 205 113 151 0 244 133 191 229 138 176 234 123 181 220 128 
163 201 109 168 206 245 153 191 100 158 196 235 143 201 240 148 187 225 134 192 230 119 177 235 124 182 221 109 167 226 114 172 211 119 158 216 104 143 201 0 124 183 241 129 168 226 134 173 211 120 
154 212 101 159 198 106 144 203 241 149 188 246 135 193 232 140 178 237 125 183 222 130 169 227 115 174 212 120 159 217 106 164 222 111 149 208 246 154 193 101 0 174 232 121 179 218 126 164 223 111 
205 113 152 210 248 157 195 103 142 200 239 147 205 244 132 191 229 137 176 234 123 181 239 128 166 224 113 171 230 118 157 215 123 162 220 108 147 205 113 152 190 0 133 172 230 138 177 215 124 162 
216 105 163 202 110 148 207 245 153 192 100 139 197 235 144 182 240 129 187 226 134 173 231 119 178 216 124 163 221 110 168 206 115 153 211 100 158 197 105 144 202 240 0 183 222 130 168 227 115 173 
208 116 155 193 101 160 198 106 145 183 242 150 189 227 135 194 232 140 179 217 126 184 222 131 169 227 116 174 213 101 159 218 106 165 203 111 150 208 247 155 193 102 140 0 233 121 160 218 126 165 
199 108 146 204 243 151 190 248 137 195 233 142 180 238 127 185 224 132 170 229 117 175 214 122 180 219 108 166 204 113 151 209 248 156 214 103 141 200 238 146 205 243 132 190 0 113 171 210 118 157 
211 249 138 196 104 143 201 240 148 186 245 133 191 230 138 177 235 124 182 220 129 167 225 114 172 211 119 157 216 104 162 201 109 148 206 244 153 191 100 138 196 235 143 182 240 0 163 221 110 168 
202 241 149 188 246 134 193 101 139 178 236 125 183 241 130 168 227 135 173 232 120 159 217 125 164 202 110 169 207 116 154 193 101 159 198 106 144 203 241 149 188 226 135 193 231 140 0 213 101 159 
194 102 141 199 238 146 184 243 131 189 228 136 175 233 121 180 218 126 165 223 112 170 209 117 155 214 102 160 199 107 146 204 242 151 189 247 156 194 233 141 180 238 126 185 223 131 190 0 113 151 
134 173 231 139 178 216 125 163 221 130 168 207 115 173 212 100 158 197 105 163 202 241 149 207 246 154 192 231 139 197 236 144 183 241 129 188 226 115 173 231 120 178 217 125 163 222 110 168 0 241 
224 113 171 230 118 176 215 103 162 220 108 167 205 113 152 210 249 137 195 104 142 201 239 147 186 244 133 191 229 138 176 234 123 181 220 128 186 225 133 171 210 118 177 215 123 162 220 109 167 0 

1389 1 26 1824
2161 26 27 1787
1918 27 28 1273
2059 28 29 1900
2431 28 29 1780
1796 29 30 2226
1511 29 30 2107
1628 30 31 2222
1870 30 31 2136
1771 30 31 2364
2226 31 32 1577
1443 31 32 1291
1453 31 32 2212
2421 32 33 2096
1413 32 33 2172
2378 32 33 1467
2225 33 34 1413
2229 33 34 1580
1351 33 34 1786
2220 33 34 1571
1994 34 35 2161
1743 34 35 1262
2019 34 35 2284
1339 34 35 1774
2123 35 36 1963
2299 35 36 2300
2147 35 36 1726
1697 35 36 2095
1347 35 36 2107
1333 36 37 1247
1607 36 37 2365
1290 36 37 2051
2387 36 37 1703
1272 36 37 1609
1466 37 38 1313
2399 37 38 2268
1357 37 38 2117
2027 37 38 2292
1546 37 38 1816
1986 37 38 1665
2391 38 39 1805
2040 38 39 1393
2183 38 39 1372
2227 38 39 1741
1811 38 39 1492
1560 38 39 1406
2356 39 40 1543
2468 39 40 2142
1887 39 40 2316
1406 39 40 2329
1418 39 40 2341
1660 39 40 2315
1399 40 41 1833
2497 40 41 1845
1522 40 41 1369
1699 40 41 2130
2139 40 41 2142
2151 40 41 1503
1670 40 41 2101
1501 41 42 2097
1613 41 42 1621
2412 41 42 1598
1437 41 42 1871
2107 41 42 2175
1328 41 42 1340
2350 41 42 2025
1798 42 43 2391
2074 42 43 1264
1823 42 43 1829
1965 42 43 1319
2406 42 43 1429
1661 42 43 2255
1772 42 43 2365
1291 42 43 1726
1304 43 44 1316
1481 43 44 1752
1887 43 44 1632
2195 43 44 1384
1416 43 44 1850
1528 43 44 1961
1803 43 44 2396
2473 43 44 2049
2259 44 45 1447
2041 44 45 1720
1657 44 45 1665
1669 44 45 1677
2438 44 45 1787
1266 44 45 1864
1870 44 45 2300
1355 44 45 1366
1436 45 46 1870
2205 45 46 1719
1888 45 46 1569
1572 45 46 1418
2077 45 46 1267
1695 45 46 2289
1806 45 46 1813
2476 45 46 2313
1831 45 46 2098
1372 46 47 1807
1812 46 47 2242
1331 46 47 1603
2396 46 47 1908
2473 46 47 1659
1992 46 47 2257
1511 46 47 1944
1917 46 47 2346
2357 46 47 1707
2224 47 48 1412
2335 47 48 1522
2446 47 48 1795
2031 47 48 2035
1351 47 48 2437
1922 47 48 1276
2362 47 48 1712
1388 47 48 2310
2387 47 48 2387
1741 47 48 1975
1270 48 49 1869
2368 48 49 2206
1558 48 49 1991
2163 48 49 1352
2175 48 49 1364
1694 48 49 1539
1405 48 49 2164
2075 48 49 1916
1494 48 49 2253
1935 48 49 1451
1470 49 1 2066
2482 49 1 2318
1703 49 1 2297
2143 49 1 1983
1991 49 1 1670
2255 49 1 1443
1675 49 1 2431
1358 49 1 1724
1400 49 1 2159
1412 49 1 2171

14414

0 731 40
1 700 44
2 332 45
3 344 20
4 358 30
5 389 47
6 680 27
7 320 40
8 809 29
9 464 20
10 795 38
11 928 30
12 311 29
13 286 22
14 676 49
15 908 37
16 548 35
17 354 46
18 843 27
19 325 39
20 813 48
21 354 23
22 942 21
23 779 22
24 419 42
25 256 47
26 745 37
27 483 30
28 873 42
29 256 29
30 548 45
31 483 30
32 753 46
33 524 47
34 263 44
35 653 38
36 983 49
37 820 35
38 460 25
39 752 40
40 391 41
41 426 49
42 816 35
43 495 24
44 530 40
45 465 23
46 303 21
47 890 40
48 431 42
49 821 31
